ID 22035
1124663 278428.4
1121377 273630.6
1120278 270190.9
1120400 269281.1
1126577 235396.8
1127073 234097.1
1127199 233899.7
1127443 233514.7
1127558 233334
1127749 233155.5
1128613 232349.9
1128815 232161.4
1131747 231114.8
1132351 229568.7
1097912 226417.8
1099024 231324.7
1101790 233722.9
1102797 236404.4
1106012 246933.9
1107959 259102.2
1108514 262343.6
1112281 272095.0
1115415 278427.2
1124663 278428.4
ID 22123
1115415 278427.2
1112281 272095.0
1108514 262343.6
1107959 259102.2
1106012 246933.9
1102797 236404.4
1101790 233722.9
1099024 231324.7
1088540 231277.4
1084746 239248.4
1080896 240633.7
1084713 250023.3
1098833 276050.7
1099456 278370.5
1115415 278427.2
ID 22067
1097155 278364.5
1099456 278370.5
1098833 276050.7
1084713 250023.3
1080896 240633.7
1080991 240202.7
1080028 237586.2
1078675 235334.6
1077716 234381.3
1071842 231750.6
1065439 229858.0
1058701 225498.5
1055153 222558.2
1040762 246566.4
1041193 246889.1
1041973 248348.7
1041899 254224
1038857 263812.6
1040269 278191.2
1097155 278364.5
ID 22111
1040269 278191.2
1038857 263812.6
1041899 254224
1041973 248348.7
1041193 246889.1
1040762 246566.4
1038751 243590.5
1026037 232168.9
1025013 231559.5
1022407 230877.9
1007974 230944.5
1007968 240615.9
993661.2 249117.8
990637.7 249916
986603 250524.6
978874.6 250558.6
978975 278819.3
1040269 278191.2
ID 22027
954333 279227.3
978975 278819.3
978874.6 250558.6
964248 231245.6
936284 231370.5
936709.6 236790.9
935632.6 245995.6
930869.4 245970.9
930982.5 279436.5
954333 279227.3
ID 22119
907444.1 279674.2
930982.5 279436.5
930869.4 245970.9
935632.6 245995.6
936709.6 236790.9
936284 231370.5
939159.9 219683.7
939173.2 216965.9
930706.5 212017.7
917908.7 212121.8
911465.8 212206.5
911053.4 221917.9
911472.7 251103.1
910915.8 263166.4
908376.1 265990
905255.8 270905.1
903614.6 274059.7
903664 275736.5
904599 279719.9
907444.1 279674.2
ID 22015
904599 279719.9
903664 275736.5
903614.6 274059.7
905255.8 270905.1
908376.1 265990
910915.8 263166.4
911472.7 251103.1
911053.4 221917.9
911465.8 212206.5
917908.7 212121.8
912529.8 192843.4
908468.3 193021.8
900544.2 204014.4
890292.1 209917.3
886699 222246.3
879797 246008.5
879014.6 251227.3
875964.5 278850.9
876115.1 279292.8
877168.4 280099.3
878067.2 280085.7
904599 279719.9
ID 22017
877168.4 280099.3
876115.1 279292.8
875964.5 278850.9
879014.6 251227.3
879797 246008.5
886699 222246.3
890292.1 209917.3
900544.2 204014.4
908468.3 193021.8
894949 193188.6
894995 196810.0
894167.8 198208.0
892053 200615.7
890152.3 202101.4
882553 204902.5
880919 205313.5
879130.2 204986.8
877730.5 204201.5
877198.4 203798.1
872326.2 198483.7
871989.2 196850.4
872158.6 196179.3
871806 195232.7
868405.4 192354.1
863193 188913.0
854559.5 189080.7
854842.9 210843
855294.6 244191
855615.8 265031.2
855826.9 280363.8
877168.4 280099.3
ID 22061
978874.6 250558.6
986603 250524.6
990637.7 249916
993661.2 249117.8
1007968 240615.9
1007974 230944.5
1007955 221257.1
988503.6 221342.1
988563 216548.9
973937.6 216626.3
964248 231245.6
978874.6 250558.6
ID 22073
1040762 246566.4
1055153 222558.2
1043860 197128.3
1017724 197090.7
1017718 201893.5
1008474 211028.2
1007956 212375.4
1007955 221257.1
1007974 230944.5
1022407 230877.9
1025013 231559.5
1026037 232168.9
1038751 243590.5
1040762 246566.4
ID 22083
1099024 231324.7
1097912 226417.8
1096257 211763.9
1081610 211541.4
1078042 209652.5
1069494 200335.3
1064891 190792.2
1057095 183275.7
1043860 197128.3
1055153 222558.2
1058701 225498.5
1065439 229858.0
1071842 231750.6
1077716 234381.3
1078675 235334.6
1080028 237586.2
1080991 240202.7
1080896 240633.7
1084746 239248.4
1088540 231277.4
1099024 231324.7
ID 22065
1132351 229568.7
1129989 222599.4
1130073 220837.9
1130079 220715.4
1130313 220302.2
1130672 219668.4
1130772 219493.3
1140734 208104
1140785 192136.4
1129828 191187.9
1129853 191324.7
1129916 193727.9
1128736 194770.8
1128202 194800.4
1123921 194255.5
1113344 191305.6
1111671 190217.9
1111176 189365.5
1094962 189301.0
1096257 211763.9
1097912 226417.8
1132351 229568.7
ID 22013
964248 231245.6
973937.6 216626.3
970317.9 182644.4
958625.4 182799.7
935077.3 182975.3
912529.8 192843.4
917908.7 212121.8
930706.5 212017.7
939173.2 216965.9
939159.9 219683.7
936284 231370.5
964248 231245.6
ID 22049
973937.6 216626.3
988563 216548.9
988503.6 221342.1
1007955 221257.1
1007956 212375.4
1008474 211028.2
1017718 201893.5
1017724 197090.7
1017715 182529.8
970317.9 182644.4
973937.6 216626.3
ID 22041
1094962 189301.0
1087441 153664
1085375 160026.7
1080693 162444.6
1080509 161526.2
1078693 158743.7
1075121 155086.7
1072636 153437.2
1068092 152353.2
1066751 154177.8
1064623 157730.7
1061382 161256.3
1059062 162839.6
1057683 163312.0
1056511 165894
1054563 173808.8
1059636 176637.8
1059518 179500.6
1059057 180449.4
1057095 183275.7
1064891 190792.2
1069494 200335.3
1078042 209652.5
1081610 211541.4
1096257 211763.9
1094962 189301.0
ID 22031
894949 193188.6
901065.2 188276.3
904263.4 176290.3
909925.1 166889.4
910900 165641.5
919190.5 159115.4
910925.4 149539.3
869561 149877.2
856768.9 165080.5
854559.5 189080.7
863193 188913.0
868405.4 192354.1
871806 195232.7
872158.6 196179.3
871989.2 196850.4
872326.2 198483.7
877198.4 203798.1
877730.5 204201.5
879130.2 204986.8
880919 205313.5
882553 204902.5
890152.3 202101.4
892053 200615.7
894167.8 198208.0
894995 196810.0
894949 193188.6
ID 22107
1094962 189301.0
1111176 189365.5
1111671 190217.9
1113344 191305.6
1123921 194255.5
1128202 194800.4
1128736 194770.8
1129916 193727.9
1129853 191324.7
1129828 191187.9
1138951 179842.5
1118446 152565.8
1107118 138809
1106092 137192.5
1090448 139231.7
1087441 153664
1094962 189301.0
ID 22021
1017724 197090.7
1043860 197128.3
1057095 183275.7
1059057 180449.4
1059518 179500.6
1059636 176637.8
1054563 173808.8
1056511 165894
1057683 163312.0
1046766 158358.0
1017718 158276.1
1017715 182529.8
1017724 197090.7
ID 22081
908468.3 193021.8
912529.8 192843.4
935077.3 182975.3
936170.4 181855.4
938361.2 178361.0
939941.3 172705.0
939948.3 172207.0
939216.7 165819.5
930055.7 155853.7
926080.2 154228.4
922267.1 154330.7
919553.8 155400.5
919190.5 159115.4
910900 165641.5
909925.1 166889.4
904263.4 176290.3
901065.2 188276.3
894949 193188.6
908468.3 193021.8
ID 22127
970317.9 182644.4
1017715 182529.8
1017718 158276.1
1013009 143773.2
988710.4 143827.4
988642 138618.5
988138.4 134117.8
955117.7 134137.2
961656.6 151985.9
963633.8 159673
963872.1 161011.6
963520.1 169239.8
961791 176465.5
958625.4 182799.7
970317.9 182644.4
ID 22069
935077.3 182975.3
958625.4 182799.7
961791 176465.5
963520.1 169239.8
963872.1 161011.6
963633.8 159673
961656.6 151985.9
955117.7 134137.2
979201.3 112847.2
954187.1 93974.48
929971 96091.05
930049 115364.2
920477.9 115408.1
920485.1 134938.7
910744.8 135042.6
910925.4 149539.3
919190.5 159115.4
919553.8 155400.5
922267.1 154330.7
926080.2 154228.4
930055.7 155853.7
939216.7 165819.5
939948.3 172207.0
939941.3 172705.0
938361.2 178361.0
936170.4 181855.4
935077.3 182975.3
ID 22025
1046766 158358.0
1057683 163312.0
1059062 162839.6
1061382 161256.3
1064623 157730.7
1066751 154177.8
1068092 152353.2
1072636 153437.2
1075121 155086.7
1078693 158743.7
1080509 161526.2
1080693 162444.6
1085375 160026.7
1087441 153664
1090448 139231.7
1077318 138127.2
1076516 137469.2
1065829 125641.7
1065174 124594.0
1061078 110449.9
1060427 107301.7
1060223 90490.31
1060504 89484.78
1063400 85164.46
1058194 87936.56
1056273 88498.68
1054567 88272.31
1053442 87184.64
1052707 85511.55
1053578 83224.5
1054637 81851.02
1054916 81102.66
1053067 80080.05
1048535 80523.2
1048129 81003.7
1046695 87954.06
1046814 91667.62
1046766 158358.0
ID 22059
1017718 158276.1
1046766 158358.0
1046814 91667.62
1039330 92698.19
1028873 108463.2
1024794 109830.0
1020636 114710.2
1016388 121053.7
1013585 129738.5
1013009 143773.2
1017718 158276.1
ID 22085
869561 149877.2
910925.4 149539.3
910744.8 135042.6
920485.1 134938.7
920477.9 115408.1
930049 115364.2
929971 96091.05
915283 96161.36
901341.8 86123.06
900138.7 82735.7
899443 76706.97
899664.7 76502.01
895181.1 75507.1
894421.9 81239.97
893864.7 84908.42
891480.5 97315.7
883178.1 110199.2
873307.5 121214.2
869561 149877.2
ID 22043
955117.7 134137.2
988138.4 134117.8
988642 138618.5
988710.4 143827.4
1013009 143773.2
1013585 129738.5
1016388 121053.7
1020636 114710.2
1024794 109830.0
1028873 108463.2
1018681 106311.0
987451 98740.3
984911 98477.6
982060.2 99575.03
981424.1 100060.9
980348.1 105819.3
979201.3 112847.2
955117.7 134137.2
ID 22029
1090448 139231.7
1106092 137192.5
1104504 134693.3
1104457 134619.3
1093462 114725.2
1093230 114293.4
1092846 113582.6
1092798 113493.7
1088145 84785.66
1085414 72927.37
1082429 55702.92
1080012 52462.52
1080391 55126.86
1074097 60611.41
1074865 62251.04
1075381 63853.18
1078415 76586.44
1077364 77913.11
1075642 78882.15
1075170 78778.81
1071978 79334.28
1067521 80714.72
1065428 82146.6
1063400 85164.46
1060504 89484.78
1060223 90490.31
1060427 107301.7
1061078 110449.9
1065174 124594.0
1065829 125641.7
1076516 137469.2
1077318 138127.2
1090448 139231.7
ID 22079
979201.3 112847.2
980348.1 105819.3
981424.1 100060.9
982060.2 99575.03
984911 98477.6
987451 98740.3
1018681 106311.0
1028873 108463.2
1039330 92698.19
1033135 89099.02
1027330 92072.67
1026931 92176.84
1026246 91938.58
1025391 91214
1025345 70046.59
1027090 54511.29
1020949 51587.91
1011429 55577.7
990654.6 43922.87
969052.5 43288.53
968709.2 56725.32
968600.7 83458.3
963853.5 90690.73
962248.4 91495.65
954187.1 93974.48
979201.3 112847.2
ID 22009
1039330 92698.19
1046814 91667.62
1046695 87954.06
1048129 81003.7
1048535 80523.2
1053067 80080.05
1054916 81102.66
1054637 81851.02
1053578 83224.5
1052707 85511.55
1053442 87184.64
1054567 88272.31
1056273 88498.68
1058194 87936.56
1063400 85164.46
1065428 82146.6
1067521 80714.72
1071978 79334.28
1075170 78778.81
1075642 78882.15
1077364 77913.11
1078415 76586.44
1075381 63853.18
1074865 62251.04
1074097 60611.41
1071605 57773.17
1065504 38805.21
1027483 38690.13
1020949 51587.91
1027090 54511.29
1025345 70046.59
1025391 91214
1026246 91938.58
1026931 92176.84
1027330 92072.67
1033135 89099.02
1039330 92698.19
ID 22115
929971 96091.05
954187.1 93974.48
962248.4 91495.65
963853.5 90690.73
968600.7 83458.3
968709.2 56725.32
969052.5 43288.53
954244.3 42033.1
939400.7 42593.03
911917 42856.71
898747.5 41389.13
899664.7 76502.01
899443 76706.97
900138.7 82735.7
901341.8 86123.06
915283 96161.36
929971 96091.05
ID 22117
1254412 58795.04
1264699 59079.8
1264699 59079.8
1264700 59069.36
1264765 55625.63
1263346 49798.98
1262274 47719.72
1261710 47659.91
1260902 47574.26
1260670 47375.54
1259225 42218.98
1257492 35174.3
1256067 29393.08
1254687 21533.53
1214983 25755.45
1215031 27723.52
1208739 44410.6
1205852 46997.74
1205593 57521.35
1213964 57724.12
1254412 58795.04
ID 22105
1186451 57088.27
1205593 57521.35
1205852 46997.74
1208739 44410.6
1215031 27723.52
1214983 25755.45
1217328 -28299.99
1214000 -27684.19
1201970 -21823.83
1200198 -21342.71
1199039 -20756.42
1197932 -19782.63
1194803 -16307.17
1187729 -5715.633
1185632 193.8802
1185284 18287.33
1184590 57055.97
1186451 57088.27
ID 22091
1184590 57055.97
1185284 18287.33
1152356 17681.44
1158148 25522.31
1158436 33618.55
1158211 39833.72
1156678 49505.42
1159873 56603.27
1184590 57055.97
ID 22125
1082429 55702.93
1126431 56116.74
1124756 48500.3
1121457 35829.76
1117349 29364.23
1116298 28108.92
1114739 23810.39
1114404 20166.72
1114558 17598.27
1112068 18199.06
1109427 26228.22
1107714 29024.22
1107184 29250.14
1091942 32698.71
1081607 38567.86
1081069 38906.04
1080390 39583.99
1080173 40229.08
1080012 52462.52
1082429 55702.93
ID 22125
1074097 60611.42
1080391 55126.85
1071605 57773.17
1074097 60611.42
ID 22037
1137509 56234.78
1159873 56603.27
1156678 49505.42
1158211 39833.72
1158436 33618.55
1158148 25522.31
1119340 23425.13
1118347 22700.32
1115262 17221.73
1114558 17598.27
1114404 20166.72
1114739 23810.38
1116298 28108.92
1117349 29364.23
1121457 35829.76
1124756 48500.3
1126431 56116.75
1137509 56234.78
ID 22077
1071605 57773.17
1080391 55126.86
1080012 52462.52
1080173 40229.08
1080390 39583.99
1081069 38906.04
1081607 38567.86
1091942 32698.70
1107184 29250.15
1107714 29024.22
1109427 26228.22
1112068 18199.06
1097453 138.9815
1076728 -1.767908
1071421 -5.720545
1072617 4039.181
1073658 19085.94
1073395 22813.51
1070313 31281.70
1066866 37639.59
1065504 38805.21
1071605 57773.17
ID 22039
990654.6 43922.87
1011429 55577.7
1020949 51587.91
1027483 38690.13
1031366 29761.85
1031370 23706.19
1031359 19420.19
1026910 7588.021
1022782 4301.542
1008128 4285.867
1004912 3817.362
1003861 2730.253
1000647 -2162.356
987324 -2082.803
987482.5 -1337.178
988149.8 -768.1193
989040 721.7556
992060.8 7322.821
991880.7 7836.349
990660.3 9054.868
990571 29311.36
990570.4 33462.52
990654.6 43922.87
ID 22003
969052.5 43288.53
990654.6 43922.87
990570.4 33462.52
990571 29311.36
990660.3 9054.868
991880.7 7836.349
992060.8 7322.821
989040 721.7556
988149.8 -768.1193
987482.5 -1337.178
973692 -1265.547
965935.3 -4980.479
950604.4 -6775.625
939347.6 -8293.759
939534.9 11016.95
947543.8 11036.10
954038.6 11005.80
954379 33333.81
954244.3 42033.1
969052.5 43288.53
ID 22097
1065504 38805.21
1066866 37639.59
1070313 31281.70
1073395 22813.51
1073658 19085.94
1072617 4039.181
1071421 -5.720545
1075063 -5395.9
1078930 -11373.92
1066060 -11515.71
1065366 -10897.66
1060610 -9003.253
1054725 -11327.48
1049162 -14454.82
1034438 -22246.88
1034494 -19824.48
1031087 -6959.378
1024496 -2154.507
1000647 -2162.356
1003861 2730.253
1004912 3817.362
1008128 4285.867
1022782 4301.542
1026910 7588.021
1031359 19420.19
1031370 23706.19
1031366 29761.85
1027483 38690.13
1065504 38805.21
ID 22011
954244.3 42033.1
954379 33333.81
954038.6 11005.80
947543.8 11036.10
939534.9 11016.95
939347.6 -8293.759
939337.5 -10581.80
914920.8 -10449.57
915045.8 -750.008
905279.3 -619.7866
905216.3 -10380.20
880546.7 -10152.89
880686.2 -10044.42
884436.5 -7126.659
884866.4 -6165.535
884918.3 -5591.569
883815.1 1358.355
881228.3 4665.464
880982.9 4979.376
880995.6 5020.366
882198.2 8880.53
896787.7 34004.81
898747.5 41389.13
911917 42856.71
939400.7 42593.03
954244.3 42033.1
ID 22103
1214983 25755.45
1254687 21533.53
1269805 -1027.276
1269952 -1184.121
1270557 -1829.350
1276015 -14132.48
1276022 -14147.87
1276082 -16190.93
1275099 -18402.68
1274846 -19320.54
1274875 -19920.69
1277665 -25830.46
1278527 -27654.10
1280540 -30173
1281209 -31009.96
1281444 -31177.48
1281769 -31408.28
1282005 -31576.45
1282209 -31571.63
1286643 -31466.09
1277234 -34884.71
1276639 -34471.71
1271383 -32530.85
1252642 -30283.39
1250381 -31060.69
1241150 -36076.85
1230660 -31627.74
1217328 -28299.99
1214983 25755.45
ID 22033
1158148 25522.31
1152356 17681.44
1145794 10457.10
1145519 -4861.089
1147179 -9484.284
1154675 -16012.77
1142279 -18801.20
1130627 -18776.28
1115262 17221.73
1118347 22700.32
1119340 23425.13
1158148 25522.31
ID 22063
1152356 17681.44
1185284 18287.33
1185632 193.8802
1187729 -5715.633
1194803 -16307.17
1197932 -19782.63
1199039 -20756.42
1200198 -21342.71
1201970 -21823.83
1195445 -23744.51
1193221 -24827.52
1192570 -25356.07
1190984 -28473.82
1189740 -30279.12
1188405 -31538.09
1187173 -32245.04
1186219 -32366.48
1185150 -32114.53
1179842 -29371.87
1174404 -34406.60
1173990 -34582.32
1173558 -34484.37
1171527 -32990.8
1154675 -16012.77
1147179 -9484.284
1145519 -4861.089
1145794 10457.10
1152356 17681.44
ID 22121
1112068 18199.06
1114558 17598.27
1115262 17221.73
1130627 -18776.28
1114318 -19059.04
1110728 -14227.22
1100609 -2381.36
1097453 138.9815
1112068 18199.06
ID 22047
1097453 138.9815
1100609 -2381.36
1110728 -14227.22
1114318 -19059.04
1130627 -18776.28
1142279 -18801.20
1134477 -47653.07
1123104 -51912.61
1109123 -48353.74
1109115 -46848.48
1108133 -44294.63
1098673 -29530.12
1097029 -28737.64
1095259 -28323.33
1092213 -28458.49
1090240 -28224.89
1088993 -27589.73
1087792 -26564.12
1084566 -20732.68
1084094 -19188.08
1083924 -18501.79
1084191 -17202.06
1084144 -11373.25
1083797 -9208.556
1082617 -6022.884
1076728 -1.767908
1097453 138.9815
ID 22099
1071421 -5.721823
1076728 -1.766178
1082617 -6022.882
1083797 -9208.553
1084144 -11373.25
1084191 -17202.06
1083924 -18501.80
1084094 -19188.08
1084566 -20732.69
1087792 -26564.12
1088993 -27589.72
1090240 -28224.88
1092213 -28458.48
1095259 -28323.33
1097029 -28737.65
1098673 -29530.12
1108133 -44294.63
1109115 -46848.48
1109123 -48353.74
1097604 -48532.62
1080998 -43051.64
1080177 -42679.02
1076717 -41802.60
1073957 -41823.05
1072685 -42117.21
1070832 -43156.44
1057179 -47252.63
1052955 -47193.36
1049162 -14454.83
1054725 -11327.49
1060610 -9003.256
1065366 -10897.66
1066060 -11515.72
1078930 -11373.91
1075063 -5395.901
1071421 -5.721823
ID 22099
1099284 -59857.15
1120193 -57922.29
1120937 -60056.12
1125810 -70252.29
1127192 -71673.79
1131371 -72658.22
1132362 -72722.28
1134320 -73823.34
1135462 -75128.61
1136133 -76586.55
1136056 -80779.73
1135570 -87911.23
1124348 -82303.22
1108679 -74337.35
1099284 -59857.15
ID 22001
987324 -2082.803
1000647 -2162.356
1024496 -2154.507
1031087 -6959.378
1034494 -19824.48
1034438 -22246.88
1020753 -39074.81
1012877 -47367.47
1010830 -48678.43
1008957 -49455.74
1007206 -49991.75
988954 -45547.47
987898.7 -45200.4
987324 -2082.803
ID 22053
987324 -2082.803
987898.7 -45200.4
976976.3 -51282.42
952103.4 -51089.27
952144.1 -46204.75
962461 -45989.38
960929.3 -40977.62
958667 -38047.28
948915.3 -26422.53
939326 -13131.43
939337.5 -10581.80
939347.6 -8293.759
950604.4 -6775.625
965935.3 -4980.479
973692 -1265.547
987482.5 -1337.178
987324 -2082.803
ID 22019
939337.5 -10581.80
939326 -13131.43
948915.3 -26422.53
958667 -38047.28
960929.3 -40977.62
962461 -45989.38
952144.1 -46204.75
952103.4 -51089.27
939374.3 -51039.08
939366.6 -49440.02
882246.3 -48997.08
882057.9 -49137.56
882901.9 -27681.16
880546.7 -10152.89
905216.3 -10380.20
905279.3 -619.7866
915045.8 -750.008
914920.8 -10449.57
939337.5 -10581.80
ID 22005
1154675 -16012.77
1171527 -32990.8
1173558 -34484.37
1173990 -34582.32
1174404 -34406.60
1179842 -29371.87
1179046 -35452.46
1148194 -47030.18
1134477 -47653.07
1142279 -18801.20
1154675 -16012.77
ID 22055
1034438 -22246.88
1049162 -14454.82
1052955 -47193.36
1051599 -51473.35
1041804 -47119.03
1035804 -42613.11
1027869 -39691.04
1020753 -39074.81
1034438 -22246.88
ID 22095
1201970 -21823.83
1214000 -27684.19
1201740 -44585.92
1193512 -50323.06
1189329 -51863.46
1188244 -53477.22
1188326 -55503.97
1189372 -65705.99
1178187 -66198.02
1177409 -64472.36
1176302 -59351.64
1174757 -49998.03
1177397 -48306.98
1179046 -35452.46
1179842 -29371.87
1185150 -32114.53
1186219 -32366.48
1187173 -32245.04
1188405 -31538.09
1189740 -30279.12
1190984 -28473.82
1192570 -25356.07
1193221 -24827.52
1195445 -23744.51
1201970 -21823.83
ID 22089
1189372 -65705.99
1188326 -55503.97
1188244 -53477.22
1189329 -51863.46
1193512 -50323.06
1201740 -44585.92
1214000 -27684.19
1214263 -52531.09
1214350 -56391.16
1215108 -61944.86
1215662 -63774.59
1218442 -68450.08
1224148 -72177.17
1222200 -81367.44
1221583 -83037.98
1220003 -87311.62
1209247 -87409.59
1208074 -87100.08
1207216 -85852.43
1207213 -85186.85
1202495 -78600.72
1194455 -69323.87
1189372 -65705.99
ID 22051
1214000 -27684.19
1217328 -28299.99
1230660 -31627.74
1229648 -49783.61
1235791 -58845.79
1240766 -64268.19
1236637 -70745.64
1234568 -78126.55
1235466 -81783.92
1238400 -86055.58
1240205 -88344.34
1243784 -95055.22
1244243 -97159.16
1244969 -113844.1
1240114 -115253.8
1234349 -112457.4
1227047 -100688.6
1227693 -98636.94
1227686 -97505.95
1226851 -89669.21
1226632 -88812.54
1225619 -88124.31
1222482 -87292.63
1220003 -87311.63
1221583 -83037.98
1222200 -81367.44
1224148 -72177.17
1218442 -68450.08
1215662 -63774.59
1215108 -61944.86
1214350 -56391.16
1214263 -52531.09
1214000 -27684.19
ID 22051
1236380 -140512.4
1236459 -140572.8
1239148 -140171.8
1241349 -137886.8
1247119 -133782.9
1247934 -133936.1
1248063 -134262.7
1247988 -134525.6
1247452 -135321.4
1241170 -139648.6
1235713 -144887.6
1234754 -145786.3
1234720 -145818.2
1236380 -140512.4
ID 22071
1230660 -31627.74
1241150 -36076.85
1250381 -31060.69
1252642 -30283.39
1271383 -32530.85
1276639 -34471.71
1277234 -34884.71
1272911 -39609.2
1259680 -47352.6
1255142 -52357.27
1250241 -67036.9
1240766 -64268.19
1235791 -58845.79
1229648 -49783.62
1230660 -31627.74
ID 22093
1179046 -35452.46
1177397 -48306.98
1174757 -49998.03
1176302 -59351.64
1177409 -64472.36
1178187 -66198.02
1155992 -64787.5
1148194 -47030.18
1179046 -35452.46
ID 22087
1255142 -52357.27
1255620 -54802.96
1256463 -57223.55
1257040 -58299.82
1257973 -59007.73
1271407 -66490.33
1274462 -67055.63
1276638 -66870.13
1279016 -65908.93
1280441 -64844.72
1281064 -63096.1
1282442 -56131.74
1282424 -53438.16
1289919 -45792.79
1293321 -44294.44
1297268 -45703.15
1299734 -47843.91
1297601 -48941.13
1296957 -49512.2
1296018 -50367.94
1296011 -52233.99
1296110 -53612.83
1301528 -60022.45
1302576 -60890.57
1307072 -63440.21
1308136 -64041.09
1301225 -74541.5
1297297 -79898.11
1291661 -81790.81
1287416 -79929.58
1277347 -79176.46
1275694 -79608.6
1275934 -82887.47
1276452 -83862.99
1281155 -86705.61
1283404 -87775.48
1285020 -88155.65
1287301 -88093.44
1291863 -92383.85
1292128 -93047.61
1291997 -93459.3
1291418 -92590.55
1288835 -90316.56
1278370 -87365.59
1271761 -80933.69
1270408 -79340.85
1256308 -74987.01
1255211 -75327.31
1254621 -75197.97
1253442 -73696.93
1251464 -69939.72
1250241 -67036.9
1255142 -52357.27
ID 22113
1051599 -51473.35
1051224 -77026.24
1044926 -79566.58
1042925 -80611.93
1037993 -83723.78
1034427 -86843.03
1033958 -88992.64
1035574 -93045.92
1037625 -97330.64
1039406 -97665.32
1048629 -98283.88
1044503 -101763.5
1043988 -101455.5
1038208 -101259.2
1033150 -101794.7
1033100 -101800.0
1027873 -103938
1024070 -106512.6
1021537 -107119.6
1021304 -107175.3
1020680 -107186.6
1018959 -107217.6
1018494 -107225.9
994317.3 -103146.4
988726.2 -102166.3
988584.8 -102125.8
988896 -89256.9
988844.5 -51208.1
976976.3 -51282.42
987898.7 -45200.4
988954 -45547.47
1007206 -49991.75
1008957 -49455.74
1010830 -48678.43
1012877 -47367.47
1020753 -39074.81
1027869 -39691.04
1035804 -42613.11
1041804 -47119.03
1051599 -51473.35
ID 22045
1109123 -48353.74
1123104 -51912.61
1120193 -57922.29
1099284 -59857.15
1084541 -61174.91
1076273 -72242.05
1060416 -86156.5
1051224 -77026.24
1051599 -51473.35
1052955 -47193.36
1057179 -47252.63
1070832 -43156.44
1072685 -42117.21
1073957 -41823.05
1076717 -41802.60
1080177 -42679.02
1080998 -43051.64
1097604 -48532.62
1109123 -48353.74
ID 22045
1048629 -98283.88
1055932 -95984.22
1058239 -95546.06
1061429 -96129.88
1076417 -103446.3
1076691 -103857.9
1076459 -104607.5
1070799 -111892.9
1069652 -112574.1
1065854 -113592.2
1064208 -113053.4
1045887 -103394.9
1044503 -101763.5
1048629 -98283.88
ID 22007
1148194 -47030.18
1155992 -64787.5
1144578 -86086.1
1137362 -95989.7
1135570 -87911.23
1136056 -80779.73
1136133 -76586.55
1135462 -75128.61
1134320 -73823.34
1132362 -72722.28
1131371 -72658.22
1127192 -71673.79
1125810 -70252.29
1120937 -60056.12
1120193 -57922.29
1123104 -51912.61
1134477 -47653.07
1148194 -47030.18
ID 22023
976976.3 -51282.42
988844.5 -51208.1
988896 -89256.9
988584.8 -102125.8
985103 -101126.2
976338.6 -97833.05
968425 -94071.79
964039.1 -91983.51
957347.6 -88519.33
954187.5 -87118.92
954076 -87069.44
943071.2 -83117.22
934496.4 -80697.73
929663 -79886.45
925742.7 -79793.53
905628.4 -80615.77
899505.7 -81218.08
890122.2 -82287.88
885437.5 -82864.8
879780.4 -84000.59
879494.6 -84089.95
878951.3 -84259.83
877438.8 -84732.55
874205.9 -86273.88
872279.1 -87491.22
870423.3 -88961.23
870439.5 -64163.88
882057.9 -49137.56
882246.3 -48997.08
939366.6 -49440.02
939374.3 -51039.08
952103.4 -51089.27
976976.3 -51282.42
ID 22075
1240766 -64268.19
1250241 -67036.9
1251464 -69939.72
1253442 -73696.93
1254621 -75197.97
1255211 -75327.31
1256308 -74987.01
1270408 -79340.85
1271761 -80933.69
1278370 -87365.59
1288835 -90316.56
1291418 -92590.55
1291997 -93459.3
1290230 -92306.78
1287227 -90496.39
1278881 -89774.55
1276959 -90839.63
1273776 -93289.73
1272899 -95949.63
1271549 -105092.9
1271596 -105626.3
1272260 -106431.2
1275036 -108416.2
1292653 -118669.4
1295567 -118609.9
1303079 -118547.5
1322894 -125152.3
1327822 -131808.5
1330260 -135509.2
1334081 -137938.8
1337761 -136453.9
1338476 -136741.1
1339148 -137452.3
1340667 -140883.7
1340673 -140896.7
1340643 -141023.7
1340299 -142497.7
1340278 -142590.4
1338383 -146517.2
1335058 -153272.2
1326041 -158156.4
1319979 -154068.4
1306554 -153881.9
1296340 -141025.5
1296334 -141019.1
1296074 -140737.2
1294827 -139387.9
1294685 -139233.9
1293665 -138452.4
1293637 -138430.4
1293217 -138255.8
1290417 -137091.4
1288342 -136228
1275039 -130721.7
1272932 -130060.5
1272540 -129937.5
1270498 -129402.0
1269709 -129194.9
1269572 -129178.6
1269112 -129124
1267118 -128886.9
1264247 -128544.7
1258979 -123358.6
1260305 -121279.1
1260666 -120504.6
1260715 -119489.9
1260626 -118900.9
1258813 -111344.6
1258731 -111008.8
1258132 -110685.8
1257233 -110201.1
1255982 -110400.5
1254670 -110910.2
1252183 -112319.1
1250592 -114105.6
1249312 -115796.8
1247097 -115933.5
1246194 -115279.0
1244969 -113844.1
1244243 -97159.16
1243784 -95055.22
1240205 -88344.33
1238400 -86055.57
1235466 -81783.92
1234568 -78126.55
1236637 -70745.65
1240766 -64268.19
ID 22101
1099284 -59857.14
1108679 -74337.35
1124348 -82303.22
1135570 -87911.23
1137362 -95989.7
1119187 -112876.5
1117029 -112818.0
1112998 -111864.5
1094000 -106986.4
1093343 -103182.3
1092876 -100028.7
1091718 -95777.8
1085039 -84446.16
1083937 -83662.28
1073824 -82984.74
1072373 -83117.53
1060416 -86156.5
1076273 -72242.05
1084541 -61174.91
1099284 -59857.14
ID 22057
1189372 -65705.99
1194455 -69323.87
1202495 -78600.72
1207213 -85186.85
1207216 -85852.43
1208074 -87100.08
1209247 -87409.59
1220003 -87311.62
1222482 -87292.63
1225619 -88124.3
1226632 -88812.55
1226851 -89669.21
1227686 -97505.94
1227693 -98636.94
1227047 -100688.6
1234349 -112457.4
1240114 -115253.8
1239709 -127852.3
1233695 -134720.2
1236380 -140512.4
1234720 -145818.2
1233653 -146816.7
1233338 -147111.5
1226951 -152009.0
1226618 -152264
1226343 -152399.9
1221861 -154609.8
1210258 -157956.2
1209723 -157883.1
1209709 -157810.8
1209600 -157234.7
1211951 -155916.2
1214030 -155630.8
1215118 -155450.1
1216079 -155034.8
1218479 -153953.2
1218961 -153705.2
1220765 -151836.8
1220705 -149778.6
1216944 -141442.8
1215400 -139137.8
1212445 -134860.7
1210793 -133542.3
1207457 -133922.4
1205484 -136329.3
1203515 -142654.0
1206447 -130547.0
1206052 -125323
1205538 -123667.9
1204184 -122133.7
1186720 -102686.5
1163742 -79022.52
1162462 -78809.5
1161798 -79074.89
1144578 -86086.1
1155992 -64787.5
1178187 -66198.02
1189372 -65705.99
ID 22109
1144578 -86086.1
1161798 -79074.89
1162462 -78809.5
1163742 -79022.52
1186720 -102686.5
1204184 -122133.7
1205538 -123667.9
1206052 -125323
1206447 -130547.0
1203515 -142654.0
1188755 -142026.8
1180513 -150569.5
1181379 -156739.6
1161593 -160379.2
1118823 -138218.1
1116477 -136226.9
1113304 -132620.3
1113504 -131836.9
1118929 -129113.3
1125629 -125609.6
1126573 -124579.9
1126292 -122401.2
1125093 -118933.9
1124549 -117651.4
1124183 -117226.1
1119187 -112876.5
1137362 -95989.7
1144578 -86086.1
