ID 025
465165.2 228357.8
465741.9 228362.7
479499.9 208714
480826.4 198624.5
480826.6 198126.4
470646.4 190243.9
466631.4 187133.3
462422.8 184101.2
460450.7 186006.5
458722.9 187815.8
458498.1 188889.5
452801.4 199152.2
448511.5 203898.7
443878.9 206336.2
442073 206370.7
440204.5 208537.1
437787 214276.3
437339.2 216317.1
436922.7 228162.3
465165.2 228357.8
ID 005
418255.5 228052
436922.7 228162.3
437339.2 216317.1
437787 214276.3
440204.5 208537.1
442073 206370.7
443878.9 206336.2
448511.5 203898.7
452801.4 199152.2
458498.1 188889.5
458722.9 187815.8
458290.1 187877.6
456761.5 187534.3
453422.7 181398.5
451581.3 176851.5
452918.7 175850.2
453398.2 175885.9
453144.3 175129.2
452718.1 174315.9
449639.4 170998.7
448160.7 169846.0
443098.6 171367.4
440741.1 172286.1
440631.8 172357.2
443204.9 185232.4
427340.2 188383
426864.6 177826.6
432963.1 174419.4
426090.7 171795.8
410145.5 186890.6
409200.5 198791.0
412320.3 207033.4
418255.5 228052
ID 013
418255.5 228052
412320.3 207033.4
409200.5 198791.0
410145.5 186890.6
385528.1 187352.5
389801.7 199391.6
390803.7 202654.4
390752.4 202898.7
382008.4 212340.0
376326.2 219905.0
381409.6 227963.5
400034.1 227955.8
418255.5 228052
ID 021
360606 228042.7
381409.6 227963.5
376326.2 219905.0
382008.4 212340.0
390752.4 202898.7
390803.7 202654.4
389801.7 199391.6
385528.1 187352.5
385440.3 187279.9
360373.3 172509.3
341398.1 183617.9
346006.8 198062.2
348319.8 208108.4
350561.5 215832.6
351058.5 216967.1
354456.8 218279.9
355362.5 219295.4
357323.1 222377.3
359772.6 228047.0
360606 228042.7
ID 043
305771.5 228766.7
359772.6 228047.0
357323.1 222377.3
355362.5 219295.4
354456.8 218279.9
351058.5 216967.1
350561.5 215832.6
348319.8 208108.4
346006.8 198062.2
341398.1 183617.9
337997.5 183899.9
329012.7 203169.5
312154.9 217259.9
311062.9 219088.4
307789.6 222564.7
304958.3 224314.3
301912.0 225270.7
299076.8 225923.6
298549.4 225835.2
297826.4 225306.3
294935.9 222347.3
290853.9 217558.5
289832.0 217664.7
285541.1 219406.5
284891.7 229070.0
305771.5 228766.7
ID 001
281639.1 229120.2
284891.7 229070.0
285541.1 219406.5
273711.6 206394.8
257497.7 208714.9
248168.3 214698.3
230511.5 198852.6
221838.7 202645.2
234427.0 230001.2
244944.1 229780.3
281639.1 229120.2
ID 035
491130.6 139463.7
469786.1 130598.3
472825.4 158777.5
481461.3 171766.1
485560.3 175173.9
488641.5 175838.1
496012.3 176356.6
507386.7 176042.6
508258.2 164657.5
491130.6 139463.7
ID 023
234427.0 230001.2
221838.7 202645.2
202353.5 187277.3
185230.9 173796.1
187663.9 230941.9
194908.6 230777.9
234427.0 230001.2
ID 510
440631.8 172357.2
432963.1 174419.4
426864.6 177826.6
427340.2 188383
443204.9 185232.4
440631.8 172357.2
ID 027
410145.5 186890.6
426090.7 171795.8
413805.4 159475.5
409693 162638.3
408102.6 161876.5
404453.2 162406.5
403570.9 162916.7
388350.4 178188.9
385166.8 183062.8
383895.5 185568.3
383869.4 185833.9
384155.2 186373.4
385440.3 187279.9
385528.1 187352.5
410145.5 186890.6
ID 011
491130.6 139463.7
508258.2 164657.5
510910.8 129911.7
512542.1 108316.7
491774.5 112343.8
489573.9 113313.4
485834.8 117901.5
485643.2 118336.4
487185.3 121559.5
491437.4 136759.3
491130.6 139463.7
ID 041
491130.6 139463.7
491437.4 136759.3
487185.3 121559.5
485643.2 118336.4
485834.8 117901.5
489573.9 113313.4
491774.5 112343.8
473878.7 107616.3
474250.6 108039.9
473492.9 110391.0
466191 118913.4
464763.5 119017.3
459755.1 118337.7
459461.3 118211.0
458141.4 116389.5
457928.9 115262.5
458997.1 113759.0
458957.4 112625.5
457404.4 111719.5
456726.2 113378.5
457256.1 120671.9
457820 123008.3
460705.7 128944.3
460972.2 129182.1
463732.8 131335.0
469786.1 130598.3
491130.6 139463.7
ID 009
451949.4 72507.5
428426.8 92512.22
428295.8 96536.07
427281.4 120115.0
427858.8 120926.5
430599.9 122413
432756 122244.1
435012.1 117137.9
440928.3 116237.0
440663.2 114771.4
440687.4 112406.5
442064.9 96960.14
442227.8 95833.09
443086.8 93131.62
444262.3 90722.5
447502.8 87231.65
453437.6 80225.76
453627.1 79586.76
453575 77283.5
451949.4 72507.5
ID 047
544782.1 88487.28
570294.2 88913.26
569887.1 84859.5
569355 82032.08
568465.1 78217.44
567397.8 74752.97
567397.6 74752.25
558951.1 50673.06
558432.6 49227.2
557926.5 48195.83
557126.8 46566.61
556549.1 45390.12
554328.6 41508.16
520840.6 37269.95
528003.2 47957.63
527310 58154.79
521368.3 68869.06
543099.9 70508.27
546854.3 75552.83
547767.9 78013.83
546971 83465.57
544782.1 88487.28
ID 037
451949.4 72507.5
453835.9 61354.3
447368.0 52625.38
417048.7 65175.87
414592.9 70296.25
411753.7 78650.55
412198.2 80659.03
419631 93517.78
420464.4 93994.86
423540.8 93850.85
425126.6 93653
428426.8 92512.22
451949.4 72507.5
ID 015
474120.7 228465.4
503888.4 228832.2
506265.1 190600.8
485956.9 189862.3
479499.9 208714
465741.9 228362.7
474120.7 228465.4
ID 029
485956.9 189862.3
506265.1 190600.8
506953.5 181660.2
507386.7 176042.6
496012.3 176356.6
488641.5 175838.1
485560.3 175173.9
481461.3 171766.1
472825.4 158777.5
468920.9 157812.4
466313.7 158429.4
462367.1 164434.2
462685.9 166626.7
463366.9 168301.1
467373.2 177379.5
470229.6 183770.2
471523.9 185198.5
476644.3 189705.8
485956.9 189862.3
ID 031
385440.3 187279.9
384155.2 186373.4
383869.4 185833.9
383895.5 185568.3
385166.8 183062.8
388350.4 178188.9
403570.9 162916.7
404453.2 162406.5
408102.6 161876.5
409693 162638.3
399783.5 144166.4
395849.1 147268.5
389604.4 140720.9
371620 154553.2
367537.9 154877.5
363377.7 155515.3
360350.8 156289.8
360236.8 156402.7
355519.3 161081.7
355039.3 161558.3
355025.8 161584.5
354643.3 162326.2
354431.7 164261.9
354419.7 164371.8
354743.9 165300.0
355211.3 166638.5
355373.6 167103.4
355879.0 167943.5
360373.3 172509.3
385440.3 187279.9
ID 003
440631.8 172357.2
440741.1 172286.1
449038.1 160726
452148.7 150688.3
452477.4 149436
447657.1 141612.7
444189.6 135342.8
438248.2 122273.7
438464.5 119757.7
438886.2 118723.3
440928.3 116237.0
435012.1 117137.9
432756 122244.1
430599.9 122413
427858.8 120926.5
427281.4 120115.0
427853.6 138708.8
426149.5 146241.1
413805.4 159475.5
426090.7 171795.8
432963.1 174419.4
440631.8 172357.2
ID 033
409693 162638.3
413805.4 159475.5
426149.5 146241.1
427853.6 138708.8
427281.4 120115.0
428295.8 96536.07
426958.7 96760.99
422949.3 98878.46
422072 105015.1
421846.1 105674.8
411931.8 110118.1
402837.7 110377.3
399904.5 109688.5
398633.6 109155.8
398146.0 108734.1
397745.4 107946.1
395819.9 105405
392564.2 115381.9
396606.3 124356.1
396646.8 124863.2
408707.2 137133.0
399783.5 144166.4
409693 162638.3
ID 019
491774.5 112343.8
512542.1 108316.7
513163.1 100050
507716.9 93951.26
505359.6 92554.82
503364.3 91930.32
502632.7 91058.07
496556.6 74825.62
494751.2 66773.19
484118.8 65743.01
472134.7 66360.57
471003.3 67003.49
465199.4 72247.44
464871.5 72605.87
464116.9 74945.21
460981.9 86050.62
459487.3 92525.6
462745.1 104908.0
463415.6 105595.0
465610.7 106791.8
466467.1 107056.0
473878.7 107616.3
491774.5 112343.8
ID 019
480438.3 50378.33
480267.6 50568.96
480211.5 50564.55
479729.4 51961.1
479559.4 54198.45
479837.5 58785.18
481329.3 60004.98
483315.8 60050.86
485677.7 57206.35
485704.8 56551.02
485901.8 54864.63
484968.6 52791.39
483448.1 50818.54
480438.3 50378.33
ID 045
513163.1 100050
513467.4 95754.2
513724.3 92468.73
514023.9 88893.37
516703.4 88780.2
522795.5 88610.32
523125.2 88602.31
525689.9 88563.87
530910.7 88488.64
532743.6 88469.56
537146.1 88430
537486.3 88429.1
538704 88426.88
540109.4 88424.83
543512.4 88468.53
544782.1 88487.28
546971 83465.57
547767.9 78013.83
546854.3 75552.83
543099.9 70508.27
521368.3 68869.06
499399.3 64072.34
494751.2 66773.19
496556.6 74825.62
502632.7 91058.07
503364.3 91930.32
505359.6 92554.82
507716.9 93951.26
513163.1 100050
ID 017
392564.2 115381.9
395819.9 105405
397745.4 107946.1
398146.0 108734.1
398633.6 109155.8
399904.5 109688.5
402837.7 110377.3
411931.8 110118.1
421846.1 105674.8
422072 105015.1
422949.3 98878.46
426958.7 96760.99
428295.8 96536.07
428426.8 92512.22
425126.6 93653
423540.8 93850.85
420464.4 93994.86
419631 93517.78
412198.2 80659.03
411753.7 78650.55
414592.9 70296.25
414455.6 67431.21
414196.7 66053.98
413817.4 65263.2
381880.8 76968.8
381058.6 77336.13
378141.8 79521.68
376923.0 83021.85
376073.7 90515.68
377010.2 93906.74
379278.3 98288.03
383992.5 103697.3
388664 107498.7
392564.2 115381.9
ID 039
499399.3 64072.34
521368.3 68869.06
527310 58154.79
528003.2 47957.62
520840.6 37269.95
516925.7 32392.15
506864.9 34671.73
502782 52474.06
499399.3 64072.34
ID 039
483803.4 32287.55
483498.2 35619.33
483549.1 39085.04
483747.8 40273.8
484139.2 41012.23
485960.6 41805.96
486635.7 41884.06
487388.6 41563.97
489963.0 39819.51
490437.1 39253.25
490429.3 38214.33
489214.8 37943.06
488330.3 34679.33
488428.7 32326.43
488190.3 30235.44
487516.6 28220.03
485082.7 28018.44
483853.7 29830.47
483803.9 32286.04
483803.4 32287.55
ID 039
480438.3 50378.33
483448.1 50818.54
484968.6 52791.39
485901.8 54864.63
486511.1 51840.49
487004 48062.74
487224.6 46043.1
486735.6 45498.51
485705.9 45315.13
484525.5 45940.78
482518.1 48055.88
480438.3 50378.33
