ID 51
3731348 1942379
3730521 1941929
3730023 1942022
3724854 1943400
3720797 1951785
3719516 1957529
3719623 1961048
3719965 1964250
3720312 1965828
3722892 1977244
3724694 1984624
3725422 1987059
3726420 1990138
3726088 1991137
3726069 1991737
3727406 1995814
3728675 1998343
3737622 2014124
3742755 2019184
3744459 2020731
3745021 2021478
3747256 2025446
3747616 2026737
3748722 2035372
3752557 2040313
3785969 2045094
3781442 2037364
3772652 2027713
3770152 2027678
3769379 2027321
3769073 2027075
3768765 2026827
3768109 2026300
3767672 2025830
3767216 2025340
3766810 2024904
3765162 2022718
3762867 2018979
3758147 2007990
3757428 2005971
3750672 1982275
3750819 1981254
3751119 1980390
3750804 1978623
3739668 1951422
3738483 1950004
3737219 1948491
3737128 1948383
3732293 1943300
3732122 1943133
3731348 1942379
ID 51
3540318 2177457
3558090 2162904
3567347 2183938
3570751 2183712
3589907 2172915
3585488 2168276
3584996 2167428
3584841 2166960
3584396 2165614
3584087 2164681
3584101 2164571
3584344 2162639
3584739 2161904
3584753 2161878
3585240 2161409
3590034 2156808
3590150 2156697
3593189 2155972
3597359 2155403
3601446 2155145
3619655 2141608
3622365 2138456
3625904 2136063
3627369 2131351
3626955 2125868
3626923 2125360
3623028 2116321
3619257 2108375
3611479 2108590
3604358 2093534
3606099 2076220
3631443 2068937
3634656 2061889
3642359 2057374
3645572 2056462
3653974 2055898
3663936 2055658
3665027 2055286
3665308 2055190
3671680 2047373
3672333 2046561
3673587 2043597
3673859 2042720
3675114 2041384
3683086 2035395
3685290 2034548
3688050 2033900
3688751 2033649
3689501 2033380
3689679 2033282
3696439 2029553
3699073 2027152
3697939 2020895
3693817 2004799
3692034 2003576
3695256 1998479
3696044 1996994
3695974 1996492
3688749 1995949
3677379 2001891
3673098 2005428
3663648 2015591
3652051 2024689
3660057 2012972
3669972 1999576
3672812 1996313
3673607 1995850
3683664 1994535
3694367 1990681
3694571 1990231
3694164 1989517
3691743 1987805
3690072 1987693
3695066 1985676
3695552 1985423
3696199 1984739
3697684 1981838
3698894 1978082
3699525 1973306
3699690 1971391
3699441 1970085
3696571 1963794
3693907 1965838
3685229 1972604
3684608 1972733
3682685 1970204
3682026 1968714
3682974 1967410
3687275 1962305
3690473 1959122
3690756 1958643
3689631 1958202
3683744 1956189
3677587 1954690
3677182 1953883
3678057 1952964
3680051 1951965
3686921 1953134
3687312 1952902
3687416 1950061
3692606 1949677
3696181 1944843
3696665 1941470
3700562 1931820
3695979 1926593
3687068 1925797
3686018 1923987
3685374 1924106
3684478 1924740
3667272 1940959
3666674 1941807
3667215 1948048
3657633 1951375
3662979 1942821
3679752 1919412
3686330 1916817
3692110 1919293
3706343 1920888
3719803 1921394
3721562 1921308
3722119 1921134
3723147 1920385
3723600 1919153
3733449 1888318
3735101 1883156
3735839 1879517
3735842 1879501
3712979 1878862
3695886 1878429
3679914 1878043
3675424 1877940
3641905 1876572
3641772 1876572
3619644 1876497
3607837 1876158
3565621 1875714
3553776 1875618
3540657 1875488
3515776 1875362
3503855 1875200
3479020 1875162
3473453 1875157
3442844 1875316
3435612 1875352
3424499 1875424
3413085 1875497
3409450 1875505
3391156 1875854
3363170 1876340
3360825 1876393
3326208 1877941
3310811 1879114
3290601 1879715
3284897 1880153
3244508 1882751
3215539 1885190
3218371 1887737
3202293 1888559
3193723 1889097
3192603 1886694
3173644 1887481
3164936 1887941
3160406 1888112
3132216 1889164
3112425 1890036
3098596 1890708
3055069 1893337
3036917 1894733
3056484 1900777
3066246 1903792
3086495 1910572
3106654 1921488
3109070 1924227
3110969 1932389
3139096 1955760
3140157 1956236
3144038 1957984
3158447 1962809
3162470 1966304
3193504 1991486
3196968 1988503
3195650 1988189
3191098 1985487
3190748 1984804
3191062 1983038
3196524 1971324
3202595 1963773
3202616 1963757
3203537 1963098
3212679 1957788
3217805 1953358
3228291 1953468
3228588 1953572
3233032 1956269
3233119 1956322
3241957 1961706
3246357 1967437
3258160 1955659
3280107 1961495
3291149 1976366
3291251 1976208
3298910 1969818
3311114 1975776
3312122 1976269
3322087 1981415
3325112 1974829
3328031 1976452
3339516 1983191
3339514 1983195
3338223 1987136
3341993 1992137
3348075 1997106
3341581 2004338
3363364 2032847
3371895 2045088
3386711 2067195
3385416 2071675
3385446 2071788
3385545 2072161
3392380 2079250
3396158 2086790
3398037 2094366
3399898 2103283
3408012 2099711
3409621 2098661
3410943 2096759
3414760 2088204
3429061 2083030
3436624 2090414
3451568 2121663
3467906 2121756
3473251 2132080
3475010 2135288
3475282 2135569
3475778 2136082
3480943 2139380
3481184 2138729
3481428 2138162
3481704 2138051
3491190 2144077
3495007 2149467
3495304 2150186
3496181 2154293
3499296 2157840
3500409 2158572
3503471 2160586
3505237 2162673
3507055 2165396
3507713 2167098
3511871 2187731
3513160 2199749
3523367 2191470
3540318 2177457
