ID 14013
-78.429096 43.130012
-78.410877 43.130643
-78.340512 43.130803
-78.340512 43.130803
-78.340261 43.118193
-78.328901 43.118038
-78.327966 43.119106
-78.32498 43.120432
-78.324845 43.114352
-78.325282 43.113872
-78.339944 43.107858
-78.341441 43.105846
-78.342374 43.098006
-78.346177 43.093684
-78.346301 43.090987
-78.342994 43.088656
-78.342712 43.08605
-78.343553 43.084061
-78.345423 43.081866
-78.346951 43.073941
-78.335473 43.073867
-78.335774 43.043875
-78.330133 43.043853
-78.330133 43.043853
-78.33013 43.033452
-78.335863 43.03352
-78.335914 43.020363
-78.339504 43.020077
-78.347854 43.022087
-78.350334 43.021661
-78.350334 43.021661
-78.351125 43.022291
-78.351345 43.024532
-78.349102 43.024669
-78.349216 43.03656
-78.356267 43.036515
-78.3563 43.034798
-78.387306 43.033825
-78.388782 43.032143
-78.401155 43.032321
-78.409131 43.033029
-78.41256 43.031227
-78.43984 43.032123
-78.43984 43.032123
-78.449697 43.047835
-78.462305 43.065082
-78.474745 43.065258
-78.474646 43.066658
-78.471945 43.069258
-78.470546 43.077858
-78.475046 43.078958
-78.477046 43.078158
-78.482646 43.080558
-78.487746 43.082058
-78.489646 43.081858
-78.491646 43.080358
-78.491646 43.084058
-78.488946 43.082758
-78.484446 43.086158
-78.475046 43.086058
-78.471746 43.083958
-78.472246 43.081658
-78.464946 43.086058
-78.467746 43.087658
-78.464446 43.088258
-78.464446 43.088258
-78.460785 43.090378
-78.458369 43.091098
-78.453873 43.091546
-78.451889 43.09113
-78.446945 43.092634
-78.434993 43.113674
-78.42984 43.121594
-78.429071 43.125362
-78.430724 43.127292
-78.430787 43.128184
-78.429096 43.130012
ID 14025
-78.813993 42.63606
-78.792328 42.636108
-78.789208 42.636908
-78.784024 42.652316
-78.769528 42.6523
-78.76948 42.641932
-78.764066 42.641896
-78.767371 42.656493
-78.769299 42.660924
-78.750823 42.661084
-78.74208 42.656035
-78.732139 42.658805
-78.728794 42.660865
-78.726348 42.663312
-78.726007 42.664204
-78.725202 42.664547
-78.716537 42.662046
-78.716537 42.662046
-78.716265 42.63247
-78.714965 42.632402
-78.702271 42.63668
-78.691493 42.639219
-78.690626 42.639836
-78.689883 42.641551
-78.686902 42.643464
-78.683693 42.639815
-78.683225 42.637984
-78.681398 42.636246
-78.663253 42.62506
-78.659983 42.620773
-78.659983 42.620773
-78.661024 42.620398
-78.659972 42.618248
-78.65632 42.617127
-78.653321 42.610519
-78.651336 42.600939
-78.651394 42.598538
-78.650554 42.594694
-78.64795 42.587693
-78.643838 42.58413
-78.643838 42.58413
-78.644366 42.581364
-78.645172 42.579992
-78.650246 42.580177
-78.656094 42.579402
-78.660363 42.579448
-78.667725 42.58256
-78.672118 42.583086
-78.682144 42.583065
-78.68434 42.586792
-78.685949 42.587684
-78.699347 42.589879
-78.703122 42.591319
-78.705969 42.591799
-78.705969 42.591799
-78.708601 42.593283
-78.713491 42.597124
-78.715442 42.59925
-78.720087 42.605743
-78.720894 42.609066
-78.73642 42.609243
-78.751578 42.604523
-78.753416 42.60642
-78.755216 42.609355
-78.769472 42.609488
-78.76939 42.593597
-78.769948 42.592522
-78.781649 42.587999
-78.783851 42.588221
-78.783851 42.588221
-78.784376 42.609499
-78.788137 42.609586
-78.788413 42.614525
-78.793952 42.619877
-78.804975 42.61997
-78.805129 42.624723
-78.813865 42.62726
-78.813993 42.63606
ID 14026
-78.696752 42.949858
-78.681851 42.947558
-78.676851 42.949558
-78.676851 42.949558
-78.676851 42.944058
-78.686551 42.940058
-78.684451 42.939958
-78.684451 42.932658
-78.696751 42.934258
-78.696751 42.934258
-78.696751 42.938658
-78.701952 42.937858
-78.702852 42.938958
-78.696751 42.941458
-78.696752 42.949858
ID 14030
-78.551232 42.573003
-78.550546 42.594815
-78.537427 42.594965
-78.532476 42.593348
-78.523191 42.595311
-78.518766 42.595149
-78.515235 42.59924
-78.514273 42.602966
-78.515168 42.605116
-78.51677 42.606601
-78.46237 42.606545
-78.46237 42.606545
-78.46253 42.595921
-78.452928 42.595797
-78.462655 42.587525
-78.463942 42.536192
-78.465806 42.534889
-78.471494 42.533722
-78.472329 42.533745
-78.473968 42.534887
-78.47579 42.533911
-78.47579 42.533911
-78.478658 42.533621
-78.478633 42.530107
-78.483208 42.530151
-78.49053 42.527916
-78.492839 42.519194
-78.493022 42.515913
-78.495435 42.515056
-78.499022 42.517455
-78.50204 42.518001
-78.50881 42.516907
-78.509004 42.507213
-78.512774 42.507215
-78.519385 42.508932
-78.522754 42.508865
-78.525164 42.508271
-78.525164 42.508271
-78.524974 42.516639
-78.540397 42.513283
-78.542004 42.514014
-78.546238 42.51429
-78.550163 42.511889
-78.555509 42.510381
-78.557704 42.510244
-78.559828 42.510847
-78.559832 42.51317
-78.559832 42.51317
-78.557796 42.512644
-78.554675 42.512621
-78.553346 42.513467
-78.553222 42.514839
-78.552635 42.515548
-78.546979 42.517331
-78.544754 42.517216
-78.543085 42.517238
-78.540177 42.523343
-78.533426 42.533289
-78.52484 42.533513
-78.52484 42.533513
-78.518927 42.534775
-78.518927 42.534775
-78.516586 42.53399
-78.508296 42.539473
-78.508192 42.551636
-78.547546 42.551165
-78.551805 42.552267
-78.551232 42.573003
ID 14031
-78.676751 43.000158
-78.64185 42.999358
-78.64195 42.994458
-78.63675 42.999158
-78.631542 42.998266
-78.624181 42.99801
-78.621061 42.997082
-78.617141 42.997242
-78.616049 42.999758
-78.617149 43.001058
-78.617349 43.010158
-78.609749 43.010058
-78.607149 43.009058
-78.607549 43.020858
-78.607349 43.042458
-78.604949 43.042458
-78.604149 43.041458
-78.587049 43.035058
-78.588549 43.031158
-78.576248 43.031258
-78.576248 43.031258
-78.576748 43.009358
-78.587548 43.009558
-78.587348 43.001058
-78.576648 42.999858
-78.577548 42.970258
-78.572548 42.970058
-78.572747 42.965658
-78.552647 42.965759
-78.552647 42.964759
-78.552647 42.964759
-78.566347 42.961758
-78.592048 42.954758
-78.592048 42.954758
-78.66015 42.955858
-78.66015 42.955858
-78.675851 42.956058
-78.66245 42.960058
-78.65945 42.963958
-78.65935 42.969158
-78.66105 42.969258
-78.661851 42.975358
-78.661751 42.989058
-78.676751 42.989158
-78.676751 43.000158
ID 14001
-78.519123 43.12505
-78.513747 43.12473
-78.513555 43.12761
-78.501059 43.127258
-78.502499 43.125594
-78.506275 43.12377
-78.509155 43.124042
-78.511699 43.123402
-78.514051 43.121738
-78.514115 43.120874
-78.49741 43.120426
-78.497282 43.11609
-78.481666 43.116106
-78.47485 43.116394
-78.466866 43.117642
-78.464962 43.117402
-78.464446 43.088258
-78.464446 43.088258
-78.467746 43.087658
-78.464946 43.086058
-78.472246 43.081658
-78.471746 43.083958
-78.475046 43.086058
-78.484446 43.086158
-78.488946 43.082758
-78.491646 43.084058
-78.491646 43.080358
-78.489646 43.081858
-78.487746 43.082058
-78.482646 43.080558
-78.477046 43.078158
-78.475046 43.078958
-78.470546 43.077858
-78.471945 43.069258
-78.474646 43.066658
-78.474745 43.065258
-78.462305 43.065082
-78.449697 43.047835
-78.43984 43.032123
-78.43984 43.032123
-78.44096 43.032027
-78.441504 43.028843
-78.44112 43.027803
-78.43904 43.026491
-78.434912 43.027163
-78.432416 43.024011
-78.434432 43.005707
-78.441168 43.002267
-78.441984 43.002427
-78.44448 43.005227
-78.446384 43.005787
-78.453792 43.004347
-78.456928 43.002571
-78.4576 43.001931
-78.453113 43.00045
-78.448864 42.996603
-78.453216 42.996411
-78.453328 42.995323
-78.451696 42.992779
-78.448496 42.989275
-78.463844 42.985659
-78.464262 42.965474
-78.464272 42.960523
-78.464244 42.946759
-78.464244 42.946759
-78.511845 42.938659
-78.512545 42.941559
-78.513345 42.954659
-78.512546 42.975159
-78.529946 42.967959
-78.552647 42.964359
-78.552647 42.964759
-78.552647 42.964759
-78.552647 42.965759
-78.572747 42.965658
-78.572548 42.970058
-78.577548 42.970258
-78.576648 42.999858
-78.587348 43.001058
-78.587548 43.009558
-78.576748 43.009358
-78.576248 43.031258
-78.576248 43.031258
-78.576049 43.067358
-78.570048 43.064858
-78.569948 43.071158
-78.571949 43.078958
-78.575549 43.079058
-78.575949 43.079858
-78.575949 43.079858
-78.572549 43.081958
-78.574249 43.082558
-78.576349 43.088758
-78.565148 43.088558
-78.564048 43.091658
-78.565605 43.092698
-78.565285 43.097674
-78.559332 43.097786
-78.552964 43.095594
-78.54938 43.097914
-78.54602 43.100842
-78.553492 43.108154
-78.558068 43.111354
-78.558068 43.111354
-78.557108 43.112282
-78.55178 43.113306
-78.54562 43.113114
-78.541572 43.111514
-78.535508 43.112202
-78.529812 43.11385
-78.522243 43.11705
-78.518131 43.120218
-78.517779 43.122986
-78.519123 43.12505
ID 14004
-78.592048 42.954758
-78.566347 42.961758
-78.552647 42.964759
-78.552647 42.964759
-78.552647 42.964359
-78.529946 42.967959
-78.512546 42.975159
-78.513345 42.954659
-78.512545 42.941559
-78.511845 42.938659
-78.464244 42.946759
-78.464244 42.946759
-78.463844 42.921959
-78.463844 42.921959
-78.463644 42.899959
-78.463878 42.895123
-78.464044 42.886659
-78.459887 42.885435
-78.432879 42.887211
-78.431071 42.880651
-78.431855 42.877867
-78.432591 42.877291
-78.432338 42.867904
-78.409983 42.868262
-78.410762 42.863713
-78.412505 42.859644
-78.41726 42.857291
-78.423599 42.856995
-78.423599 42.856995
-78.424811 42.856515
-78.427484 42.854161
-78.428292 42.852012
-78.429443 42.844605
-78.432146 42.840764
-78.432146 42.840764
-78.434756 42.838913
-78.437831 42.838524
-78.448829 42.840284
-78.456222 42.840078
-78.463927 42.840877
-78.473373 42.845767
-78.483194 42.849307
-78.486395 42.849865
-78.486468 42.846736
-78.478003 42.846063
-78.473341 42.844441
-78.471949 42.843186
-78.486599 42.841133
-78.486599 42.841133
-78.490925 42.842583
-78.536945 42.841995
-78.536945 42.841995
-78.54893 42.841755
-78.549842 42.842587
-78.551202 42.842811
-78.552994 42.842651
-78.55541 42.841163
-78.55541 42.841163
-78.555954 42.856635
-78.555954 42.856635
-78.556146 42.868259
-78.562546 42.868059
-78.562046 42.877159
-78.577747 42.876959
-78.577847 42.885359
-78.573647 42.885659
-78.573047 42.890459
-78.577947 42.890659
-78.578247 42.927359
-78.592848 42.924759
-78.592848 42.928559
-78.578347 42.931059
-78.578048 42.954758
-78.592048 42.954758
ID 14006
-79.0542047513846 42.6808622885755
-79.049104 42.68161
-79.04504 42.681578
-79.044752 42.684698
-79.03826 42.684758
-79.03576 42.683358
-79.04566 42.667558
-79.04276 42.666358
-79.03636 42.666358
-79.03546 42.668058
-79.02766 42.669558
-79.02896 42.666458
-79.02186 42.666259
-79.012359 42.661559
-79.002559 42.661459
-79.002559 42.669459
-79.000659 42.670559
-78.997359 42.669459
-78.993559 42.668959
-78.991559 42.669159
-78.978959 42.679559
-78.977958 42.679459
-78.987359 42.671859
-78.987459 42.669059
-78.983959 42.668459
-78.972258 42.668259
-78.972058 42.678359
-78.955058 42.674759
-78.955058 42.674759
-78.972358 42.660159
-78.972358 42.652559
-78.965558 42.652359
-78.966958 42.650659
-78.969158 42.650459
-78.972058 42.647859
-78.971758 42.641759
-78.970358 42.639659
-78.967658 42.641959
-78.965058 42.641359
-78.965458 42.638559
-78.961358 42.634459
-78.956958 42.633759
-78.954957 42.635459
-78.950657 42.636459
-78.943357 42.634059
-78.943457 42.619859
-78.947957 42.619759
-78.955257 42.620759
-78.961058 42.623259
-78.967458 42.624659
-78.967458 42.624659
-78.969158 42.622359
-78.969358 42.619459
-78.973258 42.609359
-78.988058 42.609459
-78.987886 42.600811
-78.998831 42.600939
-79.004799 42.599195
-79.017407 42.599195
-79.017663 42.588315
-79.017663 42.588315
-79.032463 42.588395
-79.032175 42.601723
-79.047652 42.593966
-79.04736 42.610359
-79.05806 42.610359
-79.069504 42.602699
-79.073168 42.602715
-79.06396 42.610359
-79.1122871529856 42.6104582591046
-79.1122871529856 42.6104582591046
-79.111361 42.613358
-79.0951240871974 42.6266563304242
-79.0912678581477 42.6298146529894
-79.078761 42.640058
-79.073261 42.639958
-79.06376 42.644758
-79.062261 42.668358
-79.0542047513846 42.6808622885755
ID 14032
-78.666657 43.085196
-78.664052 43.086257
-78.657052 43.084357
-78.654851 43.082857
-78.648251 43.080657
-78.646251 43.080757
-78.645751 43.082157
-78.646651 43.085757
-78.648851 43.086857
-78.646851 43.089557
-78.644151 43.088357
-78.642151 43.088257
-78.640551 43.089857
-78.641551 43.097257
-78.637951 43.095157
-78.635951 43.093257
-78.630251 43.093857
-78.632651 43.091057
-78.629251 43.086957
-78.626651 43.084958
-78.62225 43.085358
-78.61955 43.087558
-78.61285 43.083858
-78.61735 43.077958
-78.61635 43.074758
-78.61445 43.074258
-78.61225 43.076358
-78.60655 43.075658
-78.60695 43.073058
-78.60315 43.072258
-78.595149 43.072558
-78.595249 43.069758
-78.593749 43.069658
-78.590949 43.076358
-78.586749 43.073158
-78.582649 43.075558
-78.580349 43.080258
-78.584949 43.084358
-78.581749 43.088958
-78.579649 43.087458
-78.577249 43.083858
-78.575949 43.079858
-78.575949 43.079858
-78.575549 43.079058
-78.571949 43.078958
-78.569948 43.071158
-78.570048 43.064858
-78.576049 43.067358
-78.576248 43.031258
-78.576248 43.031258
-78.588549 43.031158
-78.587049 43.035058
-78.604149 43.041458
-78.604949 43.042458
-78.607349 43.042458
-78.607549 43.020858
-78.607149 43.009058
-78.609749 43.010058
-78.617349 43.010158
-78.617149 43.001058
-78.616049 42.999758
-78.617141 42.997242
-78.621061 42.997082
-78.624181 42.99801
-78.631542 42.998266
-78.63675 42.999158
-78.64195 42.994458
-78.64185 42.999358
-78.676751 43.000158
-78.676751 43.000158
-78.681551 43.000258
-78.681551 43.000258
-78.682052 43.012958
-78.671851 43.013758
-78.661951 43.013458
-78.662351 43.032558
-78.652151 43.032258
-78.652351 43.042958
-78.672552 43.043357
-78.672652 43.054557
-78.680952 43.055557
-78.683552 43.058957
-78.683252 43.071857
-78.681552 43.071957
-78.681352 43.079657
-78.674452 43.083357
-78.666652 43.084657
-78.666657 43.085196
ID 14033
-78.750727 42.667708
-78.751319 42.668764
-78.748883 42.67126
-78.745163 42.673959
-78.741926 42.680514
-78.748981 42.680863
-78.746807 42.691499
-78.746751 42.696159
-78.71805 42.69606
-78.71805 42.69606
-78.696934 42.695772
-78.696774 42.691292
-78.692197 42.69126
-78.689509 42.689676
-78.685917 42.682867
-78.682943 42.67443
-78.639936 42.673642
-78.640697 42.651144
-78.623232 42.650637
-78.623232 42.650637
-78.624296 42.623222
-78.624296 42.623222
-78.630683 42.621804
-78.649754 42.621903
-78.655513 42.620671
-78.657898 42.619368
-78.659983 42.620773
-78.659983 42.620773
-78.663253 42.62506
-78.681398 42.636246
-78.683225 42.637984
-78.683693 42.639815
-78.686902 42.643464
-78.689883 42.641551
-78.690626 42.639836
-78.691493 42.639219
-78.702271 42.63668
-78.714965 42.632402
-78.716265 42.63247
-78.716537 42.662046
-78.716537 42.662046
-78.716558 42.664046
-78.718296 42.668939
-78.743764 42.668747
-78.746459 42.667991
-78.750727 42.667708
ID 14034
-78.80501 42.51139
-78.806289 42.510443
-78.806629 42.50946
-78.804838 42.503538
-78.803663 42.501214
-78.793508 42.507241
-78.792909 42.506349
-78.792539 42.501593
-78.790066 42.492088
-78.788677 42.488658
-78.786146 42.485662
-78.78457 42.485204
-78.783551 42.484289
-78.782348 42.482071
-78.78306 42.478047
-78.783065 42.469129
-78.779559 42.465747
-78.779559 42.465747
-78.779455 42.462931
-78.780142 42.461641
-78.782483 42.460714
-78.783471 42.460692
-78.785076 42.462704
-78.790819 42.463918
-78.799961 42.46257
-78.803142 42.462776
-78.814322 42.456695
-78.821948 42.45315
-78.823461 42.452624
-78.832447 42.452326
-78.838686 42.456464
-78.840324 42.460168
-78.840449 42.464375
-78.84289 42.466455
-78.867667 42.480875
-78.867716 42.487919
-78.86919 42.488685
-78.870035 42.488589
-78.870139 42.483216
-78.87175 42.483412
-78.87676 42.486976
-78.881024 42.487139
-78.88532 42.485952
-78.890209 42.485297
-78.900922 42.484884
-78.903117 42.482918
-78.904014 42.479968
-78.908649 42.47862
-78.912818 42.481846
-78.919831 42.483105
-78.928788 42.489303
-78.928752 42.493894
-78.941596 42.493948
-78.940992 42.49932
-78.941983 42.500129
-78.943977 42.500061
-78.943949 42.516622
-78.943949 42.516622
-78.943927 42.531239
-78.933511 42.531232
-78.931235 42.521423
-78.92878 42.521415
-78.924181 42.524388
-78.914348 42.52864
-78.90968 42.527953
-78.904581 42.525688
-78.901583 42.525069
-78.895918 42.526995
-78.88685 42.52699
-78.886699 42.532504
-78.878421 42.532405
-78.876041 42.531552
-78.872755 42.528789
-78.871209 42.528082
-78.865708 42.530097
-78.861679 42.532399
-78.844253 42.532185
-78.844062 42.521735
-78.826443 42.521899
-78.826255 42.512524
-78.8278 42.511037
-78.80501 42.51139
ID 14043
-78.696751 42.927958
-78.688855 42.927946
-78.688851 42.924758
-78.676851 42.924758
-78.676951 42.915058
-78.680451 42.907958
-78.682503 42.905562
-78.682851 42.897758
-78.682551 42.892958
-78.687351 42.892758
-78.687451 42.880558
-78.67675 42.880658
-78.676708 42.879188
-78.681244 42.876988
-78.686687 42.875177
-78.687281 42.87357
-78.685914 42.872731
-78.681554 42.873069
-78.679973 42.874399
-78.678664 42.874325
-78.677697 42.87346
-78.678144 42.872208
-78.683557 42.869518
-78.686726 42.869095
-78.691503 42.869497
-78.690723 42.868741
-78.684396 42.866338
-78.687733 42.86545
-78.689411 42.864516
-78.688758 42.8639
-78.688758 42.8639
-78.696851 42.863758
-78.696851 42.863758
-78.709051 42.863758
-78.709051 42.863758
-78.708551 42.892558
-78.720552 42.892758
-78.731852 42.893558
-78.731852 42.894458
-78.729152 42.897458
-78.726252 42.897058
-78.719152 42.900858
-78.711252 42.897758
-78.709552 42.898158
-78.707251 42.899958
-78.707251 42.901658
-78.714852 42.904558
-78.723652 42.904758
-78.733552 42.904158
-78.727952 42.905358
-78.725552 42.905358
-78.727252 42.907058
-78.727252 42.907058
-78.732852 42.912858
-78.735353 42.913558
-78.736653 42.915658
-78.737453 42.918958
-78.731552 42.921358
-78.723552 42.921358
-78.719774 42.927956
-78.718652 42.927958
-78.718752 42.922258
-78.71068 42.922154
-78.708453 42.927986
-78.696751 42.927958
ID 14047
-78.935657 42.696159
-78.939261 42.690603
-78.946058 42.682559
-78.955058 42.674759
-78.955058 42.674759
-78.972058 42.678359
-78.972258 42.668259
-78.983959 42.668459
-78.987459 42.669059
-78.987359 42.671859
-78.977958 42.679459
-78.978959 42.679559
-78.991559 42.669159
-78.993559 42.668959
-78.997359 42.669459
-79.000659 42.670559
-79.002559 42.669459
-79.002559 42.661459
-79.012359 42.661559
-79.02186 42.666259
-79.02896 42.666458
-79.02766 42.669558
-79.03546 42.668058
-79.03636 42.666358
-79.04276 42.666358
-79.04566 42.667558
-79.03576 42.683358
-79.03826 42.684758
-79.044752 42.684698
-79.04504 42.681578
-79.049104 42.68161
-79.0542047513846 42.6808622885755
-79.0542047513846 42.6808622885755
-79.04886 42.689158
-79.030807592068 42.6966196619452
-79.01886 42.701558
-79.00616 42.704558
-78.991159 42.705358
-78.9702280430276 42.7172037789295
-78.9693832200444 42.7176819026153
-78.9693832200444 42.7176819026153
-78.969358 42.716758
-78.967458 42.714558
-78.966858 42.712658
-78.963158 42.710658
-78.963358 42.708958
-78.960558 42.708058
-78.957758 42.707958
-78.954758 42.705559
-78.951358 42.706259
-78.947258 42.704159
-78.946458 42.703359
-78.947358 42.700359
-78.941157 42.699559
-78.938957 42.700859
-78.937957 42.696559
-78.935657 42.696159
ID 14051
-78.727354 43.086157
-78.724254 43.085557
-78.721754 43.083857
-78.720154 43.081257
-78.718054 43.081057
-78.714854 43.083257
-78.710853 43.082157
-78.708853 43.082757
-78.707653 43.086457
-78.706953 43.086857
-78.696653 43.086057
-78.691053 43.088457
-78.688753 43.087657
-78.686953 43.085957
-78.686853 43.084157
-78.682852 43.080057
-78.681352 43.080057
-78.680952 43.080057
-78.679752 43.082057
-78.679652 43.084257
-78.678352 43.084657
-78.675752 43.083757
-78.666657 43.085196
-78.666657 43.085196
-78.666652 43.084657
-78.674452 43.083357
-78.681352 43.079657
-78.681552 43.071957
-78.683252 43.071857
-78.683552 43.058957
-78.680952 43.055557
-78.672652 43.054557
-78.672552 43.043357
-78.652351 43.042958
-78.652151 43.032258
-78.662351 43.032558
-78.661951 43.013458
-78.671851 43.013758
-78.682052 43.012958
-78.681551 43.000258
-78.681551 43.000258
-78.716653 43.000157
-78.717653 43.001257
-78.716853 43.003057
-78.715353 43.002557
-78.714853 43.009757
-78.720816 43.009756
-78.720625 43.008253
-78.721253 43.007657
-78.724196 43.007649
-78.724756 43.010818
-78.724696 43.023027
-78.732353 43.022957
-78.732553 43.026957
-78.737554 43.024657
-78.737554 43.024657
-78.737654 43.032057
-78.729636 43.031626
-78.729811 43.030749
-78.731367 43.029377
-78.729129 43.029054
-78.724253 43.034357
-78.737654 43.034457
-78.737654 43.043557
-78.734008 43.047017
-78.741201 43.047342
-78.741201 43.047342
-78.736926 43.047719
-78.733618 43.047388
-78.727854 43.052857
-78.725053 43.051457
-78.724153 43.052857
-78.724254 43.056357
-78.696653 43.082757
-78.696653 43.084957
-78.708453 43.082257
-78.719154 43.080557
-78.720554 43.081057
-78.721254 43.082557
-78.722754 43.084057
-78.727454 43.084857
-78.727354 43.086157
ID 14052
-78.536945 42.841995
-78.490925 42.842583
-78.486599 42.841133
-78.486599 42.841133
-78.486798 42.832586
-78.487035 42.822425
-78.487273 42.813431
-78.488143 42.78066
-78.482959 42.780619
-78.463233 42.780461
-78.463233 42.780461
-78.463442 42.75462
-78.463442 42.75362
-78.463532 42.737007
-78.463532 42.737007
-78.46574 42.736843
-78.46943 42.734304
-78.471074 42.734967
-78.474207 42.735286
-78.475541 42.735789
-78.478086 42.73908
-78.48662 42.746576
-78.488295 42.747261
-78.488139 42.746223
-78.490901 42.746711
-78.49214 42.744516
-78.491704 42.74319
-78.492169 42.742893
-78.492821 42.743075
-78.494001 42.744561
-78.493413 42.746207
-78.49642 42.745109
-78.49698 42.746
-78.495988 42.747144
-78.498966 42.746891
-78.499215 42.748194
-78.500031 42.746652
-78.501791 42.745436
-78.502463 42.745436
-78.504176 42.7471
-78.504592 42.748444
-78.503984 42.749596
-78.502303 42.751052
-78.502063 42.752124
-78.506928 42.75246
-78.50752 42.751868
-78.507024 42.748988
-78.5064 42.748204
-78.506864 42.747884
-78.50832 42.74822
-78.508416 42.747852
-78.508192 42.736572
-78.530896 42.736188
-78.530448 42.744252
-78.531808 42.74774
-78.531297 42.759212
-78.534241 42.761788
-78.536017 42.761484
-78.539569 42.762172
-78.542497 42.760652
-78.543921 42.761596
-78.546065 42.761804
-78.549665 42.7583
-78.548081 42.757484
-78.548577 42.75542
-78.547313 42.752828
-78.548513 42.749244
-78.547681 42.748556
-78.545905 42.748188
-78.548481 42.745628
-78.548513 42.744604
-78.547617 42.74326
-78.548961 42.741196
-78.547857 42.739932
-78.547969 42.73718
-78.548481 42.736316
-78.570802 42.736412
-78.572642 42.737324
-78.582046 42.73936
-78.588346 42.73886
-78.590146 42.74046
-78.591246 42.73906
-78.592646 42.73836
-78.592646 42.73716
-78.595046 42.73576
-78.596947 42.73356
-78.594846 42.73236
-78.595146 42.73116
-78.593046 42.73056
-78.594946 42.72936
-78.590746 42.72716
-78.592246 42.72506
-78.585346 42.70916
-78.586346 42.70946
-78.591946 42.71476
-78.608247 42.71526
-78.608347 42.70446
-78.608247 42.70106
-78.607047 42.70096
-78.601747 42.69736
-78.596946 42.69776
-78.596746 42.69336
-78.596746 42.69336
-78.622347 42.69386
-78.622347 42.69386
-78.634748 42.69406
-78.635148 42.69876
-78.637848 42.70016
-78.637848 42.70546
-78.652548 42.70556
-78.652348 42.72266
-78.653648 42.724559
-78.669249 42.724059
-78.671649 42.723559
-78.668049 42.725559
-78.667649 42.727859
-78.666549 42.729359
-78.666349 42.733359
-78.681449 42.733859
-78.681449 42.734759
-78.685349 42.734759
-78.685349 42.733559
-78.69685 42.733659
-78.69685 42.733659
-78.69685 42.752959
-78.681149 42.752959
-78.68115 42.767759
-78.68685 42.768059
-78.68655 42.778959
-78.68435 42.779359
-78.68305 42.780559
-78.68395 42.781959
-78.67835 42.781959
-78.67835 42.781959
-78.670649 42.781959
-78.670849 42.784659
-78.67475 42.786659
-78.67505 42.791759
-78.67825 42.796859
-78.67855 42.805559
-78.67805 42.806159
-78.67695 42.805259
-78.666449 42.805459
-78.663449 42.806659
-78.660949 42.805359
-78.659749 42.805259
-78.642749 42.805359
-78.641549 42.803259
-78.636248 42.798559
-78.636248 42.796959
-78.633048 42.792159
-78.616048 42.792059
-78.616848 42.796659
-78.614448 42.796559
-78.612048 42.797959
-78.611748 42.798759
-78.613848 42.801259
-78.613948 42.802159
-78.618748 42.803859
-78.619148 42.805059
-78.593947 42.805059
-78.593947 42.806359
-78.583947 42.819759
-78.583647 42.822459
-78.580747 42.824559
-78.577547 42.822759
-78.577547 42.822759
-78.554882 42.822811
-78.554994 42.827003
-78.538433 42.827275
-78.538913 42.828411
-78.540593 42.828795
-78.541473 42.831435
-78.542945 42.832187
-78.542433 42.833419
-78.542785 42.834891
-78.544514 42.835227
-78.546434 42.837115
-78.536897 42.837483
-78.536945 42.841995
ID 14055
-78.643838 42.58413
-78.642509 42.58262
-78.641861 42.580745
-78.642185 42.574465
-78.638837 42.571324
-78.636021 42.571643
-78.62568 42.577079
-78.625589 42.584432
-78.610015 42.584085
-78.610015 42.584085
-78.61001 42.577525
-78.60735 42.577752
-78.600389 42.576657
-78.597109 42.5746
-78.588355 42.57602
-78.585972 42.57522
-78.582723 42.573209
-78.580124 42.572614
-78.551232 42.573003
-78.551232 42.573003
-78.551805 42.552267
-78.547546 42.551165
-78.508192 42.551636
-78.508296 42.539473
-78.516586 42.53399
-78.518927 42.534775
-78.518927 42.534775
-78.522365 42.535524
-78.52484 42.533513
-78.52484 42.533513
-78.533426 42.533289
-78.540177 42.523343
-78.543085 42.517238
-78.544754 42.517216
-78.546979 42.517331
-78.552635 42.515548
-78.553222 42.514839
-78.553346 42.513467
-78.554675 42.512621
-78.557796 42.512644
-78.559832 42.51317
-78.559832 42.51317
-78.561752 42.510838
-78.562864 42.510244
-78.56988 42.510381
-78.5815 42.513443
-78.582366 42.514132
-78.582366 42.514815
-78.582953 42.514838
-78.586692 42.51406
-78.591482 42.514164
-78.592443 42.520415
-78.590189 42.524759
-78.591056 42.528349
-78.596591 42.529512
-78.658295 42.530495
-78.659396 42.532027
-78.658592 42.534062
-78.654644 42.538544
-78.645792 42.544298
-78.644336 42.545989
-78.643931 42.547589
-78.644863 42.552183
-78.680105 42.552815
-78.682177 42.555055
-78.681775 42.556976
-78.682022 42.558028
-78.696777 42.571724
-78.696746 42.576411
-78.69718 42.57744
-78.699284 42.579292
-78.701202 42.580161
-78.7021 42.584368
-78.7021 42.584711
-78.697551 42.582013
-78.702162 42.588141
-78.705969 42.591799
-78.705969 42.591799
-78.703122 42.591319
-78.699347 42.589879
-78.685949 42.587684
-78.68434 42.586792
-78.682144 42.583065
-78.672118 42.583086
-78.667725 42.58256
-78.660363 42.579448
-78.656094 42.579402
-78.650246 42.580177
-78.645172 42.579992
-78.644366 42.581364
-78.643838 42.58413
ID 14057
-78.907471 42.696571
-78.888503 42.696687
-78.886412 42.693467
-78.880139 42.688859
-78.877419 42.687899
-78.874987 42.690939
-78.867655 42.696759
-78.854755 42.696759
-78.856139 42.694315
-78.856523 42.685019
-78.853003 42.685323
-78.83809 42.689499
-78.83361 42.691227
-78.822714 42.691115
-78.814009 42.692475
-78.81406 42.696517
-78.804253 42.696459
-78.804041 42.685659
-78.812281 42.685339
-78.814281 42.684443
-78.814473 42.661659
-78.813993 42.63606
-78.813993 42.63606
-78.813865 42.62726
-78.805129 42.624723
-78.804975 42.61997
-78.793952 42.619877
-78.788413 42.614525
-78.788137 42.609586
-78.784376 42.609499
-78.783851 42.588221
-78.783851 42.588221
-78.783604 42.576887
-78.783604 42.576887
-78.786449 42.579449
-78.789819 42.584228
-78.792223 42.590119
-78.793837 42.596348
-78.796652 42.599138
-78.802905 42.600419
-78.809652 42.599848
-78.816894 42.603919
-78.819989 42.608652
-78.821011 42.609041
-78.83781 42.609152
-78.842121 42.605654
-78.841928 42.587475
-78.871727 42.587373
-78.87156 42.607976
-78.872056 42.608913
-78.938221 42.608732
-78.943657 42.609059
-78.943557 42.616759
-78.948157 42.618459
-78.952057 42.617159
-78.958657 42.616659
-78.966558 42.620859
-78.963458 42.622259
-78.967458 42.624659
-78.967458 42.624659
-78.961058 42.623259
-78.955257 42.620759
-78.947957 42.619759
-78.943457 42.619859
-78.943357 42.634059
-78.950657 42.636459
-78.954957 42.635459
-78.956958 42.633759
-78.961358 42.634459
-78.965458 42.638559
-78.965058 42.641359
-78.967658 42.641959
-78.970358 42.639659
-78.971758 42.641759
-78.972058 42.647859
-78.969158 42.650459
-78.966958 42.650659
-78.965558 42.652359
-78.972358 42.652559
-78.972358 42.660159
-78.955058 42.674759
-78.955058 42.674759
-78.946058 42.682559
-78.939261 42.690603
-78.935657 42.696159
-78.935657 42.696159
-78.933581 42.695259
-78.931725 42.692875
-78.929421 42.692251
-78.91038 42.694907
-78.908364 42.695515
-78.907471 42.696571
ID 14059
-78.696851 42.863758
-78.688758 42.8639
-78.688758 42.8639
-78.67515 42.863959
-78.65965 42.867559
-78.65805 42.868459
-78.650449 42.869159
-78.637949 42.864459
-78.598448 42.864659
-78.595147 42.861359
-78.590747 42.860859
-78.590647 42.856059
-78.555954 42.856635
-78.555954 42.856635
-78.55541 42.841163
-78.55541 42.841163
-78.555778 42.840475
-78.55685 42.840491
-78.562274 42.842827
-78.564034 42.843963
-78.566242 42.846683
-78.568034 42.847051
-78.573203 42.845867
-78.575971 42.843611
-78.577027 42.842555
-78.577847 42.839659
-78.577547 42.822759
-78.577547 42.822759
-78.580747 42.824559
-78.583647 42.822459
-78.583947 42.819759
-78.593947 42.806359
-78.593947 42.805059
-78.619148 42.805059
-78.618748 42.803859
-78.613948 42.802159
-78.613848 42.801259
-78.611748 42.798759
-78.612048 42.797959
-78.614448 42.796559
-78.616848 42.796659
-78.616048 42.792059
-78.633048 42.792159
-78.636248 42.796959
-78.636248 42.798559
-78.641549 42.803259
-78.642749 42.805359
-78.659749 42.805259
-78.660949 42.805359
-78.663449 42.806659
-78.666449 42.805459
-78.67695 42.805259
-78.67805 42.806159
-78.67855 42.805559
-78.67825 42.796859
-78.67505 42.791759
-78.67475 42.786659
-78.670849 42.784659
-78.670649 42.781959
-78.67835 42.781959
-78.67835 42.781959
-78.67745 42.783259
-78.68225 42.785959
-78.68615 42.786259
-78.68735 42.787859
-78.68335 42.792259
-78.68245 42.795359
-78.68485 42.797959
-78.68455 42.800459
-78.68605 42.802759
-78.68875 42.803759
-78.68965 42.809959
-78.68595 42.810259
-78.68495 42.816359
-78.67865 42.818259
-78.68565 42.819559
-78.6874314697266 42.8150591573242
-78.6876114697266 42.8127791573242
-78.69125 42.808759
-78.69675 42.805359
-78.69685 42.811359
-78.69685 42.811359
-78.696851 42.863758
ID 14068
-78.773755 43.008057
-78.775355 43.006357
-78.775355 43.006357
-78.777655 43.006157
-78.780055 43.008457
-78.783055 43.008957
-78.783555 43.008857
-78.784155 43.007157
-78.787055 43.006557
-78.790855 43.018057
-78.793056 43.021057
-78.794396 43.021609
-78.786443 43.025145
-78.781691 43.025849
-78.767467 43.025977
-78.767555 43.034557
-78.757832 43.034557
-78.755843 43.041067
-78.75522 43.042353
-78.753318 43.04419
-78.749865 43.045975
-78.744368 43.047309
-78.741201 43.047342
-78.741201 43.047342
-78.734008 43.047017
-78.737654 43.043557
-78.737654 43.034457
-78.724253 43.034357
-78.729129 43.029054
-78.731367 43.029377
-78.729811 43.030749
-78.729636 43.031626
-78.737654 43.032057
-78.737554 43.024657
-78.737554 43.024657
-78.740054 43.023657
-78.744254 43.020957
-78.748354 43.019457
-78.746254 43.017957
-78.745082 43.017705
-78.74505 43.016681
-78.746266 43.015711
-78.748386 43.015644
-78.7513454455078 43.0173457003906
-78.753554 43.016391
-78.753761 43.013205
-78.755311 43.012201
-78.758554 43.012057
-78.763154 43.009957
-78.763754 43.007357
-78.764154 43.007157
-78.767954 43.006457
-78.773755 43.008057
ID 14069
-78.659983 42.620773
-78.657898 42.619368
-78.655513 42.620671
-78.649754 42.621903
-78.630683 42.621804
-78.624296 42.623222
-78.624296 42.623222
-78.625312 42.606734
-78.60938 42.606103
-78.610015 42.584085
-78.610015 42.584085
-78.625589 42.584432
-78.62568 42.577079
-78.636021 42.571643
-78.638837 42.571324
-78.642185 42.574465
-78.641861 42.580745
-78.642509 42.58262
-78.643838 42.58413
-78.643838 42.58413
-78.64795 42.587693
-78.650554 42.594694
-78.651394 42.598538
-78.651336 42.600939
-78.653321 42.610519
-78.65632 42.617127
-78.659972 42.618248
-78.661024 42.620398
-78.659983 42.620773
ID 14070
-78.989782 42.523291
-78.989008 42.523578
-78.989567 42.526619
-78.982259 42.540608
-78.982259 42.540608
-78.978754 42.539749
-78.97829 42.538674
-78.976434 42.537257
-78.972846 42.536161
-78.971207 42.53575
-78.96926 42.535979
-78.96323 42.53486
-78.957788 42.533283
-78.956921 42.530882
-78.957168 42.528961
-78.955095 42.52249
-78.952158 42.520021
-78.950705 42.52057
-78.944769 42.51762
-78.943949 42.516622
-78.943949 42.516622
-78.943977 42.500061
-78.941983 42.500129
-78.940992 42.49932
-78.941596 42.493948
-78.928752 42.493894
-78.928788 42.489303
-78.919831 42.483105
-78.912818 42.481846
-78.908649 42.47862
-78.904014 42.479968
-78.903117 42.482918
-78.900922 42.484884
-78.890209 42.485297
-78.88532 42.485952
-78.881024 42.487139
-78.87676 42.486976
-78.87175 42.483412
-78.870139 42.483216
-78.870035 42.488589
-78.86919 42.488685
-78.867716 42.487919
-78.867667 42.480875
-78.84289 42.466455
-78.840449 42.464375
-78.840324 42.460168
-78.838686 42.456464
-78.832447 42.452326
-78.823461 42.452624
-78.821948 42.45315
-78.814322 42.456695
-78.803142 42.462776
-78.799961 42.46257
-78.790819 42.463918
-78.785076 42.462704
-78.783471 42.460692
-78.782483 42.460714
-78.780142 42.461641
-78.779455 42.462931
-78.779559 42.465747
-78.779559 42.465747
-78.778684 42.461879
-78.778684 42.461879
-78.778221 42.460941
-78.774269 42.460826
-78.771799 42.460185
-78.770472 42.459109
-78.770194 42.458195
-78.771245 42.457212
-78.779058 42.455362
-78.781343 42.455386
-78.783875 42.456279
-78.78619 42.458017
-78.791795 42.460941
-78.798704 42.462137
-78.805737 42.458272
-78.805737 42.458272
-78.808948 42.45905
-78.812907 42.456171
-78.816236 42.453951
-78.818934 42.452982
-78.833341 42.448095
-78.835378 42.446197
-78.836798 42.443544
-78.837816 42.443064
-78.839823 42.442995
-78.845257 42.444663
-78.849239 42.44297
-78.863317 42.44157
-78.868811 42.440424
-78.877271 42.441288
-78.880668 42.440398
-78.882553 42.438593
-78.883788 42.438068
-78.886965 42.441316
-78.888292 42.442094
-78.889218 42.441866
-78.891937 42.439695
-78.893759 42.439238
-78.894903 42.436586
-78.894224 42.436037
-78.894071 42.435168
-78.898396 42.429087
-78.896548 42.423964
-78.895684 42.423346
-78.889235 42.422063
-78.884698 42.422244
-78.882818 42.419133
-78.88393 42.418219
-78.887916 42.412344
-78.890111 42.40672
-78.887276 42.402328
-78.887495 42.398692
-78.891759 42.389707
-78.892132 42.385042
-78.890007 42.381063
-78.885229 42.375061
-78.880267 42.369205
-78.877433 42.366894
-78.878732 42.36255
-78.880307 42.360218
-78.880215 42.359166
-78.878646 42.356444
-78.873234 42.354456
-78.871291 42.354297
-78.866562 42.34708
-78.882997 42.347636
-78.885219 42.350685
-78.892582 42.356748
-78.901611 42.362286
-78.913544 42.362541
-78.913576 42.359042
-78.921161 42.362588
-78.923596 42.363275
-78.941018 42.363345
-78.943342 42.363706
-78.943342 42.365232
-78.935621 42.364031
-78.935528 42.369519
-78.954925 42.370113
-78.959182 42.370844
-78.961966 42.371958
-78.961966 42.371958
-78.960076 42.374114
-78.968623 42.375061
-78.972697 42.376105
-78.975134 42.377407
-78.988371 42.385725
-78.992818 42.391555
-78.998374 42.394593
-79.002687 42.395758
-79.008546 42.399031
-79.012093 42.402074
-79.012953 42.404864
-79.014371 42.406877
-79.018936 42.411224
-79.02797 42.423622
-79.017012 42.423572
-79.017012 42.423572
-79.002259 42.423451
-79.002279 42.434953
-78.977874 42.434417
-78.976463 42.430935
-78.9759 42.423302
-78.969419 42.422962
-78.963524 42.424312
-78.95408 42.422873
-78.950212 42.424139
-78.948396 42.425582
-78.944823 42.434146
-78.967634 42.434282
-78.963816 42.440386
-78.958622 42.444002
-78.948866 42.444141
-78.947693 42.446611
-78.948033 42.449469
-78.951295 42.456129
-78.958409 42.456145
-78.958287 42.458683
-78.955817 42.46081
-78.95347 42.462023
-78.95011 42.468579
-78.952082 42.47069
-78.956622 42.471878
-78.957827 42.472976
-78.962866 42.483607
-78.963392 42.486145
-78.963115 42.48969
-78.964877 42.492868
-78.966329 42.492891
-78.972358 42.499586
-78.972228 42.50006
-78.980556 42.505927
-78.982379 42.505972
-78.987733 42.513494
-78.988105 42.515483
-78.986747 42.517633
-78.986594 42.519188
-78.989782 42.523291
ID 14072
-78.9832570201058 42.972460496637
-79.011563 42.985256
-79.019964 42.994756
-79.0202584565225 43.0007736087824
-79.0204742081767 43.0051827794046
-79.0209196932908 43.0142868573575
-79.0159320292746 43.0222780331847
-79.0159320292746 43.0222780331847
-79.011564 43.026556
-79.008464 43.031656
-79.007564 43.037156
-79.001964 43.047256
-78.999964 43.049256
-78.997864 43.053356
-78.995664 43.059556
-78.995664 43.060756
-78.997864 43.064456
-78.990464 43.063956
-78.980963 43.064156
-78.971763 43.061056
-78.966263 43.060456
-78.951262 43.063456
-78.945362 43.062656
-78.937762 43.058256
-78.929461 43.055356
-78.922161 43.054556
-78.916961 43.052356
-78.915461 43.049456
-78.90416 43.044656
-78.89966 43.041056
-78.89776 43.036956
-78.89756 43.034556
-78.893359 43.025556
-78.894059 43.022356
-78.89766 43.018856
-78.90446 43.016256
-78.91106 43.014656
-78.91846 43.012056
-78.92646 43.008356
-78.939061 42.999756
-78.943961 42.995056
-78.947161 42.987356
-78.947261 42.980556
-78.946561 42.976856
-78.943961 42.970956
-78.942161 42.968856
-78.93786 42.960957
-78.93926 42.958157
-78.945261 42.957657
-78.955461 42.958356
-78.957261 42.959956
-78.957661 42.961656
-78.960461 42.962656
-78.962761 42.962456
-78.963661 42.961756
-78.965061 42.962056
-78.979862 42.973656
-78.983344 42.974609
-78.9832570201058 42.972460496637
ID 14075
-78.750727 42.667708
-78.746459 42.667991
-78.743764 42.668747
-78.718296 42.668939
-78.716558 42.664046
-78.716537 42.662046
-78.716537 42.662046
-78.725202 42.664547
-78.726007 42.664204
-78.726348 42.663312
-78.728794 42.660865
-78.732139 42.658805
-78.74208 42.656035
-78.750823 42.661084
-78.769299 42.660924
-78.767371 42.656493
-78.764066 42.641896
-78.76948 42.641932
-78.769528 42.6523
-78.784024 42.652316
-78.789208 42.636908
-78.792328 42.636108
-78.813993 42.63606
-78.813993 42.63606
-78.814473 42.661659
-78.814281 42.684443
-78.812281 42.685339
-78.804041 42.685659
-78.804253 42.696459
-78.81406 42.696517
-78.814009 42.692475
-78.822714 42.691115
-78.83361 42.691227
-78.83809 42.689499
-78.853003 42.685323
-78.856523 42.685019
-78.856139 42.694315
-78.854755 42.696759
-78.867655 42.696759
-78.874987 42.690939
-78.877419 42.687899
-78.880139 42.688859
-78.886412 42.693467
-78.888503 42.696687
-78.907471 42.696571
-78.907471 42.696571
-78.907456 42.697559
-78.905056 42.702059
-78.899756 42.706759
-78.905756 42.707559
-78.908196 42.710103
-78.913057 42.707559
-78.915057 42.707359
-78.914457 42.724059
-78.903856 42.723759
-78.902456 42.723059
-78.895656 42.723259
-78.889956 42.727259
-78.893456 42.726759
-78.899456 42.723959
-78.900856 42.723759
-78.914357 42.725258
-78.916457 42.728658
-78.916457 42.735758
-78.924357 42.735058
-78.928457 42.734058
-78.9284134184337 42.7351673489597
-78.9284134184337 42.7351673489597
-78.918157 42.737258
-78.8772610718834 42.7644664358752
-78.868556 42.770258
-78.8624736396125 42.7757760674994
-78.8602474514261 42.7777957203803
-78.8602474514261 42.7777957203803
-78.859356 42.777558
-78.853755 42.780058
-78.847955 42.777558
-78.846655 42.782058
-78.845455 42.782058
-78.844755 42.780658
-78.846255 42.776554
-78.846228 42.774205
-78.844255 42.771758
-78.823754 42.771658
-78.811254 42.769959
-78.803254 42.772659
-78.803254 42.772659
-78.796253 42.775359
-78.796153 42.767959
-78.797453 42.747559
-78.798653 42.715559
-78.798353 42.708359
-78.782052 42.696359
-78.776252 42.696359
-78.75668 42.676188
-78.752647 42.66742
-78.750727 42.667708
ID 14080
-78.622347 42.69386
-78.596746 42.69336
-78.596746 42.69336
-78.567809 42.692796
-78.51464 42.692732
-78.463801 42.693918
-78.463801 42.693918
-78.463739 42.690776
-78.469688 42.688671
-78.478519 42.686862
-78.478981 42.682861
-78.507459 42.68219
-78.50746 42.681161
-78.505734 42.67117
-78.463529 42.672141
-78.463529 42.672141
-78.462164 42.620279
-78.462211 42.617168
-78.46237 42.606545
-78.46237 42.606545
-78.51677 42.606601
-78.515168 42.605116
-78.514273 42.602966
-78.515235 42.59924
-78.518766 42.595149
-78.523191 42.595311
-78.532476 42.593348
-78.537427 42.594965
-78.550546 42.594815
-78.551232 42.573003
-78.551232 42.573003
-78.580124 42.572614
-78.582723 42.573209
-78.585972 42.57522
-78.588355 42.57602
-78.597109 42.5746
-78.600389 42.576657
-78.60735 42.577752
-78.61001 42.577525
-78.610015 42.584085
-78.610015 42.584085
-78.60938 42.606103
-78.625312 42.606734
-78.624296 42.623222
-78.624296 42.623222
-78.623232 42.650637
-78.623232 42.650637
-78.622634 42.67341
-78.619002 42.673371
-78.62087 42.675537
-78.62262 42.676431
-78.622347 42.69386
ID 14081
-79.017663 42.588315
-79.005311 42.588299
-79.004575 42.586107
-79.005455 42.584091
-79.004286 42.57542
-79.00331 42.574076
-79.017519 42.574347
-79.017695 42.567067
-78.980222 42.566716
-78.980222 42.566716
-78.979348 42.547158
-78.978758 42.544437
-78.979221 42.543042
-78.981262 42.542424
-78.982259 42.540608
-78.982259 42.540608
-78.989567 42.526619
-78.989008 42.523578
-78.989782 42.523291
-78.989782 42.523291
-78.990926 42.525109
-78.991981 42.529568
-78.997673 42.532881
-78.999025 42.532775
-78.999758 42.531797
-78.999758 42.531797
-79.005089 42.535166
-79.007965 42.535145
-79.010253 42.534437
-79.012788 42.534759
-79.017919 42.536773
-79.024906 42.540503
-79.026854 42.540915
-79.030379 42.540482
-79.03109 42.540962
-79.031615 42.54254
-79.032295 42.542975
-79.033408 42.543044
-79.035604 42.542266
-79.036378 42.541694
-79.038358 42.539019
-79.039409 42.538082
-79.040925 42.537579
-79.043398 42.537763
-79.046923 42.539044
-79.048036 42.538975
-79.048809 42.538655
-79.050325 42.537238
-79.051747 42.536369
-79.054035 42.536575
-79.057127 42.537741
-79.059848 42.538039
-79.063744 42.53964
-79.065879 42.541126
-79.070549 42.542544
-79.073549 42.544487
-79.075157 42.544807
-79.079146 42.544944
-79.080198 42.545173
-79.083074 42.546819
-79.083538 42.547756
-79.084776 42.548991
-79.089323 42.550408
-79.089601 42.551391
-79.088952 42.551643
-79.085364 42.552398
-79.082766 42.552398
-79.08122 42.552948
-79.080447 42.554617
-79.081345 42.555829
-79.083293 42.556515
-79.086696 42.55704
-79.089603 42.556216
-79.091274 42.556376
-79.093874 42.561383
-79.093124 42.562559
-79.091904 42.562559
-79.09192 42.562827
-79.095616 42.564859
-79.096624 42.564955
-79.097408 42.564747
-79.099552 42.563163
-79.101264 42.562683
-79.102321 42.562683
-79.104337 42.563323
-79.105073 42.563866
-79.105473 42.564666
-79.105169 42.565402
-79.103345 42.56681
-79.103585 42.568074
-79.104209 42.568698
-79.107329 42.570138
-79.109041 42.570602
-79.115153 42.57025
-79.118513 42.56841
-79.121041 42.566282
-79.123873 42.565562
-79.127895 42.565875
-79.132163 42.567615
-79.134884 42.569057
-79.135781 42.569766
-79.1363799122541 42.570672803765
-79.1363799122541 42.570672803765
-79.1296297208619 42.5898242124704
-79.126261 42.590937
-79.121921 42.594234
-79.1151540302697 42.6039293659879
-79.113713 42.605994
-79.1122871529856 42.6104582591046
-79.1122871529856 42.6104582591046
-79.06396 42.610359
-79.073168 42.602715
-79.069504 42.602699
-79.05806 42.610359
-79.04736 42.610359
-79.047652 42.593966
-79.032175 42.601723
-79.032463 42.588395
-79.017663 42.588315
ID 14085
-78.935657 42.696159
-78.937957 42.696559
-78.938957 42.700859
-78.941157 42.699559
-78.947358 42.700359
-78.946458 42.703359
-78.947258 42.704159
-78.951358 42.706259
-78.954758 42.705559
-78.957758 42.707958
-78.960558 42.708058
-78.963358 42.708958
-78.963158 42.710658
-78.966858 42.712658
-78.967458 42.714558
-78.969358 42.716758
-78.9693832200444 42.7176819026153
-78.9693832200444 42.7176819026153
-78.944158 42.731958
-78.9284134184337 42.7351673489597
-78.9284134184337 42.7351673489597
-78.928457 42.734058
-78.924357 42.735058
-78.916457 42.735758
-78.916457 42.728658
-78.914357 42.725258
-78.900856 42.723759
-78.899456 42.723959
-78.893456 42.726759
-78.889956 42.727259
-78.895656 42.723259
-78.902456 42.723059
-78.903856 42.723759
-78.914457 42.724059
-78.915057 42.707359
-78.913057 42.707559
-78.908196 42.710103
-78.905756 42.707559
-78.899756 42.706759
-78.905056 42.702059
-78.907456 42.697559
-78.907471 42.696571
-78.907471 42.696571
-78.908364 42.695515
-78.91038 42.694907
-78.929421 42.692251
-78.931725 42.692875
-78.933581 42.695259
-78.935657 42.696159
ID 14086
-78.66015 42.955858
-78.592048 42.954758
-78.592048 42.954758
-78.578048 42.954758
-78.578347 42.931059
-78.592848 42.928559
-78.592848 42.924759
-78.578247 42.927359
-78.577947 42.890659
-78.573047 42.890459
-78.573647 42.885659
-78.577847 42.885359
-78.577747 42.876959
-78.562046 42.877159
-78.562546 42.868059
-78.556146 42.868259
-78.555954 42.856635
-78.555954 42.856635
-78.590647 42.856059
-78.590747 42.860859
-78.595147 42.861359
-78.598448 42.864659
-78.637949 42.864459
-78.650449 42.869159
-78.65805 42.868459
-78.65965 42.867559
-78.67515 42.863959
-78.688758 42.8639
-78.688758 42.8639
-78.689411 42.864516
-78.687733 42.86545
-78.684396 42.866338
-78.690723 42.868741
-78.691503 42.869497
-78.686726 42.869095
-78.683557 42.869518
-78.678144 42.872208
-78.677697 42.87346
-78.678664 42.874325
-78.679973 42.874399
-78.681554 42.873069
-78.685914 42.872731
-78.687281 42.87357
-78.686687 42.875177
-78.681244 42.876988
-78.676708 42.879188
-78.67675 42.880658
-78.687451 42.880558
-78.687351 42.892758
-78.682551 42.892958
-78.682851 42.897758
-78.682503 42.905562
-78.680451 42.907958
-78.676951 42.915058
-78.676851 42.924758
-78.688851 42.924758
-78.688855 42.927946
-78.696751 42.927958
-78.696751 42.927958
-78.696751 42.934258
-78.696751 42.934258
-78.684451 42.932658
-78.684451 42.939958
-78.686551 42.940058
-78.676851 42.944058
-78.676851 42.949558
-78.676851 42.949558
-78.66015 42.955858
ID 14091
-78.982259 42.540608
-78.981262 42.542424
-78.979221 42.543042
-78.978758 42.544437
-78.979348 42.547158
-78.980222 42.566716
-78.980222 42.566716
-78.963197 42.5667
-78.963163 42.55217
-78.943512 42.551988
-78.943469 42.573948
-78.942701 42.573916
-78.935014 42.538199
-78.930919 42.539184
-78.930638 42.555305
-78.931349 42.557935
-78.915791 42.558253
-78.915564 42.565532
-78.886283 42.565356
-78.886187 42.576668
-78.871779 42.576649
-78.871851 42.553714
-78.853417 42.551641
-78.845934 42.553381
-78.835758 42.553086
-78.827686 42.554116
-78.798212 42.554688
-78.798212 42.554688
-78.797845 42.539254
-78.789744 42.539161
-78.783499 42.537513
-78.7835 42.533548
-78.797785 42.533652
-78.797448 42.522059
-78.788545 42.521943
-78.788148 42.511264
-78.80501 42.51139
-78.80501 42.51139
-78.8278 42.511037
-78.826255 42.512524
-78.826443 42.521899
-78.844062 42.521735
-78.844253 42.532185
-78.861679 42.532399
-78.865708 42.530097
-78.871209 42.528082
-78.872755 42.528789
-78.876041 42.531552
-78.878421 42.532405
-78.886699 42.532504
-78.88685 42.52699
-78.895918 42.526995
-78.901583 42.525069
-78.904581 42.525688
-78.90968 42.527953
-78.914348 42.52864
-78.924181 42.524388
-78.92878 42.521415
-78.931235 42.521423
-78.933511 42.531232
-78.943927 42.531239
-78.943949 42.516622
-78.943949 42.516622
-78.944769 42.51762
-78.950705 42.52057
-78.952158 42.520021
-78.955095 42.52249
-78.957168 42.528961
-78.956921 42.530882
-78.957788 42.533283
-78.96323 42.53486
-78.96926 42.535979
-78.971207 42.53575
-78.972846 42.536161
-78.976434 42.537257
-78.97829 42.538674
-78.978754 42.539749
-78.982259 42.540608
ID 14102
-78.55541 42.841163
-78.552994 42.842651
-78.551202 42.842811
-78.549842 42.842587
-78.54893 42.841755
-78.536945 42.841995
-78.536945 42.841995
-78.536897 42.837483
-78.546434 42.837115
-78.544514 42.835227
-78.542785 42.834891
-78.542433 42.833419
-78.542945 42.832187
-78.541473 42.831435
-78.540593 42.828795
-78.538913 42.828411
-78.538433 42.827275
-78.554994 42.827003
-78.554882 42.822811
-78.577547 42.822759
-78.577547 42.822759
-78.577847 42.839659
-78.577027 42.842555
-78.575971 42.843611
-78.573203 42.845867
-78.568034 42.847051
-78.566242 42.846683
-78.564034 42.843963
-78.562274 42.842827
-78.55685 42.840491
-78.555778 42.840475
-78.55541 42.841163
ID 14111
-79.017663 42.588315
-79.017407 42.599195
-79.004799 42.599195
-78.998831 42.600939
-78.987886 42.600811
-78.988058 42.609459
-78.973258 42.609359
-78.969358 42.619459
-78.969158 42.622359
-78.967458 42.624659
-78.967458 42.624659
-78.963458 42.622259
-78.966558 42.620859
-78.958657 42.616659
-78.952057 42.617159
-78.948157 42.618459
-78.943557 42.616759
-78.943657 42.609059
-78.938221 42.608732
-78.872056 42.608913
-78.87156 42.607976
-78.871727 42.587373
-78.841928 42.587475
-78.842121 42.605654
-78.83781 42.609152
-78.821011 42.609041
-78.819989 42.608652
-78.816894 42.603919
-78.809652 42.599848
-78.802905 42.600419
-78.796652 42.599138
-78.793837 42.596348
-78.792223 42.590119
-78.789819 42.584228
-78.786449 42.579449
-78.783604 42.576887
-78.783604 42.576887
-78.783422 42.554932
-78.798212 42.554688
-78.798212 42.554688
-78.827686 42.554116
-78.835758 42.553086
-78.845934 42.553381
-78.853417 42.551641
-78.871851 42.553714
-78.871779 42.576649
-78.886187 42.576668
-78.886283 42.565356
-78.915564 42.565532
-78.915791 42.558253
-78.931349 42.557935
-78.930638 42.555305
-78.930919 42.539184
-78.935014 42.538199
-78.942701 42.573916
-78.943469 42.573948
-78.943512 42.551988
-78.963163 42.55217
-78.963197 42.5667
-78.980222 42.566716
-78.980222 42.566716
-79.017695 42.567067
-79.017519 42.574347
-79.00331 42.574076
-79.004286 42.57542
-79.005455 42.584091
-79.004575 42.586107
-79.005311 42.588299
-79.017663 42.588315
ID 14127
-78.779053 42.804158
-78.775053 42.802358
-78.771553 42.801459
-78.770753 42.801559
-78.769353 42.804058
-78.769353 42.804058
-78.763253 42.804059
-78.761353 42.803259
-78.755452 42.796359
-78.751452 42.796259
-78.751552 42.800159
-78.755152 42.803859
-78.738452 42.803959
-78.724051 42.811459
-78.69685 42.811359
-78.69685 42.811359
-78.69675 42.805359
-78.69125 42.808759
-78.6876114697266 42.8127791573242
-78.6874314697266 42.8150591573242
-78.68565 42.819559
-78.67865 42.818259
-78.68495 42.816359
-78.68595 42.810259
-78.68965 42.809959
-78.68875 42.803759
-78.68605 42.802759
-78.68455 42.800459
-78.68485 42.797959
-78.68245 42.795359
-78.68335 42.792259
-78.68735 42.787859
-78.68615 42.786259
-78.68225 42.785959
-78.67745 42.783259
-78.67835 42.781959
-78.67835 42.781959
-78.68395 42.781959
-78.68305 42.780559
-78.68435 42.779359
-78.68655 42.778959
-78.68685 42.768059
-78.68115 42.767759
-78.681149 42.752959
-78.69685 42.752959
-78.69685 42.733659
-78.69685 42.733659
-78.717651 42.733259
-78.71805 42.69606
-78.71805 42.69606
-78.746751 42.696159
-78.746807 42.691499
-78.748981 42.680863
-78.741926 42.680514
-78.745163 42.673959
-78.748883 42.67126
-78.751319 42.668764
-78.750727 42.667708
-78.750727 42.667708
-78.752647 42.66742
-78.75668 42.676188
-78.776252 42.696359
-78.782052 42.696359
-78.798353 42.708359
-78.798653 42.715559
-78.797453 42.747559
-78.796153 42.767959
-78.796253 42.775359
-78.803254 42.772659
-78.803254 42.772659
-78.804754 42.774459
-78.800054 42.776159
-78.797053 42.777959
-78.797082 42.781803
-78.789653 42.781859
-78.791553 42.788559
-78.794254 42.794758
-78.798354 42.794658
-78.799654 42.796758
-78.799654 42.796758
-78.803754 42.804458
-78.797054 42.804258
-78.796554 42.802858
-78.782453 42.802758
-78.782353 42.804258
-78.779053 42.804158
ID 14134
-78.518927 42.534775
-78.52484 42.533513
-78.52484 42.533513
-78.522365 42.535524
-78.518927 42.534775
ID 14139
-78.463532 42.737007
-78.463562 42.733896
-78.463567 42.733366
-78.463605 42.729411
-78.463666 42.723117
-78.46367 42.722683
-78.463682 42.721486
-78.463801 42.693918
-78.463801 42.693918
-78.51464 42.692732
-78.567809 42.692796
-78.596746 42.69336
-78.596746 42.69336
-78.596946 42.69776
-78.601747 42.69736
-78.607047 42.70096
-78.608247 42.70106
-78.608347 42.70446
-78.608247 42.71526
-78.591946 42.71476
-78.586346 42.70946
-78.585346 42.70916
-78.592246 42.72506
-78.590746 42.72716
-78.594946 42.72936
-78.593046 42.73056
-78.595146 42.73116
-78.594846 42.73236
-78.596947 42.73356
-78.595046 42.73576
-78.592646 42.73716
-78.592646 42.73836
-78.591246 42.73906
-78.590146 42.74046
-78.588346 42.73886
-78.582046 42.73936
-78.572642 42.737324
-78.570802 42.736412
-78.548481 42.736316
-78.547969 42.73718
-78.547857 42.739932
-78.548961 42.741196
-78.547617 42.74326
-78.548513 42.744604
-78.548481 42.745628
-78.545905 42.748188
-78.547681 42.748556
-78.548513 42.749244
-78.547313 42.752828
-78.548577 42.75542
-78.548081 42.757484
-78.549665 42.7583
-78.546065 42.761804
-78.543921 42.761596
-78.542497 42.760652
-78.539569 42.762172
-78.536017 42.761484
-78.534241 42.761788
-78.531297 42.759212
-78.531808 42.74774
-78.530448 42.744252
-78.530896 42.736188
-78.508192 42.736572
-78.508416 42.747852
-78.50832 42.74822
-78.506864 42.747884
-78.5064 42.748204
-78.507024 42.748988
-78.50752 42.751868
-78.506928 42.75246
-78.502063 42.752124
-78.502303 42.751052
-78.503984 42.749596
-78.504592 42.748444
-78.504176 42.7471
-78.502463 42.745436
-78.501791 42.745436
-78.500031 42.746652
-78.499215 42.748194
-78.498966 42.746891
-78.495988 42.747144
-78.49698 42.746
-78.49642 42.745109
-78.493413 42.746207
-78.494001 42.744561
-78.492821 42.743075
-78.492169 42.742893
-78.491704 42.74319
-78.49214 42.744516
-78.490901 42.746711
-78.488139 42.746223
-78.488295 42.747261
-78.48662 42.746576
-78.478086 42.73908
-78.475541 42.735789
-78.474207 42.735286
-78.471074 42.734967
-78.46943 42.734304
-78.46574 42.736843
-78.463532 42.737007
ID 14141
-78.783851 42.588221
-78.781649 42.587999
-78.769948 42.592522
-78.76939 42.593597
-78.769472 42.609488
-78.755216 42.609355
-78.753416 42.60642
-78.751578 42.604523
-78.73642 42.609243
-78.720894 42.609066
-78.720087 42.605743
-78.715442 42.59925
-78.713491 42.597124
-78.708601 42.593283
-78.705969 42.591799
-78.705969 42.591799
-78.702162 42.588141
-78.697551 42.582013
-78.7021 42.584711
-78.7021 42.584368
-78.701202 42.580161
-78.699284 42.579292
-78.69718 42.57744
-78.696746 42.576411
-78.696777 42.571724
-78.682022 42.558028
-78.681775 42.556976
-78.682177 42.555055
-78.680105 42.552815
-78.644863 42.552183
-78.643931 42.547589
-78.644336 42.545989
-78.645792 42.544298
-78.654644 42.538544
-78.658592 42.534062
-78.659396 42.532027
-78.658295 42.530495
-78.596591 42.529512
-78.591056 42.528349
-78.590189 42.524759
-78.592443 42.520415
-78.591482 42.514164
-78.586692 42.51406
-78.582953 42.514838
-78.582366 42.514815
-78.582366 42.514132
-78.5815 42.513443
-78.56988 42.510381
-78.562864 42.510244
-78.561752 42.510838
-78.559832 42.51317
-78.559832 42.51317
-78.559828 42.510847
-78.557704 42.510244
-78.555509 42.510381
-78.550163 42.511889
-78.546238 42.51429
-78.542004 42.514014
-78.540397 42.513283
-78.524974 42.516639
-78.525164 42.508271
-78.525164 42.508271
-78.525074 42.504728
-78.52381 42.500062
-78.523623 42.493291
-78.524149 42.492651
-78.5345 42.490071
-78.552018 42.483604
-78.559122 42.482919
-78.56354 42.48157
-78.567772 42.477934
-78.56805 42.466045
-78.583428 42.465472
-78.583428 42.465472
-78.583125 42.487651
-78.590817 42.487489
-78.590722 42.483648
-78.59239 42.479395
-78.604806 42.479597
-78.605673 42.482478
-78.607373 42.484444
-78.613923 42.485859
-78.619918 42.488646
-78.622113 42.490817
-78.624746 42.492369
-78.64016 42.493702
-78.640664 42.496084
-78.641798 42.493016
-78.642942 42.492239
-78.651037 42.490253
-78.652983 42.490803
-78.655423 42.492404
-78.661386 42.492406
-78.662963 42.490211
-78.665466 42.487971
-78.667536 42.487697
-78.669575 42.488155
-78.673962 42.487264
-78.675847 42.483995
-78.676311 42.482275
-78.672884 42.475465
-78.668808 42.472447
-78.667944 42.472378
-78.666955 42.473086
-78.666183 42.472858
-78.666513 42.470493
-78.670314 42.469189
-78.675975 42.469201
-78.675726 42.473134
-78.677486 42.47693
-78.68042 42.479605
-78.683192 42.480422
-78.682798 42.478005
-78.685487 42.476016
-78.68734 42.475513
-78.691448 42.476587
-78.69256 42.475444
-78.692405 42.472655
-78.692807 42.472083
-78.693703 42.471809
-78.697521 42.4727
-78.69957 42.470231
-78.698088 42.469522
-78.69041 42.469428
-78.691108 42.461405
-78.690892 42.459438
-78.686507 42.45937
-78.685828 42.461268
-78.684809 42.462068
-78.676284 42.466686
-78.674929 42.457265
-78.675331 42.453424
-78.675918 42.452738
-78.686446 42.452739
-78.688391 42.454179
-78.6933 42.452327
-78.695276 42.45139
-78.697715 42.448714
-78.699259 42.443821
-78.710095 42.444071
-78.713152 42.446975
-78.716673 42.449077
-78.719266 42.45022
-78.722649 42.449639
-78.722649 42.449639
-78.727303 42.450633
-78.731716 42.460643
-78.734343 42.464644
-78.739039 42.467316
-78.739495 42.46853
-78.739383 42.473669
-78.74102 42.473352
-78.749176 42.473714
-78.749244 42.473676
-78.751192 42.468452
-78.758048 42.469028
-78.759501 42.467108
-78.758113 42.465461
-78.758083 42.464569
-78.759042 42.463152
-78.761019 42.462055
-78.76386 42.46153
-78.766238 42.461966
-78.769293 42.464117
-78.771734 42.464918
-78.775533 42.46421
-78.778684 42.461879
-78.778684 42.461879
-78.779559 42.465747
-78.779559 42.465747
-78.783065 42.469129
-78.78306 42.478047
-78.782348 42.482071
-78.783551 42.484289
-78.78457 42.485204
-78.786146 42.485662
-78.788677 42.488658
-78.790066 42.492088
-78.792539 42.501593
-78.792909 42.506349
-78.793508 42.507241
-78.803663 42.501214
-78.804838 42.503538
-78.806629 42.50946
-78.806289 42.510443
-78.80501 42.51139
-78.80501 42.51139
-78.788148 42.511264
-78.788545 42.521943
-78.797448 42.522059
-78.797785 42.533652
-78.7835 42.533548
-78.783499 42.537513
-78.789744 42.539161
-78.797845 42.539254
-78.798212 42.554688
-78.798212 42.554688
-78.783422 42.554932
-78.783604 42.576887
-78.783604 42.576887
-78.783851 42.588221
ID 14145
-78.379444 42.781171
-78.383149 42.781015
-78.382786 42.77043
-78.388868 42.770341
-78.388203 42.704712
-78.388203 42.704712
-78.387965 42.693738
-78.410061 42.693792
-78.410036 42.682887
-78.406599 42.676645
-78.406756 42.673147
-78.407221 42.67205
-78.407221 42.67205
-78.428289 42.672031
-78.436003 42.672626
-78.436003 42.672626
-78.436623 42.676033
-78.43876 42.679415
-78.440279 42.681199
-78.442571 42.68065
-78.442571 42.68065
-78.442571 42.682113
-78.447871 42.687303
-78.451172 42.687861
-78.45687 42.683191
-78.458747 42.678346
-78.463652 42.678375
-78.463529 42.672141
-78.463529 42.672141
-78.505734 42.67117
-78.50746 42.681161
-78.507459 42.68219
-78.478981 42.682861
-78.478519 42.686862
-78.469688 42.688671
-78.463739 42.690776
-78.463801 42.693918
-78.463801 42.693918
-78.463682 42.721486
-78.46367 42.722683
-78.463666 42.723117
-78.463605 42.729411
-78.463567 42.733366
-78.463562 42.733896
-78.463532 42.737007
-78.463532 42.737007
-78.463442 42.75362
-78.463442 42.75462
-78.463233 42.780461
-78.463233 42.780461
-78.391621 42.781087
-78.39283 42.782436
-78.395934 42.788597
-78.395934 42.788597
-78.397731 42.791756
-78.39419 42.792107
-78.391645 42.791535
-78.390342 42.789957
-78.388263 42.788904
-78.384633 42.787759
-78.382646 42.788056
-78.379299 42.782201
-78.379444 42.781171
ID 14150
-78.825657 43.035957
-78.825257 43.035957
-78.821857 43.030857
-78.822156 43.004057
-78.822156 43.004057
-78.822756 42.979857
-78.822756 42.979857
-78.824856 42.980757
-78.830657 42.980857
-78.8328236666667 42.9801236666667
-78.837157 42.979757
-78.847657 42.979857
-78.849257 42.980857
-78.854558 42.990157
-78.861658 42.990057
-78.8629913333333 42.9907236666667
-78.865658 42.991057
-78.873458 42.990957
-78.873458 42.990957
-78.873742 42.992537
-78.882759 42.993757
-78.883859 42.988257
-78.886359 42.988157
-78.888059 42.980757
-78.889039 42.973561
-78.890059 42.971457
-78.890059 42.971457
-78.892659 42.970057
-78.897459 42.970657
-78.908259 42.973657
-78.910759 42.975557
-78.911759 42.971957
-78.91776 42.968157
-78.92046 42.965157
-78.92086 42.963657
-78.91786 42.960157
-78.912259 42.956057
-78.910359 42.954057
-78.909359 42.951757
-78.908259 42.944957
-78.909307 42.944947
-78.909307 42.944947
-78.908959 42.945657
-78.910459 42.953657
-78.912759 42.955857
-78.92156 42.962257
-78.93326 42.969856
-78.93616 42.974756
-78.939461 42.977056
-78.940761 42.978856
-78.941461 42.982156
-78.940061 42.988856
-78.934261 42.997156
-78.91546 43.007756
-78.90636 43.010856
-78.890259 43.017656
-78.882059 43.023656
-78.879859 43.021556
-78.874959 43.021456
-78.868058 43.022856
-78.861058 43.022557
-78.856558 43.021857
-78.851158 43.019057
-78.841657 43.018557
-78.839157 43.019157
-78.833157 43.023857
-78.831457 43.025857
-78.830357 43.028457
-78.828957 43.029957
-78.825657 43.029657
-78.824157 43.029957
-78.823557 43.031157
-78.825657 43.035957
ID 14170
-78.71805 42.69606
-78.717651 42.733259
-78.69685 42.733659
-78.69685 42.733659
-78.685349 42.733559
-78.685349 42.734759
-78.681449 42.734759
-78.681449 42.733859
-78.666349 42.733359
-78.666549 42.729359
-78.667649 42.727859
-78.668049 42.725559
-78.671649 42.723559
-78.669249 42.724059
-78.653648 42.724559
-78.652348 42.72266
-78.652548 42.70556
-78.637848 42.70546
-78.637848 42.70016
-78.635148 42.69876
-78.634748 42.69406
-78.622347 42.69386
-78.622347 42.69386
-78.62262 42.676431
-78.62087 42.675537
-78.619002 42.673371
-78.622634 42.67341
-78.623232 42.650637
-78.623232 42.650637
-78.640697 42.651144
-78.639936 42.673642
-78.682943 42.67443
-78.685917 42.682867
-78.689509 42.689676
-78.692197 42.69126
-78.696774 42.691292
-78.696934 42.695772
-78.71805 42.69606
ID 14201
-78.872757 42.902057
-78.876557 42.890557
-78.881773 42.884649
-78.8830539119141 42.8851491121094
-78.887358 42.889257
-78.882858 42.891657
-78.884458 42.893257
-78.890758 42.890957
-78.880157 42.880557
-78.883117 42.882585
-78.897358 42.895957
-78.898258 42.895557
-78.896858 42.894057
-78.889758 42.887957
-78.892058 42.887957
-78.8979777589844 42.8926167317383
-78.8995977589844 42.8945367317383
-78.901858 42.895957
-78.901858 42.895957
-78.900958 42.901757
-78.900958 42.901757
-78.897958 42.898057
-78.893058 42.900557
-78.894458 42.902057
-78.891058 42.904157
-78.888758 42.902657
-78.888358 42.902857
-78.881858 42.902157
-78.881458 42.902357
-78.881558 42.904557
-78.881558 42.904557
-78.879958 42.904557
-78.876757 42.902057
-78.872757 42.902057
ID 14202
-78.868657 42.902157
-78.876457 42.878457
-78.878157 42.874657
-78.878157 42.874657
-78.880257 42.877157
-78.882357 42.877957
-78.886858 42.878257
-78.8885299824461 42.8788041466564
-78.8885299824461 42.8788041466564
-78.8909302531065 42.8834440191673
-78.8909302531065 42.8834440191673
-78.891546 42.885247
-78.890268 42.884812
-78.889254 42.882146
-78.885457 42.879657
-78.8917065431641 42.886911946582
-78.900658 42.893857
-78.901858 42.895957
-78.901858 42.895957
-78.8995977589844 42.8945367317383
-78.8979777589844 42.8926167317383
-78.892058 42.887957
-78.889758 42.887957
-78.896858 42.894057
-78.898258 42.895557
-78.897358 42.895957
-78.883117 42.882585
-78.880157 42.880557
-78.890758 42.890957
-78.884458 42.893257
-78.882858 42.891657
-78.887358 42.889257
-78.8830539119141 42.8851491121094
-78.881773 42.884649
-78.876557 42.890557
-78.872757 42.902057
-78.872757 42.902057
-78.868657 42.902157
ID 14203
-78.868657 42.902157
-78.862257 42.902157
-78.862257 42.902157
-78.870557 42.876158
-78.870057 42.870958
-78.868757 42.869258
-78.867657 42.866358
-78.867657 42.866358
-78.868557 42.866158
-78.871157 42.870758
-78.872057 42.871558
-78.877457 42.873858
-78.878157 42.874657
-78.878157 42.874657
-78.876457 42.878457
-78.868657 42.902157
ID 14204
-78.859457 42.903857
-78.852357 42.903657
-78.852357 42.903657
-78.852457 42.900157
-78.853657 42.900157
-78.853857 42.896557
-78.853757 42.892957
-78.852756 42.893257
-78.852756 42.893257
-78.852756 42.887758
-78.852756 42.887758
-78.852656 42.885158
-78.853756 42.885158
-78.853556 42.881758
-78.853556 42.881758
-78.853656 42.880558
-78.856756 42.874958
-78.860356 42.864058
-78.864057 42.864458
-78.867157 42.862658
-78.867157 42.862658
-78.867657 42.866358
-78.867657 42.866358
-78.868757 42.869258
-78.870057 42.870958
-78.870557 42.876158
-78.862257 42.902157
-78.862257 42.902157
-78.859457 42.903857
ID 14206
-78.852756 42.887758
-78.834556 42.887758
-78.825655 42.888858
-78.805255 42.897858
-78.803336 42.897793
-78.799355 42.891258
-78.799355 42.889758
-78.795854 42.889858
-78.784554 42.893258
-78.784354 42.894158
-78.784354 42.894158
-78.784454 42.892258
-78.776254 42.894558
-78.775354 42.881558
-78.777154 42.878258
-78.783654 42.876158
-78.784654 42.876358
-78.789954 42.872458
-78.791554 42.868858
-78.791554 42.868858
-78.792454 42.867658
-78.795354 42.867858
-78.798054 42.867158
-78.798354 42.864758
-78.800054 42.864458
-78.800054 42.864458
-78.802054 42.864658
-78.802054 42.860958
-78.804054 42.860558
-78.817955 42.867658
-78.837456 42.875258
-78.838356 42.879058
-78.840856 42.880058
-78.853556 42.881758
-78.853556 42.881758
-78.853756 42.885158
-78.852656 42.885158
-78.852756 42.887758
ID 14207
-78.888958 42.958357
-78.889358 42.955757
-78.877958 42.955857
-78.878158 42.943957
-78.867558 42.943957
-78.867357 42.941857
-78.878258 42.941957
-78.878358 42.938557
-78.877858 42.936257
-78.876658 42.934357
-78.876658 42.934357
-78.883058 42.937057
-78.887658 42.937357
-78.888258 42.936857
-78.888258 42.936857
-78.893258 42.933357
-78.893258 42.931257
-78.897158 42.928757
-78.899058 42.928057
-78.899058 42.928057
-78.899859 42.930357
-78.900859 42.931157
-78.900859 42.930657
-78.904459 42.933757
-78.908559 42.938657
-78.909559 42.942557
-78.908959 42.943157
-78.908959 42.943157
-78.909307 42.944947
-78.909307 42.944947
-78.908259 42.944957
-78.909359 42.951757
-78.910359 42.954057
-78.912259 42.956057
-78.91786 42.960157
-78.92086 42.963657
-78.92046 42.965157
-78.91776 42.968157
-78.911759 42.971957
-78.910759 42.975557
-78.908259 42.973657
-78.897459 42.970657
-78.892659 42.970057
-78.890059 42.971457
-78.890059 42.971457
-78.892359 42.961057
-78.890459 42.958357
-78.888958 42.958357
ID 14208
-78.853757 42.925357
-78.850957 42.927957
-78.850357 42.927657
-78.845457 42.924257
-78.844156 42.922457
-78.843456 42.919257
-78.843456 42.919257
-78.843256 42.909457
-78.844556 42.904657
-78.845256 42.903757
-78.852357 42.903657
-78.852357 42.903657
-78.859457 42.903857
-78.859457 42.903857
-78.859257 42.911157
-78.859757 42.919557
-78.856957 42.922257
-78.853657 42.922157
-78.853757 42.925357
ID 14209
-78.874058 42.933657
-78.873358 42.932657
-78.867657 42.930957
-78.860757 42.926757
-78.861357 42.924657
-78.856057 42.923157
-78.853757 42.925357
-78.853757 42.925357
-78.853657 42.922157
-78.856957 42.922257
-78.859757 42.919557
-78.859257 42.911157
-78.859457 42.903857
-78.859457 42.903857
-78.862257 42.902157
-78.862257 42.902157
-78.868657 42.902157
-78.868657 42.902157
-78.872757 42.902057
-78.872757 42.902057
-78.869557 42.913057
-78.876758 42.913057
-78.876758 42.913957
-78.869257 42.914057
-78.867557 42.920357
-78.873058 42.925557
-78.873458 42.931457
-78.874058 42.933657
ID 14210
-78.867157 42.862658
-78.864057 42.864458
-78.860356 42.864058
-78.856756 42.874958
-78.853656 42.880558
-78.853556 42.881758
-78.853556 42.881758
-78.840856 42.880058
-78.838356 42.879058
-78.837456 42.875258
-78.817955 42.867658
-78.804054 42.860558
-78.802054 42.860958
-78.802054 42.864658
-78.800054 42.864458
-78.800054 42.864458
-78.799954 42.858158
-78.792754 42.855858
-78.792754 42.854558
-78.794354 42.854658
-78.795254 42.853658
-78.795554 42.850558
-78.794754 42.849758
-78.798554 42.842858
-78.798554 42.842858
-78.800454 42.843458
-78.803854 42.843258
-78.806254 42.845658
-78.809055 42.850558
-78.816155 42.856458
-78.822255 42.859358
-78.827655 42.860958
-78.827655 42.860958
-78.830655 42.860358
-78.840856 42.864058
-78.845256 42.861558
-78.845756 42.860658
-78.844656 42.858358
-78.844956 42.857558
-78.845856 42.857558
-78.849456 42.862458
-78.851256 42.863458
-78.853556 42.863258
-78.856356 42.862558
-78.856156 42.859658
-78.854156 42.857058
-78.859256 42.855558
-78.860756 42.855858
-78.861156 42.860858
-78.8603226666667 42.860958
-78.859656 42.860358
-78.859956 42.863758
-78.863357 42.863658
-78.866057 42.862158
-78.867157 42.862058
-78.867157 42.862658
ID 14211
-78.843456 42.919257
-78.843356 42.920157
-78.839056 42.923157
-78.833456 42.923057
-78.833456 42.923057
-78.833456 42.921857
-78.828856 42.914557
-78.818255 42.914757
-78.818056 42.922757
-78.816855 42.922657
-78.814855 42.918957
-78.809555 42.918658
-78.808655 42.919158
-78.798955 42.919058
-78.798955 42.919058
-78.799155 42.911358
-78.799055 42.909858
-78.798355 42.909558
-78.796155 42.909658
-78.795055 42.911758
-78.786254 42.918058
-78.784254 42.918258
-78.784254 42.917258
-78.786254 42.915858
-78.788554 42.915358
-78.789454 42.913758
-78.789354 42.911858
-78.785954 42.911858
-78.785954 42.907458
-78.799155 42.906758
-78.799255 42.899158
-78.799255 42.899158
-78.803655 42.898358
-78.805855 42.902158
-78.820755 42.900158
-78.828856 42.900858
-78.852756 42.893257
-78.852756 42.893257
-78.853757 42.892957
-78.853857 42.896557
-78.853657 42.900157
-78.852457 42.900157
-78.852357 42.903657
-78.852357 42.903657
-78.845256 42.903757
-78.844556 42.904657
-78.843256 42.909457
-78.843456 42.919257
ID 14212
-78.799255 42.899158
-78.798755 42.898858
-78.795254 42.899158
-78.783954 42.900558
-78.783954 42.900558
-78.784354 42.894158
-78.784354 42.894158
-78.784554 42.893258
-78.795854 42.889858
-78.799355 42.889758
-78.799355 42.891258
-78.803336 42.897793
-78.805255 42.897858
-78.825655 42.888858
-78.834556 42.887758
-78.852756 42.887758
-78.852756 42.887758
-78.852756 42.893257
-78.852756 42.893257
-78.828856 42.900858
-78.820755 42.900158
-78.805855 42.902158
-78.803655 42.898358
-78.799255 42.899158
ID 14213
-78.899058 42.928057
-78.897158 42.928757
-78.893258 42.931257
-78.893258 42.933357
-78.888258 42.936857
-78.888258 42.936857
-78.887058 42.934157
-78.887458 42.931957
-78.876658 42.931657
-78.876658 42.927857
-78.877958 42.927757
-78.880658 42.925957
-78.881858 42.915557
-78.883558 42.914557
-78.883358 42.912357
-78.881558 42.906357
-78.881558 42.904557
-78.881558 42.904557
-78.881458 42.902357
-78.881858 42.902157
-78.888358 42.902857
-78.888758 42.902657
-78.891058 42.904157
-78.894458 42.902057
-78.893058 42.900557
-78.897958 42.898057
-78.900958 42.901757
-78.900958 42.901757
-78.901658 42.902257
-78.901558 42.914957
-78.898958 42.924157
-78.899058 42.928057
ID 14214
-78.823556 42.958157
-78.819556 42.958157
-78.813656 42.959557
-78.813456 42.956557
-78.813456 42.956557
-78.814356 42.956557
-78.819556 42.950057
-78.821356 42.946757
-78.823856 42.945457
-78.829756 42.947457
-78.829956 42.947057
-78.826356 42.940157
-78.827856 42.938957
-78.831156 42.939057
-78.831356 42.936357
-78.829856 42.931257
-78.831724 42.929577
-78.833656 42.928957
-78.833456 42.923057
-78.833456 42.923057
-78.839056 42.923157
-78.843356 42.920157
-78.843456 42.919257
-78.843456 42.919257
-78.844156 42.922457
-78.845457 42.924257
-78.850357 42.927657
-78.850957 42.927957
-78.853757 42.925357
-78.853757 42.925357
-78.856057 42.923157
-78.861357 42.924657
-78.860757 42.926757
-78.867657 42.930957
-78.873358 42.932657
-78.874058 42.933657
-78.874058 42.933657
-78.872158 42.934557
-78.866457 42.933757
-78.863457 42.935057
-78.862057 42.937057
-78.857657 42.939857
-78.855957 42.939657
-78.852957 42.937857
-78.851857 42.935957
-78.850757 42.935857
-78.848357 42.942357
-78.849357 42.944057
-78.849272 42.947568
-78.844657 42.946857
-78.838557 42.947557
-78.838457 42.954357
-78.843557 42.954457
-78.843557 42.954957
-78.837157 42.954757
-78.833856 42.953057
-78.836857 42.958457
-78.836857 42.958457
-78.823556 42.958157
ID 14215
-78.783855 42.949557
-78.784015 42.932546
-78.798955 42.932757
-78.798955 42.929857
-78.789455 42.929958
-78.792255 42.922858
-78.799155 42.922758
-78.798955 42.919058
-78.798955 42.919058
-78.808655 42.919158
-78.809555 42.918658
-78.814855 42.918957
-78.816855 42.922657
-78.818056 42.922757
-78.818255 42.914757
-78.828856 42.914557
-78.833456 42.921857
-78.833456 42.923057
-78.833456 42.923057
-78.833656 42.928957
-78.831724 42.929577
-78.829856 42.931257
-78.831356 42.936357
-78.831156 42.939057
-78.827856 42.938957
-78.826356 42.940157
-78.829956 42.947057
-78.829756 42.947457
-78.823856 42.945457
-78.821356 42.946757
-78.819556 42.950057
-78.814356 42.956557
-78.813456 42.956557
-78.813456 42.956557
-78.813356 42.952657
-78.810956 42.949457
-78.787855 42.949057
-78.783855 42.949557
ID 14216
-78.836857 42.958457
-78.833856 42.953057
-78.837157 42.954757
-78.843557 42.954957
-78.843557 42.954457
-78.838457 42.954357
-78.838557 42.947557
-78.844657 42.946857
-78.849272 42.947568
-78.849357 42.944057
-78.848357 42.942357
-78.850757 42.935857
-78.851857 42.935957
-78.852957 42.937857
-78.855957 42.939657
-78.857657 42.939857
-78.862057 42.937057
-78.863457 42.935057
-78.866457 42.933757
-78.872158 42.934557
-78.874058 42.933657
-78.874058 42.933657
-78.876658 42.934357
-78.876658 42.934357
-78.877858 42.936257
-78.878358 42.938557
-78.878258 42.941957
-78.867357 42.941857
-78.867558 42.943957
-78.878158 42.943957
-78.877958 42.955857
-78.889358 42.955757
-78.888958 42.958357
-78.888958 42.958357
-78.853657 42.958657
-78.853657 42.958657
-78.836857 42.958457
ID 14217
-78.890059 42.971457
-78.889039 42.973561
-78.888059 42.980757
-78.886359 42.988157
-78.883859 42.988257
-78.882759 42.993757
-78.873742 42.992537
-78.873458 42.990957
-78.873458 42.990957
-78.872058 42.988757
-78.870558 42.984957
-78.872658 42.984857
-78.871758 42.978857
-78.870958 42.978257
-78.867058 42.978257
-78.864458 42.971557
-78.858116 42.968916
-78.852257 42.968957
-78.852557 42.961057
-78.853657 42.958657
-78.853657 42.958657
-78.888958 42.958357
-78.888958 42.958357
-78.890459 42.958357
-78.892359 42.961057
-78.890059 42.971457
ID 14218
-78.779053 42.804158
-78.775653 42.804358
-78.773153 42.807258
-78.771853 42.809558
-78.775353 42.816858
-78.776753 42.817158
-78.777753 42.818758
-78.769553 42.818658
-78.761753 42.810458
-78.769353 42.804058
-78.769353 42.804058
-78.770753 42.801559
-78.771553 42.801459
-78.775053 42.802358
-78.779053 42.804158
ID 14219
-78.799654 42.796758
-78.798354 42.794658
-78.794254 42.794758
-78.791553 42.788559
-78.789653 42.781859
-78.797082 42.781803
-78.797053 42.777959
-78.800054 42.776159
-78.804754 42.774459
-78.803254 42.772659
-78.803254 42.772659
-78.811254 42.769959
-78.823754 42.771658
-78.844255 42.771758
-78.846228 42.774205
-78.846255 42.776554
-78.844755 42.780658
-78.845455 42.782058
-78.846655 42.782058
-78.847955 42.777558
-78.853755 42.780058
-78.859356 42.777558
-78.8602474514261 42.7777957203803
-78.8602474514261 42.7777957203803
-78.853455 42.783958
-78.851355 42.791758
-78.856456 42.800258
-78.859356 42.800658
-78.8609847018882 42.8053547217241
-78.8609847018882 42.8053547217241
-78.840255 42.804958
-78.837855 42.807858
-78.837755 42.812658
-78.833955 42.814158
-78.832855 42.813358
-78.832255 42.808858
-78.828355 42.807658
-78.811754 42.809158
-78.810054 42.807858
-78.809854 42.807258
-78.813754 42.804758
-78.816554 42.796958
-78.810554 42.796858
-78.810554 42.804658
-78.810054 42.804658
-78.807354 42.800558
-78.804654 42.799758
-78.803054 42.797758
-78.804354 42.796758
-78.799654 42.796758
ID 14220
-78.827655 42.860958
-78.822255 42.859358
-78.816155 42.856458
-78.809055 42.850558
-78.806254 42.845658
-78.803854 42.843258
-78.800454 42.843458
-78.798554 42.842858
-78.798554 42.842858
-78.797154 42.841958
-78.793054 42.841158
-78.793154 42.837158
-78.793154 42.837158
-78.793554 42.837258
-78.79375 42.828258
-78.800354 42.828058
-78.801654 42.831758
-78.825255 42.831958
-78.834055 42.837258
-78.839295 42.837438
-78.839295 42.837438
-78.842756 42.844358
-78.841356 42.844958
-78.844756 42.851958
-78.844656 42.853658
-78.843756 42.854458
-78.840056 42.855358
-78.834956 42.858958
-78.837256 42.858158
-78.839456 42.858658
-78.844456 42.861158
-78.844456 42.861158
-78.840856 42.863258
-78.838556 42.862858
-78.831355 42.859658
-78.830055 42.859758
-78.827655 42.860958
ID 14221
-78.773755 43.008057
-78.767954 43.006457
-78.764154 43.007157
-78.763754 43.007357
-78.763154 43.009957
-78.758554 43.012057
-78.755311 43.012201
-78.753761 43.013205
-78.753554 43.016391
-78.7513454455078 43.0173457003906
-78.748386 43.015644
-78.746266 43.015711
-78.74505 43.016681
-78.745082 43.017705
-78.746254 43.017957
-78.748354 43.019457
-78.744254 43.020957
-78.740054 43.023657
-78.737554 43.024657
-78.737554 43.024657
-78.732553 43.026957
-78.732353 43.022957
-78.724696 43.023027
-78.724756 43.010818
-78.724196 43.007649
-78.721253 43.007657
-78.720625 43.008253
-78.720816 43.009756
-78.714853 43.009757
-78.715353 43.002557
-78.716853 43.003057
-78.717653 43.001257
-78.716653 43.000157
-78.681551 43.000258
-78.681551 43.000258
-78.676751 43.000158
-78.676751 43.000158
-78.676751 42.989158
-78.661751 42.989058
-78.661851 42.975358
-78.66105 42.969258
-78.65935 42.969158
-78.65945 42.963958
-78.66245 42.960058
-78.675851 42.956058
-78.66015 42.955858
-78.66015 42.955858
-78.676851 42.949558
-78.676851 42.949558
-78.681851 42.947558
-78.696752 42.949858
-78.696752 42.949858
-78.704152 42.951158
-78.724552 42.951058
-78.724452 42.945758
-78.729153 42.946958
-78.736153 42.950258
-78.742053 42.9494913333333
-78.754053 42.949058
-78.758954 42.949558
-78.758954 42.951758
-78.765754 42.949558
-78.765754 42.949558
-78.766554 42.964057
-78.768854 42.967157
-78.792855 42.985757
-78.789768 42.989111
-78.791744 42.991857
-78.792955 42.991857
-78.792955 42.991857
-78.793055 42.993557
-78.789255 42.996957
-78.778599 42.996614
-78.776534 42.996972
-78.7752 42.997767
-78.774031 42.999236
-78.772719 43.002991
-78.773221 43.006007
-78.775355 43.006357
-78.775355 43.006357
-78.773755 43.008057
ID 14222
-78.888258 42.936857
-78.887658 42.937357
-78.883058 42.937057
-78.876658 42.934357
-78.876658 42.934357
-78.874058 42.933657
-78.874058 42.933657
-78.873458 42.931457
-78.873058 42.925557
-78.867557 42.920357
-78.869257 42.914057
-78.876758 42.913957
-78.876758 42.913057
-78.869557 42.913057
-78.872757 42.902057
-78.872757 42.902057
-78.876757 42.902057
-78.879958 42.904557
-78.881558 42.904557
-78.881558 42.904557
-78.881558 42.906357
-78.883358 42.912357
-78.883558 42.914557
-78.881858 42.915557
-78.880658 42.925957
-78.877958 42.927757
-78.876658 42.927857
-78.876658 42.931657
-78.887458 42.931957
-78.887058 42.934157
-78.888258 42.936857
ID 14223
-78.873458 42.990957
-78.865658 42.991057
-78.8629913333333 42.9907236666667
-78.861658 42.990057
-78.854558 42.990157
-78.849257 42.980857
-78.847657 42.979857
-78.837157 42.979757
-78.8328236666667 42.9801236666667
-78.830657 42.980857
-78.824856 42.980757
-78.822756 42.979857
-78.822756 42.979857
-78.823556 42.958157
-78.823556 42.958157
-78.836857 42.958457
-78.836857 42.958457
-78.853657 42.958657
-78.853657 42.958657
-78.852557 42.961057
-78.852257 42.968957
-78.858116 42.968916
-78.864458 42.971557
-78.867058 42.978257
-78.870958 42.978257
-78.871758 42.978857
-78.872658 42.984857
-78.870558 42.984957
-78.872058 42.988757
-78.873458 42.990957
ID 14224
-78.709051 42.863758
-78.696851 42.863758
-78.696851 42.863758
-78.69685 42.811359
-78.69685 42.811359
-78.724051 42.811459
-78.738452 42.803959
-78.755152 42.803859
-78.751552 42.800159
-78.751452 42.796259
-78.755452 42.796359
-78.761353 42.803259
-78.763253 42.804059
-78.769353 42.804058
-78.769353 42.804058
-78.761753 42.810458
-78.769553 42.818658
-78.777753 42.818758
-78.776753 42.817158
-78.775353 42.816858
-78.771853 42.809558
-78.773153 42.807258
-78.775653 42.804358
-78.779053 42.804158
-78.779053 42.804158
-78.781353 42.807258
-78.792254 42.811558
-78.793254 42.815158
-78.790854 42.822658
-78.793154 42.837158
-78.793154 42.837158
-78.793054 42.841158
-78.797154 42.841958
-78.798554 42.842858
-78.798554 42.842858
-78.794754 42.849758
-78.795554 42.850558
-78.795254 42.853658
-78.794354 42.854658
-78.792754 42.854558
-78.792754 42.855858
-78.799954 42.858158
-78.800054 42.864458
-78.800054 42.864458
-78.798354 42.864758
-78.798054 42.867158
-78.795354 42.867858
-78.792454 42.867658
-78.791554 42.868858
-78.791554 42.868858
-78.784354 42.871358
-78.769853 42.874058
-78.758853 42.874858
-78.759353 42.864058
-78.709051 42.863758
ID 14225
-78.783855 42.949557
-78.765754 42.949558
-78.765754 42.949558
-78.758954 42.951758
-78.758954 42.949558
-78.754053 42.949058
-78.742053 42.9494913333333
-78.736153 42.950258
-78.729153 42.946958
-78.724452 42.945758
-78.724552 42.951058
-78.704152 42.951158
-78.696752 42.949858
-78.696752 42.949858
-78.696751 42.941458
-78.702852 42.938958
-78.701952 42.937858
-78.696751 42.938658
-78.696751 42.934258
-78.696751 42.934258
-78.696751 42.927958
-78.696751 42.927958
-78.708453 42.927986
-78.71068 42.922154
-78.718752 42.922258
-78.718652 42.927958
-78.719774 42.927956
-78.723552 42.921358
-78.731552 42.921358
-78.737453 42.918958
-78.736653 42.915658
-78.735353 42.913558
-78.732852 42.912858
-78.727252 42.907058
-78.727252 42.907058
-78.753353 42.903858
-78.766454 42.902558
-78.766666 42.902945
-78.783954 42.900958
-78.783954 42.900558
-78.783954 42.900558
-78.795254 42.899158
-78.798755 42.898858
-78.799255 42.899158
-78.799255 42.899158
-78.799155 42.906758
-78.785954 42.907458
-78.785954 42.911858
-78.789354 42.911858
-78.789454 42.913758
-78.788554 42.915358
-78.786254 42.915858
-78.784254 42.917258
-78.784254 42.918258
-78.786254 42.918058
-78.795055 42.911758
-78.796155 42.909658
-78.798355 42.909558
-78.799055 42.909858
-78.799155 42.911358
-78.798955 42.919058
-78.798955 42.919058
-78.799155 42.922758
-78.792255 42.922858
-78.789455 42.929958
-78.798955 42.929857
-78.798955 42.932757
-78.784015 42.932546
-78.783855 42.949557
ID 14226
-78.792955 42.991857
-78.791744 42.991857
-78.789768 42.989111
-78.792855 42.985757
-78.768854 42.967157
-78.766554 42.964057
-78.765754 42.949558
-78.765754 42.949558
-78.783855 42.949557
-78.783855 42.949557
-78.787855 42.949057
-78.810956 42.949457
-78.813356 42.952657
-78.813456 42.956557
-78.813456 42.956557
-78.813656 42.959557
-78.819556 42.958157
-78.823556 42.958157
-78.823556 42.958157
-78.822756 42.979857
-78.822756 42.979857
-78.822156 43.004057
-78.822156 43.004057
-78.816356 43.003157
-78.812156 43.000857
-78.80654 42.996521
-78.803917 42.995509
-78.797255 42.990857
-78.793255 42.990857
-78.792955 42.991857
ID 14227
-78.783954 42.900558
-78.783954 42.900958
-78.766666 42.902945
-78.766454 42.902558
-78.753353 42.903858
-78.727252 42.907058
-78.727252 42.907058
-78.725552 42.905358
-78.727952 42.905358
-78.733552 42.904158
-78.723652 42.904758
-78.714852 42.904558
-78.707251 42.901658
-78.707251 42.899958
-78.709552 42.898158
-78.711252 42.897758
-78.719152 42.900858
-78.726252 42.897058
-78.729152 42.897458
-78.731852 42.894458
-78.731852 42.893558
-78.720552 42.892758
-78.708551 42.892558
-78.709051 42.863758
-78.709051 42.863758
-78.759353 42.864058
-78.758853 42.874858
-78.769853 42.874058
-78.784354 42.871358
-78.791554 42.868858
-78.791554 42.868858
-78.789954 42.872458
-78.784654 42.876358
-78.783654 42.876158
-78.777154 42.878258
-78.775354 42.881558
-78.776254 42.894558
-78.784454 42.892258
-78.784354 42.894158
-78.784354 42.894158
-78.783954 42.900558
ID 14228
-78.733354 43.084157
-78.727354 43.086157
-78.727354 43.086157
-78.727454 43.084857
-78.722754 43.084057
-78.721254 43.082557
-78.720554 43.081057
-78.719154 43.080557
-78.708453 43.082257
-78.696653 43.084957
-78.696653 43.082757
-78.724254 43.056357
-78.724153 43.052857
-78.725053 43.051457
-78.727854 43.052857
-78.733618 43.047388
-78.736926 43.047719
-78.741201 43.047342
-78.741201 43.047342
-78.744368 43.047309
-78.749865 43.045975
-78.753318 43.04419
-78.75522 43.042353
-78.755843 43.041067
-78.757832 43.034557
-78.767555 43.034557
-78.767467 43.025977
-78.781691 43.025849
-78.786443 43.025145
-78.794396 43.021609
-78.793056 43.021057
-78.790855 43.018057
-78.787055 43.006557
-78.784155 43.007157
-78.783555 43.008857
-78.783055 43.008957
-78.780055 43.008457
-78.777655 43.006157
-78.775355 43.006357
-78.775355 43.006357
-78.773221 43.006007
-78.772719 43.002991
-78.774031 42.999236
-78.7752 42.997767
-78.776534 42.996972
-78.778599 42.996614
-78.789255 42.996957
-78.793055 42.993557
-78.792955 42.991857
-78.792955 42.991857
-78.793255 42.990857
-78.797255 42.990857
-78.803917 42.995509
-78.80654 42.996521
-78.812156 43.000857
-78.816356 43.003157
-78.822156 43.004057
-78.822156 43.004057
-78.821857 43.030857
-78.825257 43.035957
-78.825657 43.035957
-78.825657 43.035957
-78.826457 43.039957
-78.831057 43.045457
-78.831857 43.047757
-78.831257 43.049357
-78.830357 43.050557
-78.828557 43.051257
-78.826557 43.051457
-78.822257 43.051257
-78.813857 43.051357
-78.807057 43.053257
-78.804056 43.055357
-78.804756 43.057157
-78.806657 43.060257
-78.806257 43.062157
-78.801256 43.065657
-78.800256 43.065957
-78.787356 43.066257
-78.778056 43.065157
-78.773655 43.066757
-78.770455 43.069157
-78.767055 43.069857
-78.763155 43.069957
-78.757855 43.070457
-78.753055 43.069057
-78.747154 43.069157
-78.744054 43.068257
-78.740754 43.068157
-78.739354 43.069157
-78.739654 43.071857
-78.740754 43.074857
-78.737254 43.078057
-78.735554 43.082157
-78.733354 43.084157
