ID 26960
-233678 502321
-224171 489678
-230638 475416
-246602 473795
-256106 486428
-249649 500692
ID 26854
-208207 491299
-198717 478650
-205193 464390
-221150 462776
-230638 475416
-224171 489678
ID 27066
-256106 486428
-246602 473795
-253072 459541
-269036 457918
-278537 470542
-272077 484797
ID 25138
154689 486270
164050 473513
157503 459232
141604 457704
132245 470452
138783 484736
ID 24516
275307 484120
284626 471331
278056 457046
262175 455547
252857 468327
259419 482615
ID 26747
-182760 480262
-173285 467606
-179771 453348
-195722 451743
-205193 464390
-198717 478650
ID 24768
227637 479595
236970 466819
230407 452538
214520 451028
205189 463794
211743 478080
ID 26961
-230638 475416
-221150 462776
-227629 448525
-243586 446910
-253072 459541
-246602 473795
ID 25016
179949 475039
189296 462277
182741 447998
166848 446478
157503 459232
164050 473513
ID 25260
132245 470452
141604 457704
135057 443429
119158 441899
109800 454638
116339 468916
ID 24643
252857 468327
262175 455547
255604 441268
239724 439766
230407 452538
236970 466819
ID 25500
84522 465834
93895 453100
87355 438829
71450 437289
62079 450014
68610 464288
ID 26855
-205193 464390
-195722 451743
-202210 437493
-218161 435887
-227629 448525
-221150 462776
ID 24893
205189 463794
214520 451028
207957 436752
192071 435240
182741 447998
189296 462277
ID 27067
-253072 459541
-243586 446910
-250069 432667
-266027 431051
-275508 443672
-269036 457918
ID 25139
157503 459232
166848 446478
160292 432207
144400 430684
135057 443429
141604 457704
ID 24517
278056 457046
287360 444261
280781 429986
264907 428492
255604 441268
262175 455547
ID 25381
109800 454638
119158 441899
112609 427631
96711 426099
87355 438829
93895 453100
ID 26748
-179771 453348
-170316 440695
-176814 426446
-192758 424849
-202210 437493
-195722 451743
ID 24769
230407 452538
239724 439766
233152 425494
217272 423989
207957 436752
214520 451028
ID 25619
62079 450014
71450 437289
64908 423025
49004 421483
39634 434200
46168 448466
ID 26962
-227629 448525
-218161 435887
-224653 421645
-240604 420038
-250069 432667
-243586 446910
ID 25017
182741 447998
192071 435240
185506 420971
169621 419457
160292 432207
166848 446478
ID 24390
303235 445753
312524 432964
305938 418692
290070 417205
280781 429986
287360 444261
ID 25853
14339 445360
23724 432650
17188 418390
1278 416838
-8105 429540
-1578 443802
ID 25261
135057 443429
144400 430684
137843 416419
121951 414895
112609 427631
119158 441899
ID 26640
-154372 442291
-144933 429631
-151440 415385
-167377 413796
-176814 426446
-170316 440695
ID 24644
255604 441268
264907 428492
258328 414222
242454 412726
233152 425494
239724 439766
ID 26083
-33420 440676
-24022 427980
-30551 413726
-46468 412164
-55863 424851
-49344 439108
ID 25501
87355 438829
96711 426099
90161 411838
74262 410304
64908 423025
71450 437289
ID 26856
-202210 437493
-192758 424849
-199259 410609
-215203 409010
-224653 421645
-218161 435887
ID 24894
207957 436752
217272 423989
210700 409723
194821 408217
185506 420971
192071 435240
ID 26309
-81198 435962
-71787 423281
-78310 409032
-94233 407460
-103642 420132
-97128 434384
ID 25737
39634 434200
49004 421483
42460 407226
26556 405683
17188 418390
23724 432650
ID 27068
-250069 432667
-240604 420038
-247099 405804
-263051 404196
-272513 416815
-266027 431051
ID 25140
160292 432207
169621 419457
163055 405194
147170 403678
137843 416419
144400 430684
ID 26531
-128996 431219
-119572 418553
-126088 404309
-142019 402728
-151440 415385
-144933 429631
ID 24518
280781 429986
290070 417205
283482 402939
267615 401450
258328 414222
264907 428492
ID 25969
-8105 429540
1278 416838
-5260 402586
-21171 401032
-30551 413726
-24022 427980
ID 25382
112609 427631
121951 414895
115392 400636
99500 399110
90161 411838
96711 426099
ID 26749
-176814 426446
-167377 413796
-173887 399558
-189825 397967
-199259 410609
-192758 424849
ID 24770
233152 425494
242454 412726
235874 398462
220000 396964
210700 409723
217272 423989
ID 26197
-55863 424851
-46468 412164
-52999 397916
-68917 396353
-78310 409032
-71787 423281
ID 25620
64908 423025
74262 410304
67710 396049
51812 394513
42460 407226
49004 421483
ID 26963
-224653 421645
-215203 409010
-221708 394778
-237653 393178
-247099 405804
-240604 420038
ID 25018
185506 420971
194821 408217
188247 393957
172368 392449
163055 405194
169621 419457
ID 26421
-103642 420132
-94233 407460
-100758 393218
-116683 391646
-126088 404309
-119572 418553
ID 24391
305938 418692
315212 405906
308617 391643
292756 390162
283482 402939
290070 417205
ID 25854
17188 418390
26556 405683
20010 391432
4105 389887
-5260 402586
1278 416838
ID 25262
137843 416419
147170 403678
140603 389422
124717 387904
115392 400636
121951 414895
ID 26641
-151440 415385
-142019 402728
-148538 388491
-164469 386909
-173887 399558
-167377 413796
ID 24645
258328 414222
267615 401450
261027 387190
245159 385698
235874 398462
242454 412726
ID 26084
-30551 413726
-21171 401032
-27710 386787
-43622 385232
-52999 397916
-46468 412164
ID 25502
90161 411838
99500 399110
92940 384858
77048 383330
67710 396049
74262 410304
ID 26857
-199259 410609
-189825 397967
-196339 383736
-212277 382145
-221708 394778
-215203 409010
ID 24895
210700 409723
220000 396964
213419 382707
197545 381206
188247 393957
194821 408217
ID 26310
-78310 409032
-68917 396353
-75450 382113
-91368 380548
-100758 393218
-94233 407460
ID 25738
42460 407226
51812 394513
45258 380265
29360 378728
20010 391432
26556 405683
ID 27069
-247099 405804
-237653 393178
-244161 378953
-260106 377353
-269550 389970
-263051 404196
ID 25141
163055 405194
172368 392449
165793 378195
149913 376684
140603 389422
147170 403678
ID 26532
-126088 404309
-116683 391646
-123211 377410
-139136 375837
-148538 388491
-142019 402728
ID 24519
283482 402939
292756 390162
286160 375904
270299 374420
261027 387190
267615 401450
ID 25970
-5260 402586
4105 389887
-2443 375644
-18348 374097
-27710 386787
-21171 401032
ID 25383
115392 400636
124717 387904
118149 373654
102263 372134
92940 384858
99500 399110
ID 26750
-173887 399558
-164469 386909
-170992 372680
-186924 371097
-196339 383736
-189825 397967
ID 24771
235874 398462
245159 385698
238570 371444
222703 369951
213419 382707
220000 396964
ID 26198
-52999 397916
-43622 385232
-50164 370994
-66075 369437
-75450 382113
-68917 396353
ID 25621
67710 396049
77048 383330
70485 369084
54594 367555
45258 380265
51812 394513
ID 26964
-221708 394778
-212277 382145
-218794 367922
-234733 366329
-244161 378953
-237653 393178
ID 25019
188247 393957
197545 381206
190963 366955
175089 365452
165793 378195
172368 392449
ID 26422
-100758 393218
-91368 380548
-97905 366315
-113823 364750
-123211 377410
-116683 391646
ID 25855
20010 391432
29360 378728
22803 364487
6905 362948
-2443 375644
4105 389887
ID 25263
140603 389422
149913 376684
143337 362437
127457 360925
118149 373654
124717 387904
ID 26642
-148538 388491
-139136 375837
-145667 361609
-161592 360034
-170992 372680
-164469 386909
ID 24646
261027 387190
270299 374420
263702 360169
247841 358683
238570 371444
245159 385698
ID 26085
-27710 386787
-18348 374097
-24899 359860
-40804 358312
-50164 370994
-43622 385232
ID 25503
92940 384858
102263 372134
95692 357890
79807 356369
70485 369084
77048 383330
ID 26858
-196339 383736
-186924 371097
-193450 356875
-209382 355291
-218794 367922
-212277 382145
ID 24896
213419 382707
222703 369951
216113 355702
200245 354207
190963 366955
197545 381206
ID 26311
-75450 382113
-66075 369437
-72621 355206
-88533 353648
-97905 366315
-91368 380548
ID 25739
45258 380265
54594 367555
48029 353316
32136 351785
22803 364487
29360 378728
ID 27070
-244161 378953
-234733 366329
-241255 352113
-257194 350520
-266619 363136
-260106 377353
ID 25142
165793 378195
175089 365452
168505 351207
152632 349702
143337 362437
149913 376684
ID 26533
-123211 377410
-113823 364750
-120363 350523
-136282 348956
-145667 361609
-139136 375837
ID 24520
286160 375904
295419 363130
288814 348881
272959 347403
263702 360169
270299 374420
ID 25971
-2443 375644
6905 362948
346 348713
-15553 347172
-24899 359860
-18348 374097
ID 25384
118149 373654
127457 360925
120879 346683
104999 345169
95692 357890
102263 372134
ID 26751
-170992 372680
-161592 360034
-168127 345813
-184053 344237
-193450 356875
-186924 371097
ID 24772
238570 371444
247841 358683
241243 344437
225382 342949
216113 355702
222703 369951
ID 26199
-50164 370994
-40804 358312
-47357 344082
-63263 342532
-72621 355206
-66075 369437
ID 25622
70485 369084
79807 356369
73234 342132
57348 340608
48029 353316
54594 367555
ID 26965
-218794 367922
-209382 355291
-215912 341076
-231846 339491
-241255 352113
-234733 366329
ID 25020
190963 366955
200245 354207
193653 339964
177786 338467
168505 351207
175089 365452
ID 26423
-97905 366315
-88533 353648
-95081 339423
-110994 337864
-120363 350523
-113823 364750
ID 25856
22803 364487
32136 351785
25569 337552
9677 336019
346 348713
6905 362948
ID 27175
-266619 363136
-257194 350520
-263720 336312
-279661 334717
-289082 347325
-282565 361534
ID 25264
143337 362437
152632 349702
146045 335463
130172 333957
120879 346683
127457 360925
ID 26643
-145667 361609
-136282 348956
-142826 334737
-158745 333169
-168127 345813
-161592 360034
ID 24647
263702 360169
272959 347403
266354 333159
250498 331679
241243 344437
247841 358683
ID 26086
-24899 359860
-15553 347172
-22115 332944
-38014 331402
-47357 344082
-40804 358312
ID 25504
95692 357890
104999 345169
98418 330934
82539 329418
73234 342132
79807 356369
ID 26859
-193450 356875
-184053 344237
-190592 330024
-206519 328446
-215912 341076
-209382 355291
ID 24897
216113 355702
225382 342949
218782 328709
202920 327219
193653 339964
200245 354207
ID 26312
-72621 355206
-63263 342532
-69820 328309
-85726 326758
-95081 339423
-88533 353648
ID 25740
48029 353316
57348 340608
50772 326377
34886 324852
25569 337552
32136 351785
ID 27071
-241255 352113
-231846 339491
-238380 325283
-254314 323697
-263720 336312
-257194 350520
ID 25143
168505 351207
177786 338467
171192 324230
155324 322731
146045 335463
152632 349702
ID 26534
-120363 350523
-110994 337864
-117546 323647
-133459 322086
-142826 334737
-136282 348956
ID 25972
346 348713
9677 336019
3106 321793
-12787 320258
-22115 332944
-15553 347172
ID 25385
120879 346683
130172 333957
123583 319724
107709 318215
98418 330934
104999 345169
ID 26752
-168127 345813
-158745 333169
-165293 318957
-181213 317388
-190592 330024
-184053 344237
ID 24773
241243 344437
250498 331679
243891 317441
228036 315958
218782 328709
225382 342949
ID 26200
-47357 344082
-38014 331402
-44580 317181
-60480 315637
-69820 328309
-63263 342532
ID 25623
73234 342132
82539 329418
75955 315190
60075 313672
50772 326377
57348 340608
ID 26966
-215912 341076
-206519 328446
-213061 314240
-228989 312662
-238380 325283
-231846 339491
ID 25021
193653 339964
202920 327219
196319 312984
180457 311492
171192 324230
177786 338467
ID 26424
-95081 339423
-85726 326758
-92286 312542
-108193 310989
-117546 323647
-110994 337864
ID 25857
25569 337552
34886 324852
28308 310628
12421 309101
3106 321793
9677 336019
ID 27176
-263720 336312
-254314 323697
-260853 309497
-276788 307910
-286190 320516
-279661 334717
ID 25265
146045 335463
155324 322731
148728 308500
132860 306999
123583 319724
130172 333957
ID 26644
-142826 334737
-133459 322086
-140015 307875
-155929 306314
-165293 318957
-158745 333169
ID 24648
266354 333159
275596 320396
268981 306161
253132 304685
243891 317441
250498 331679
ID 26087
-22115 332944
-12787 320258
-19360 306039
-35254 304503
-44580 317181
-38014 331402
ID 25505
98418 330934
107709 318215
101118 303988
85244 302478
75955 315190
82539 329418
ID 26860
-190592 330024
-181213 317388
-187764 303182
-203686 301612
-213061 314240
-206519 328446
ID 24898
218782 328709
228036 315958
221427 301726
205571 300241
196319 312984
202920 327219
ID 26313
-69820 328309
-60480 315637
-67048 301423
-82949 299878
-92286 312542
-85726 326758
ID 25741
50772 326377
60075 313672
53489 299449
37608 297930
28308 310628
34886 324852
ID 27072
-238380 325283
-228989 312662
-235536 298463
-251465 296884
-260853 309497
-254314 323697
ID 25144
171192 324230
180457 311492
173853 297264
157992 295770
148728 308500
155324 322731
ID 26535
-117546 323647
-108193 310989
-114757 296780
-130665 295226
-140015 307875
-133459 322086
ID 25973
3106 321793
12421 309101
5840 294883
-10048 293354
-19360 306039
-12787 320258
ID 25386
123583 319724
132860 306999
126261 292774
110393 291271
101118 303988
107709 318215
ID 26753
-165293 318957
-155929 306314
-162488 292110
-178404 290548
-187764 303182
-181213 317388
ID 24774
243891 317441
253132 304685
246516 290455
230666 288978
221427 301726
228036 315958
ID 26201
-44580 317181
-35254 304503
-41830 290290
-57725 288752
-67048 301423
-60480 315637
ID 25624
75955 315190
85244 302478
78650 288257
62775 286746
53489 299449
60075 313672
ID 26967
-213061 314240
-203686 301612
-210241 287414
-226164 285843
-235536 298463
-228989 312662
ID 25022
196319 312984
205571 300241
198960 286015
183104 284528
173853 297264
180457 311492
ID 26425
-92286 312542
-82949 299878
-89521 285670
-105423 284124
-114757 296780
-108193 310989
ID 25858
28308 310628
37608 297930
31019 283714
15138 282193
5840 294883
12421 309101
ID 27177
-260853 309497
-251465 296884
-258017 282692
-273948 281112
-283331 293718
-276788 307910
ID 25266
148728 308500
157992 295770
151386 281547
135523 280051
126261 292774
132860 306999
ID 26645
-140015 307875
-130665 295226
-137233 281023
-153142 279468
-162488 292110
-155929 306314
ID 24649
268981 306161
278209 293400
271586 279172
255742 277702
246516 290455
253132 304685
ID 26088
-19360 306039
-10048 293354
-16632 279143
-32521 277613
-41830 290290
-35254 304503
ID 25506
101118 303988
110393 291271
103792 277052
87923 275548
78650 288257
85244 302478
ID 26861
-187764 303182
-178404 290548
-184968 276350
-200884 274787
-210241 287414
-203686 301612
ID 24899
221427 301726
230666 288978
224047 274753
208197 273274
198960 286015
205571 300241
ID 26314
-67048 301423
-57725 288752
-64305 274546
-80200 273007
-89521 285670
-82949 299878
ID 25742
53489 299449
62775 286746
56179 272531
40303 271017
31019 283714
37608 297930
ID 27073
-235536 298463
-226164 285843
-232724 271652
-248648 270080
-258017 282692
-251465 296884
ID 25145
173853 297264
183104 284528
176490 270307
160634 268819
151386 281547
157992 295770
ID 26536
-114757 296780
-105423 284124
-111999 269922
-127901 268375
-137233 281023
-130665 295226
ID 25974
5840 294883
15138 282193
8545 267982
-7337 266460
-16632 279143
-10048 293354
ID 25387
126261 292774
135523 280051
128914 265834
113051 264337
103792 277052
110393 291271
ID 26754
-162488 292110
-153142 279468
-159714 265272
-175624 263716
-184968 276350
-178404 290548
ID 24775
246516 290455
255742 277702
249116 263479
233271 262007
224047 274753
230666 288978
ID 26202
-41830 290290
-32521 277613
-39109 263408
-54998 261877
-64305 274546
-57725 288752
ID 25625
78650 288257
87923 275548
81319 261334
65449 259829
56179 272531
62775 286746
ID 26968
-210241 287414
-200884 274787
-207452 260597
-223370 259032
-232724 271652
-226164 285843
ID 25023
198960 286015
208197 273274
201576 259054
185726 257574
176490 270307
183104 284528
ID 26426
-89521 285670
-80200 273007
-86784 258807
-102681 257267
-111999 269922
-105423 284124
ID 25859
31019 283714
40303 271017
33703 256808
17827 255294
8545 267982
15138 282193
ID 27178
-258017 282692
-248648 270080
-255213 255896
-271139 254323
-280504 266927
-273948 281112
ID 25267
151386 281547
160634 268819
154018 254603
138160 253113
128914 265834
135523 280051
ID 26646
-137233 281023
-127901 268375
-134481 254180
-150385 252632
-159714 265272
-153142 279468
ID 24650
271586 279172
280799 266414
274166 252193
258328 250728
249116 263479
255742 277702
ID 26089
-16632 279143
-7337 266460
-13933 252256
-29816 250733
-39109 263408
-32521 277613
ID 25507
103792 277052
113051 264337
106440 250125
90576 248627
81319 261334
87923 275548
ID 26862
-184968 276350
-175624 263716
-182201 249527
-198112 247970
-207452 260597
-200884 274787
ID 24900
224047 274753
233271 262007
226644 247790
210799 246316
201576 259054
208197 273274
ID 26315
-64305 274546
-54998 261877
-61590 247677
-77480 246145
-86784 258807
-80200 273007
ID 25743
56179 272531
65449 259829
58842 245621
42971 244114
33703 256808
40303 271017
ID 27074
-232724 271652
-223370 259032
-229943 244849
-245862 243284
-255213 255896
-248648 270080
ID 25146
176490 270307
185726 257574
179102 243360
163251 241877
154018 254603
160634 268819
ID 26537
-111999 269922
-102681 257267
-109269 243073
-125167 241532
-134481 254180
-127901 268375
ID 25975
8545 267982
17827 255294
11223 241091
-4654 239574
-13933 252256
-7337 266460
ID 27282
-280504 266927
-271139 254323
-277709 240146
-293636 238572
-302998 251169
-296436 265347
ID 25388
128914 265834
138160 253113
131541 238903
115684 237412
106440 250125
113051 264337
ID 26755
-159714 265272
-150385 252632
-156970 238443
-172875 236894
-182201 249527
-175624 263716
ID 24776
249116 263479
258328 250728
251693 236512
235854 235045
226644 247790
233271 262007
ID 26203
-39109 263408
-29816 250733
-36416 236534
-52300 235010
-61590 247677
-54998 261877
ID 25626
81319 261334
90576 248627
83961 234420
68096 232920
58842 245621
65449 259829
ID 26969
-207452 260597
-198112 247970
-204694 233787
-220607 232230
-229943 244849
-223370 259032
ID 25024
201576 259054
210799 246316
204168 232103
188323 230628
179102 243360
185726 257574
ID 26427
-86784 258807
-77480 246145
-84076 231952
-99968 230419
-109269 243073
-102681 257267
ID 25860
33703 256808
42971 244114
36360 229912
20489 228403
11223 241091
17827 255294
ID 27179
-255213 255896
-245862 243284
-252440 229107
-268361 227541
-277709 240146
-271139 254323
ID 25268
154018 254603
163251 241877
156625 227668
140772 226184
131541 238903
138160 253113
ID 26647
-134481 254180
-125167 241532
-131759 227344
-147658 225803
-156970 238443
-150385 252632
ID 26090
-13933 252256
-4654 239574
-11261 225377
-27140 223860
-36416 236534
-29816 250733
ID 24651
274166 252193
283366 239437
276724 225223
260890 223763
251693 236512
258328 250728
ID 25508
106440 250125
115684 237412
109061 223207
93203 221714
83961 234420
90576 248627
ID 26863
-182201 249527
-172875 236894
-179464 222712
-195371 221162
-204694 233787
-198112 247970
ID 24901
226644 247790
235854 235045
229216 220834
213376 219366
204168 232103
210799 246316
ID 26316
-61590 247677
-52300 235010
-58904 220817
-74790 219292
-84076 231952
-77480 246145
ID 25744
58842 245621
68096 232920
61478 218720
45613 217218
36360 229912
42971 244114
ID 27075
-229943 244849
-220607 232230
-227193 218054
-243107 216495
-252440 229107
-245862 243284
ID 25147
179102 243360
188323 230628
181689 216420
165843 214943
156625 227668
163251 241877
ID 26538
-109269 243073
-99968 230419
-106568 216232
-122462 214698
-131759 227344
-125167 241532
ID 25976
11223 241091
20489 228403
13874 214207
-1998 212697
-11261 225377
-4654 239574
ID 27283
-277709 240146
-268361 227541
-274945 213371
-290868 211805
-300211 224402
-293636 238572
ID 25389
131541 238903
140772 226184
134143 211980
118290 210494
109061 223207
115684 237412
ID 26756
-156970 238443
-147658 225803
-154255 211621
-170156 210079
-179464 222712
-172875 236894
ID 26204
-36416 236534
-27140 223860
-33751 209669
-49630 208150
-58904 220817
-52300 235010
ID 24777
251693 236512
260890 223763
254246 209554
238411 208092
229216 220834
235854 235045
ID 25627
83961 234420
93203 221714
86577 207514
70717 206020
61478 218720
68096 232920
ID 26970
-204694 233787
-195371 221162
-201965 206986
-217874 205435
-227193 218054
-220607 232230
ID 25025
204168 232103
213376 219366
206736 205160
190895 203690
181689 216420
188323 230628
ID 26428
-84076 231952
-74790 219292
-81397 205105
-97284 203578
-106568 216232
-99968 230419
ID 25861
36360 229912
45613 217218
38991 203023
23124 201520
13874 214207
20489 228403
ID 27180
-252440 229107
-243107 216495
-249699 202326
-265615 200767
-274945 213371
-268361 227541
ID 25269
156625 227668
165843 214943
159207 200741
143359 199262
134143 211980
140772 226184
ID 26648
-131759 227344
-122462 214698
-129066 200517
-144961 198982
-154255 211621
-147658 225803
ID 26091
-11261 225377
-1998 212697
-8617 198507
-24491 196996
-33751 209669
-27140 223860
ID 24652
276724 225223
285909 212468
279258 198261
263429 196806
254246 209554
260890 223763
ID 25509
109061 223207
118290 210494
111658 196296
95804 194809
86577 207514
93203 221714
ID 26864
-179464 222712
-170156 210079
-176758 195904
-192660 194360
-201965 206986
-195371 221162
ID 24902
229216 220834
238411 208092
231765 193888
215929 192424
206736 205160
213376 219366
ID 26317
-58904 220817
-49630 208150
-56246 193965
-72127 192445
-81397 205105
-74790 219292
ID 25745
61478 218720
70717 206020
64088 191826
48227 190331
38991 203023
45613 217218
ID 27076
-227193 218054
-217874 205435
-224473 191266
-240383 189714
-249699 202326
-243107 216495
ID 25148
181689 216420
190895 203690
184252 189489
168410 188017
159207 200741
165843 214943
ID 26539
-106568 216232
-97284 203578
-103897 189398
-119785 187870
-129066 200517
-122462 214698
ID 25977
13874 214207
23124 201520
16498 187331
630 185827
-8617 198507
-1998 212697
ID 27284
-274945 213371
-265615 200767
-272212 186604
-288131 185044
-297457 197641
-290868 211805
ID 25390
134143 211980
143359 199262
136720 185065
120871 183585
111658 196296
118290 210494
ID 26757
-154255 211621
-144961 198982
-151570 184807
-167467 183271
-176758 195904
-170156 210079
ID 26205
-33751 209669
-24491 196996
-31113 182811
-46989 181299
-56246 193965
-49630 208150
ID 24778
254246 209554
263429 196806
256776 182603
240946 181146
231765 193888
238411 208092
ID 25628
86577 207514
95804 194809
89168 180616
73312 179128
64088 191826
70717 206020
ID 26971
-201965 206986
-192660 194360
-199267 180191
-215172 178647
-224473 191266
-217874 205435
ID 25026
206736 205160
215929 192424
209280 178225
193443 176760
184252 189489
190895 203690
ID 26429
-81397 205105
-72127 192445
-78747 178266
-94629 176745
-103897 189398
-97284 203578
ID 25862
38991 203023
48227 190331
41594 176142
25732 174645
16498 187331
23124 201520
ID 27181
-249699 202326
-240383 189714
-246988 175551
-262900 173999
-272212 186604
-265615 200767
ID 25270
159207 200741
168410 188017
161764 173822
145921 172348
136720 185065
143359 199262
ID 26649
-129066 200517
-119785 187870
-126402 173696
-142293 172168
-151570 184807
-144961 198982
ID 26092
-8617 198507
630 185827
-6000 171643
-21869 170138
-31113 182811
-24491 196996
ID 24653
279258 198261
288430 185508
281770 171306
265945 169856
256776 182603
263429 196806
ID 27387
-297457 197641
-288131 185044
-294733 170887
-310654 169327
-319976 181917
-313381 196074
ID 25510
111658 196296
120871 183585
114228 169393
98379 167912
89168 180616
95804 194809
ID 26865
-176758 195904
-167467 183271
-174081 169102
-189980 167566
-199267 180191
-192660 194360
ID 26318
-56246 193965
-46989 181299
-53616 167120
-69492 165606
-78747 178266
-72127 192445
ID 24903
231765 193888
240946 181146
234290 166948
218459 165490
209280 178225
215929 192424
ID 25746
64088 191826
73312 179128
66672 164940
50816 163450
41594 176142
48227 190331
ID 27077
-224473 191266
-215172 178647
-221784 164484
-237690 162940
-246988 175551
-240383 189714
ID 25149
184252 189489
193443 176760
186790 162565
170953 161099
161764 173822
168410 188017
ID 26540
-103897 189398
-94629 176745
-101254 162572
-117138 161050
-126402 173696
-119785 187870
ID 25978
16498 187331
25732 174645
19095 160462
3231 158964
-6000 171643
630 185827
ID 27285
-272212 186604
-262900 173999
-269511 159842
-285425 158290
-294733 170887
-288131 185044
ID 25391
136720 185065
145921 172348
139271 158157
123427 156682
114228 169393
120871 183585
ID 26758
-151570 184807
-142293 172168
-148915 157999
-164807 156470
-174081 169102
-167467 183271
ID 26206
-31113 182811
-21869 170138
-28504 155960
-44375 154454
-53616 167120
-46989 181299
ID 24779
256776 182603
265945 169856
259282 155660
243457 154208
234290 166948
240946 181146
ID 25629
89168 180616
98379 167912
91732 153725
75881 152242
66672 164940
73312 179128
ID 26972
-199267 180191
-189980 167566
-196600 153403
-212500 151865
-221784 164484
-215172 178647
ID 26430
-78747 178266
-69492 165606
-76124 151433
-92003 149918
-101254 162572
-94629 176745
ID 25027
209280 178225
218459 165490
211799 151297
195967 149837
186790 162565
193443 176760
ID 25863
41594 176142
50816 163450
44172 149268
28314 147777
19095 160462
25732 174645
ID 27182
-246988 175551
-237690 162940
-244308 148783
-260217 147237
-269511 159842
-262900 173999
ID 25271
161764 173822
170953 161099
164296 146909
148458 145441
139271 158157
145921 172348
ID 26650
-126402 173696
-117138 161050
-123768 146882
-139654 145360
-148915 157999
-142293 172168
ID 26093
-6000 171643
3231 158964
-3410 144786
-19275 143287
-28504 155960
-21869 170138
ID 24654
281770 171306
290927 158554
284258 144359
268438 142914
259282 155660
265945 169856
ID 27388
-294733 170887
-285425 158290
-292042 144139
-307958 142586
-317263 155177
-310654 169327
ID 25511
114228 169393
123427 156682
116773 142497
100928 141021
91732 153725
98379 167912
ID 26866
-174081 169102
-164807 156470
-171434 142307
-187329 140777
-196600 153403
-189980 167566
ID 26319
-53616 167120
-44375 154454
-51013 140281
-66886 138773
-76124 151433
-69492 165606
ID 24904
234290 166948
243457 154208
236791 140016
220964 138562
211799 151297
218459 165490
ID 25747
66672 164940
75881 152242
69230 138060
53377 136576
44172 149268
50816 163450
ID 27078
-221784 164484
-212500 151865
-219125 137709
-235028 136171
-244308 148783
-237690 162940
ID 26541
-101254 162572
-92003 149918
-98640 135751
-114520 134236
-123768 146882
-117138 161050
ID 25150
186790 162565
195967 149837
189304 135648
173471 134187
164296 146909
170953 161099
ID 25979
19095 160462
28314 147777
21665 133600
5805 132107
-3410 144786
3231 158964
ID 27286
-269511 159842
-260217 147237
-266841 133087
-282751 131541
-292042 144139
-285425 158290
ID 25392
139271 158157
148458 145441
141797 131256
125958 129787
116773 142497
123427 156682
ID 26759
-148915 157999
-139654 145360
-146289 131197
-162177 129674
-171434 142307
-164807 156470
ID 26207
-28504 155960
-19275 143287
-25921 129115
-41788 127614
-51013 140281
-44375 154454
ID 24780
259282 155660
268438 142914
261765 128722
245944 127276
236791 140016
243457 154208
ID 27490
-317263 155177
-307958 142586
-314581 128442
-330500 126889
-339800 139473
-333185 153617
ID 25630
91732 153725
100928 141021
94270 126840
78423 125362
69230 138060
75881 152242
ID 26973
-196600 153403
-187329 140777
-193962 126620
-209858 125090
-219125 137709
-212500 151865
ID 26431
-76124 151433
-66886 138773
-73530 124606
-89405 123098
-98640 135751
-92003 149918
ID 25028
211799 151297
220964 138562
214295 124375
198467 122920
189304 135648
195967 149837
ID 25864
44172 149268
53377 136576
46722 122400
30868 120914
21665 133600
28314 147777
ID 27183
-244308 148783
-235028 136171
-241659 122020
-257564 120481
-266841 133087
-260217 147237
ID 25272
164296 146909
173471 134187
166804 120003
150969 118540
141797 131256
148458 145441
ID 26651
-123768 146882
-114520 134236
-121162 120074
-137044 118558
-146289 131197
-139654 145360
ID 26094
-3410 144786
5805 132107
-847 117935
-16709 116442
-25921 129115
-19275 143287
ID 24655
284258 144359
293402 131607
286723 117417
270907 115977
261765 128722
268438 142914
ID 27389
-292042 144139
-282751 131541
-289381 117397
-305294 115850
-314581 128442
-307958 142586
ID 25512
116773 142497
125958 129787
119293 115607
103452 114136
94270 126840
100928 141021
ID 26867
-171434 142307
-162177 129674
-168817 115518
-184708 113994
-193962 126620
-187329 140777
ID 26320
-51013 140281
-41788 127614
-48439 113447
-64308 111946
-73530 124606
-66886 138773
ID 24905
236791 140016
245944 127276
239268 113089
223446 111641
214295 124375
220964 138562
ID 25748
69230 138060
78423 125362
71762 111186
55913 109708
46722 122400
53377 136576
ID 27079
-219125 137709
-209858 125090
-216497 110939
-232395 109407
-241659 122020
-235028 136171
ID 26542
-98640 135751
-89405 123098
-96054 108936
-111930 107427
-121162 120074
-114520 134236
ID 25151
189304 135648
198467 122920
191794 108737
175964 107281
166804 120003
173471 134187
ID 25980
21665 133600
30868 120914
24209 106743
8353 105256
-847 117935
5805 132107
ID 27287
-266841 133087
-257564 120481
-264201 106337
-280108 104798
-289381 117397
-282751 131541
ID 25393
141797 131256
150969 118540
144299 104361
128462 102896
119293 115607
125958 129787
ID 26760
-146289 131197
-137044 118558
-143692 104401
-159576 102884
-168817 115518
-162177 129674
ID 26208
-25921 129115
-16709 116442
-23366 102275
-39230 100781
-48439 113447
-41788 127614
ID 24781
261765 128722
270907 115977
264225 101791
248408 100350
239268 113089
245944 127276
ID 27491
-314581 128442
-305294 115850
-311931 101712
-327846 100166
-337129 112751
-330500 126889
ID 25631
94270 126840
103452 114136
96783 99960
80940 98489
71762 111186
78423 125362
ID 26974
-193962 126620
-184708 113994
-191354 99843
-207246 98319
-216497 110939
-209858 125090
ID 26432
-73530 124606
-64308 111946
-70964 97784
-86835 96282
-96054 108936
-89405 123098
ID 25029
214295 124375
223446 111641
216766 97459
200942 96009
191794 108737
198467 122920
ID 25865
46722 122400
55913 109708
49247 95537
33396 94057
24209 106743
30868 120914
ID 27184
-241659 122020
-232395 109407
-239040 95262
-254941 93730
-264201 106337
-257564 120481
ID 26652
-121162 120074
-111930 107427
-118585 93270
-134463 91760
-143692 104401
-137044 118558
ID 25273
166804 120003
175964 107281
169287 93102
153456 91644
144299 104361
150969 118540
ID 26095
-847 117935
8353 105256
1688 91090
-14169 89602
-23366 102275
-16709 116442
ID 24656
286723 117417
295854 104667
289166 90482
273354 89046
264225 101791
270907 115977
ID 27390
-289381 117397
-280108 104798
-286752 90659
-302662 89120
-311931 101712
-305294 115850
ID 25513
119293 115607
128462 102896
121788 88722
105950 87256
96783 99960
103452 114136
ID 26868
-168817 115518
-159576 102884
-166229 88733
-182116 87216
-191354 99843
-184708 113994
ID 26321
-48439 113447
-39230 100781
-45892 86619
-61758 85124
-70964 97784
-64308 111946
ID 24906
239268 113089
248408 100350
241723 86168
225904 84725
216766 97459
223446 111641
ID 25749
71762 111186
80940 98489
74268 84318
58423 82845
49247 95537
55913 109708
ID 27080
-216497 110939
-207246 98319
-213898 84173
-229793 82648
-239040 95262
-232395 109407
ID 26543
-96054 108936
-86835 96282
-93496 82126
-109369 80623
-118585 93270
-111930 107427
ID 25152
191794 108737
200942 96009
194259 81831
178433 80380
169287 93102
175964 107281
ID 25981
24209 106743
33396 94057
26725 79891
10873 78410
1688 91090
8353 105256
ID 27288
-264201 106337
-254941 93730
-261592 79591
-277496 78059
-286752 90659
-280108 104798
ID 26761
-143692 104401
-134463 91760
-141124 77609
-157005 76099
-166229 88733
-159576 102884
ID 25394
144299 104361
153456 91644
146775 77470
130943 76012
121788 88722
128462 102896
ID 26209
-23366 102275
-14169 89602
-20839 75441
-36698 73952
-45892 86619
-39230 100781
ID 24782
264225 101791
273354 89046
266662 74866
250849 73429
241723 86168
248408 100350
ID 27492
-311931 101712
-302662 89120
-309312 74986
-325224 73447
-334490 86033
-327846 100166
ID 25632
96783 99960
105950 87256
99271 73086
83432 71620
74268 84318
80940 98489
ID 26975
-191354 99843
-182116 87216
-188775 73070
-204664 71552
-213898 84173
-207246 98319
ID 26433
-70964 97784
-61758 85124
-68426 70968
-84293 69471
-93496 82126
-86835 96282
ID 25030
216766 97459
225904 84725
219214 70548
203394 69103
194259 81831
200942 96009
ID 25866
49247 95537
58423 82845
51745 68679
35898 67205
26725 79891
33396 94057
ID 27185
-239040 95262
-229793 82648
-236452 68509
-252349 66983
-261592 79591
-254941 93730
ID 26653
-118585 93270
-109369 80623
-116036 66472
-131912 64968
-141124 77609
-134463 91760
ID 25274
169287 93102
178433 80380
171746 66206
155919 64754
146775 77470
153456 91644
ID 26096
1688 91090
10873 78410
4197 64249
-11657 62767
-20839 75441
-14169 89602
ID 27391
-286752 90659
-277496 78059
-284154 63925
-300060 62392
-309312 74986
-302662 89120
ID 24657
289166 90482
298284 77731
291586 63551
275778 62121
266662 74866
273354 89046
ID 26869
-166229 88733
-157005 76099
-163670 61953
-179554 60442
-188775 73070
-182116 87216
ID 25514
121788 88722
130943 76012
124257 61842
108423 60382
99271 73086
105950 87256
ID 26322
-45892 86619
-36698 73952
-43373 59796
-59235 58306
-68426 70968
-61758 85124
ID 24907
241723 86168
250849 73429
244153 59252
228338 57814
219214 70548
225904 84725
ID 25750
74268 84318
83432 71620
76748 57454
60906 55987
51745 68679
58423 82845
ID 27081
-213898 84173
-204664 71552
-211330 57412
-227222 55894
-236452 68509
-229793 82648
ID 26544
-93496 82126
-84293 69471
-90967 55320
-106836 53823
-116036 66472
-109369 80623
ID 25153
194259 81831
203394 69103
196700 54930
180878 53484
171746 66206
178433 80380
ID 25982
26725 79891
35898 67205
29216 53044
13367 51569
4197 64249
10873 78410
ID 27289
-261592 79591
-252349 66983
-259014 52850
-274914 51323
-284154 63925
-277496 78059
ID 26762
-141124 77609
-131912 64968
-138584 50822
-154462 49318
-163670 61953
-157005 76099
ID 25395
146775 77470
155919 64754
149227 50585
133398 49131
124257 61842
130943 76012
ID 26210
-20839 75441
-11657 62767
-18338 48611
-34194 47128
-43373 59796
-36698 73952
ID 27493
-309312 74986
-300060 62392
-306724 48265
-322634 46732
-331882 59320
-325224 73447
ID 24783
266662 74866
275778 62121
269076 47944
253266 46512
244153 59252
250849 73429
ID 25633
99271 73086
108423 60382
101733 46217
85897 44755
76748 57454
83432 71620
ID 26976
-188775 73070
-179554 60442
-186226 46302
-202112 44790
-211330 57412
-204664 71552
ID 26434
-68426 70968
-59235 58306
-65915 44155
-81780 42665
-90967 55320
-84293 69471
ID 25031
219214 70548
228338 57814
221639 43641
205822 42202
196700 54930
203394 69103
ID 25867
51745 68679
60906 55987
54217 41826
38374 40357
29216 53044
35898 67205
ID 27186
-236452 68509
-227222 55894
-233893 41759
-249788 40240
-259014 52850
-252349 66983
ID 26654
-116036 66472
-106836 53823
-113516 39677
-129388 38179
-138584 50822
-131912 64968
ID 25275
171746 66206
180878 53484
174181 39315
158357 37868
149227 50585
155919 64754
ID 26097
4197 64249
13367 51569
6680 37412
-9172 35936
-18338 48611
-11657 62767
ID 27392
-284154 63925
-274914 51323
-281586 37195
-297489 35669
-306724 48265
-300060 62392
ID 24658
291586 63551
300691 50801
293984 36625
278178 35199
269076 47944
275778 62121
ID 26870
-163670 61953
-154462 49318
-161141 35177
-177021 33672
-186226 46302
-179554 60442
ID 25515
124257 61842
133398 49131
126702 34966
110871 33511
101733 46217
108423 60382
ID 26323
-43373 59796
-34194 47128
-40881 32976
-56740 31493
-65915 44155
-59235 58306
ID 24908
244153 59252
253266 46512
246561 32340
230749 30907
221639 43641
228338 57814
ID 25751
76748 57454
85897 44755
79202 30595
63364 29132
54217 41826
60906 55987
ID 27082
-211330 57412
-202112 44790
-208791 30655
-224680 29143
-233893 41759
-227222 55894
ID 26545
-90967 55320
-81780 42665
-88466 28518
-104332 27027
-113516 39677
-106836 53823
ID 25154
196700 54930
205822 42202
199118 28033
183299 26592
174181 39315
180878 53484
ID 25983
29216 53044
38374 40357
31680 26201
15834 24731
6680 37412
13367 51569
ID 27290
-259014 52850
-249788 40240
-256466 26111
-272364 24592
-281586 37195
-274914 51323
ID 26763
-138584 50822
-129388 38179
-136074 24038
-151948 22540
-161141 35177
-154462 49318
ID 25396
149227 50585
158357 37868
151654 23703
135829 22255
126702 34966
133398 49131
ID 26211
-18338 48611
-9172 35936
-15865 21784
-31718 20307
-40881 32976
-34194 47128
ID 24784
269076 47944
278178 35199
271468 21027
255661 19600
246561 32340
253266 46512
ID 26977
-186226 46302
-177021 33672
-183707 19536
-199590 18031
-208791 30655
-202112 44790
ID 25634
101733 46217
110871 33511
104170 19351
88337 17895
79202 30595
85897 44755
ID 26435
-65915 44155
-56740 31493
-63432 17346
-79294 15862
-88466 28518
-81780 42665
ID 25868
54217 41826
63364 29132
56664 14976
40823 13513
31680 26201
38374 40357
