ID 64
-217435 490542
-217088 490920
-217088 490920
-214736 490434
-213819 490415
-212762 490708
-211965 491196
-211368 491575
-210931 492152
-210495 492781
-210205 493199
-209860 493518
-207917 494660
-207012 494947
-205540 495052
-204619 494880
-203286 494570
-202566 494341
-201272 493724
-198731 492334
-197382 491566
-196598 490981
-187398 483961
-185931 482738
-185452 482143
-185181 481694
-181124 470565
-179285 464613
-178416 460209
-178091 453951
-176781 437187
-176688 436018
-176610 435258
-176332 434606
-175549 434023
-175026 433634
-168692 430094
-167913 429663
-166988 429391
-141543 422161
-140875 421981
-140060 421959
-138029 422084
-137271 422213
-135351 422587
-126259 425867
-124552 426489
-123499 426934
-117042 429865
-113649 431719
-108705 435717
-108218 436295
-106617 437066
-103611 438346
-103060 438570
-102154 438858
-101648 438927
-101036 438898
-100368 438719
-99644 438389
-99176 438100
-98657 437813
-98089 437579
-97373 437503
-94673 437398
-94013 437421
-93405 437494
-87245 438788
-84973 439278
-83863 439522
-83057 439755
-82306 440088
-81753 440261
-81148 440436
-80140 440676
-63862 437959
-62368 437453
-55645 434440
-54796 433503
-44676 432244
-32004 430773
-31455 431048
-15270 439230
-942 438383
-365 437895
156 437558
830 437226
1805 437007
2777 436839
4507 436852
5214 436980
22397 440111
22900 440283
23244 440601
23440 440812
23682 441127
23876 441389
24068 441702
24304 442220
24591 442689
25713 444004
26008 444270
26900 444914
27299 445133
27950 445412
38582 449577
49143 452875
49143 452875
59256 454525
64406 455584
75660 460745
92462 464434
93119 464560
95303 464642
96780 464596
98314 464398
99034 464170
99550 463985
101496 463651
102312 463580
102772 463546
103483 463572
104749 463722
105757 463964
106461 464194
107565 464593
108867 465151
109463 465531
112888 467802
114078 468611
115506 469889
115801 470155
116778 471212
117264 471842
117457 472105
117907 472326
194694 474315
234333 475319
277989 476385
277989 476385
279678 474818
281775 470564
282770 468511
282962 467498
283259 466388
284392 464698
288586 460170
292260 457254
297101 455759
306992 449976
307574 449387
307952 448842
309361 446604
309690 446005
310470 444253
314712 434588
314920 431847
314276 430091
313239 427964
312619 426872
311643 425815
305669 414492
300561 404478
300231 403804
300014 402829
298430 393770
292234 373665
289097 356028
287038 351331
281660 341636
280776 340791
278437 339382
276435 338493
274728 337869
273926 337534
273357 336447
263001 310501
260411 306349
260182 305682
259748 297105
261811 285843
262028 285497
265569 282140
266856 281785
267466 281808
267767 281921
276774 282116
279784 281979
280515 281501
286439 274493
287029 273706
287207 273055
287328 272554
287436 271091
285397 255281
282571 240057
282526 239903
282389 239493
282195 239234
282000 239024
281600 238806
281196 238740
280687 238720
279979 238592
279585 238223
278949 236228
278683 235206
278334 233677
278132 232305
278171 231296
278290 230846
278808 229299
279514 218920
281837 167883
283302 133812
287253 32589
287253 32589
275955 32054
259920 31388
251206 31256
235465 30906
199402 29989
191051 29723
182196 29288
173745 28970
155262 28325
100604 27040
45510 26516
41888 26584
41888 26584
35514 26602
9261 26498
-17449 26383
-22190 26363
-30602 26360
-44271 26521
-70708 27281
-90817 27870
-96587 28117
-103377 28378
-110624 28574
-123069 28736
-130056 28790
-142810 29044
-158019 29514
-170881 29917
-181806 30340
-217516 31007
-236533 31052
-260914 31420
-265505 31513
-271223 31719
-298754 33242
-305639 33639
-305639 33639
-314000 41792
-316431 44173
-317185 45304
-317212 46057
-317125 46462
-317094 47016
-317001 48679
-317082 49531
-318311 55322
-318547 56219
-320906 65091
-322454 69868
-322642 82187
-321721 87753
-321360 89074
-321172 89483
-320733 90051
-320202 90875
-319678 91899
-318696 94348
-318285 95671
-318163 96531
-318194 97385
-318716 103408
-319234 106462
-319410 107110
-319635 107707
-324339 115250
-324556 115596
-324983 116135
-325553 116418
-325657 116465
-325908 116355
-326158 116246
-326409 116137
-326562 116132
-326875 116322
-327205 117017
-327645 122188
-327645 122188
-330460 126777
-328637 131373
-323605 141671
-322067 145704
-319848 153441
-316151 166877
-314538 174497
-314283 175918
-314956 177609
-315117 177856
-310425 183414
-304957 188647
-303330 190166
-301662 204759
-299957 211523
-299957 211523
-299924 211735
-299711 212904
-299495 213971
-298693 217180
-298507 217692
-298218 218156
-293968 221787
-291294 222536
-280632 220631
-280170 220546
-278626 220094
-278005 219813
-275461 218486
-274883 218001
-274883 218001
-275897 219280
-276734 219907
-277205 220244
-278660 221053
-290133 224243
-295023 221398
-295224 229877
-290943 254081
-288560 275811
-288173 280682
-288063 283318
-288078 283722
-288356 284814
-288356 284814
-284562 310883
-280592 320952
-280586 320800
-280579 320598
-280575 320496
-278934 318729
-278311 318396
-277226 317927
-275988 317464
-275421 317281
-274916 317400
-274566 317564
-272175 319066
-272235 319318
-272395 319515
-272869 319954
-272869 319954
-274649 318473
-275664 318387
-276125 318473
-278139 319264
-278244 319362
-282440 324283
-282549 324483
-282564 324888
-282796 341509
-282732 342577
-282570 345169
-282479 345477
-281948 346307
-278420 354497
-277406 357476
-276468 366950
-276248 369539
-276248 369539
-276474 372890
-276203 373864
-273263 381382
-271697 394699
-272088 404344
-271977 418538
-271958 419454
-271556 421046
-271464 421303
-271318 421512
-271015 421574
-268681 421758
-268422 421614
-268005 421324
-266196 419098
-265338 417856
-265338 417856
-264948 418327
-264512 418953
-263594 420360
-263458 420822
-267976 437868
-271030 449525
-271338 451043
-271345 451246
-270665 451625
-270665 451625
-270448 451787
-270201 452000
-270054 452158
-269047 455353
-265800 477391
-265792 478615
-266116 484982
-266214 486304
-266289 487016
-267147 491171
-267445 492436
-268070 494303
-268404 495160
-269120 496717
-270658 499981
-270870 500229
-271285 500470
-271493 500615
-271657 500916
-271618 501275
-271580 501634
-271279 501746
-270978 501859
-270624 501923
-270165 501888
-269907 501795
-269545 501604
-264735 497843
-260227 494020
-254897 488492
-254897 488492
-259375 495837
-260087 497292
-259993 497500
-254429 498362
-250786 495989
-248913 494779
-248300 494699
-247491 494830
-245825 495196
-242350 496187
-241019 497358
-239278 498492
-234844 501102
-233739 501499
-233538 501557
-233184 501621
-232726 501637
-232164 501555
-231698 501316
-230860 500631
-227558 497838
-227237 497390
-227012 496785
-226832 495975
-226868 495565
-226750 495110
-226529 494607
-226257 494106
-225617 493261
-224457 492077
-223777 491540
-223207 491254
-222641 491070
-220183 490596
-219724 490562
