ID 598
-62865.2 474653.1
-62992.2 445291.9
-50651.3 444918.6
-4938.2 444812.7
6715.8 444668.2
6828.9 444667.2
57436.4 444836.7
65773.9 444769.1
103744.2 445100.4
114667.9 445424.8
167913.6 446885.9
201355.5 447710.1
235976.3 448454.3
239300.6 448431
290953.6 449903.4
298949.4 450437.9
301259.8 450259.9
301676 450130.4
302044.1 449948.3
306181.2 445470.9
308398.8 440586.2
308656.5 439639.4
309452.3 437306.4
309732.8 436866.9
310163.2 436485.6
310738.1 436264
311664.1 436162.6
314410.5 436412.6
317055.4 436657.2
318307.2 436219.8
320997.2 434748.1
321325.9 434361.6
323297.2 432042.3
326223.3 426387.4
327720.2 412517.1
326918.6 409491.1
326502.4 408710.4
326760.3 407764.3
334813 395514.9
335090.6 395125.5
335524.1 394694.4
344679.1 391047.3
352474.8 389753
352882.6 389775
353395.5 389752.7
354333 389449.8
354806 389222.7
355140.4 388735.5
358290.8 383650.8
359030.3 382326.4
358857.6 380951.9
358857.6 380951.9
354750.8 378739.1
354348.9 378378.6
349332.1 373544.3
349131.5 373339
348781.6 372929
347942 371399.8
346024.4 367429.4
345632.1 366564.4
345487.2 366107.7
345493 365805
345551.7 365402.2
345862.9 365155.7
346019.8 364956.6
346075.6 364705.1
346031.2 364351.2
344010.1 360429.1
343221.2 358901.6
342033.3 356861.9
333066.5 344490.9
332515.7 343875.9
329402.1 329844.6
331508.4 326451.2
331787.1 325194.6
331746.2 324639
328200 317361.6
327949.1 317105.3
326794.4 315975
326291.8 315511.9
325787.2 315150.1
325023.8 314985.2
324615 314978.1
324097.6 315322
323227.2 315407.4
322412.8 315241.9
322213.8 314935.6
320577.4 312182.3
320433.4 311675.6
320060.3 306876.4
320049.8 304656.9
321088.2 292467.2
321512.4 291617.3
321927.5 291271.3
322443.9 290978
323315.5 290841.9
323824.7 290951.8
324484.4 291215.7
325193.3 291580.8
325749.9 291893.6
326616.6 292009.5
327280.1 292071.5
328203.5 291885.9
329127.9 291650.3
330265.6 290913.6
331149.9 290071.9
331515.7 289624.1
331829.4 289225.9
332145.4 288727.4
332461.9 288177.9
332628.9 287424.3
332481.2 284294.2
332401.5 280207
333648.8 276244
334325.8 275549.8
353104 257571.3
354451.8 256535.5
355695.7 255599.3
356470.5 255159.2
357038.9 254816
358126.8 254028.2
358541.9 253682.3
361870.9 250513.5
362186.6 250014.6
363037.8 248163.3
363153.5 247408.8
362814.8 246343.5
362667.9 245988.2
362269.9 245375.5
361819 244863
361517.9 244555
361265.1 244399.4
351689.4 239539.8
341825 233616.7
340967.8 232946
340110.5 232275.3
339757.2 232016.9
339201.2 231654.1
335914.6 229579.3
331260.1 226774.4
330305 225849.8
328899.6 224362.7
328654.5 223753.3
328462.5 223044
328379 221983.5
328440.8 221379.4
328496.3 221128.1
328867.5 220378.2
329182.2 219929.9
329345.4 219377.7
329400.8 219126.7
329521.9 218069.7
329526.2 217817.6
329480.6 217514.3
329333.4 217158.6
329136 216751.8
328785.3 216342.2
322092.4 213099
320773.8 212471
320266.2 212260.3
320266.2 212260.3
315920.9 212184.8
315665.2 212180.3
312501.1 211822.8
311838.1 211710.7
311127.7 211395.7
310117.6 210672.2
309663.7 210311.5
309009.7 209694.8
305947.6 206414.5
305699.9 205956.3
305699.9 205956.3
303468 207834
303210 207981
301353.6 208856.5
300275.6 209089.9
296786.1 209786.2
295965.4 209923.2
295196.8 210010.8
292178.8 210059.8
288957.9 210004.2
287376.5 209775.3
287070.6 209719.6
286764.7 209664
286459.1 209608.3
285544 209290
284985.1 209078.7
284375.9 208816.2
283111 208038.1
282200.4 207467.7
281847.7 207159.2
281294 206645.4
280791.6 206132.5
279439.9 204445.4
279190.3 204088.2
274361.5 196442
274361.5 196442
244614.9 195280.3
236589.8 194993.4
207810.5 194005.5
130345.4 192273.3
77299.9 192223.8
56894.4 191898.6
52598.6 191830.4
5950.6 191500.5
-33946.2 191235.8
-41161.1 191377.2
-41161.1 191377.2
-65464.8 191712.2
-78561.8 191816
-122252 192169.3
-130389.5 192451.7
-129977.4 218823.9
-129882.7 225984.4
-129711.7 241515.4
-129046 268248.4
-128969.7 276670.2
-128470.2 294276.5
-128470.2 294276.5
-127915 318391
-127884.9 323182.8
-127609.2 349011.4
-126673.8 388980.1
-126990 389631.4
-126196.9 429154.3
-125765 441424.8
-125763.6 444274.8
-125763.6 444274.8
-112243.8 448993.7
-111177.7 449413.7
-109605.1 450093.2
-108337.1 450667.2
-106816.4 451396.5
-85079.7 462472.5
-69529.1 470531.7
-68364.4 471155
-63863.1 473898.6
-63206.5 474363.1
ID 664
-41161.1 191377.2
-42054 170242.5
-42234.3 133241.8
-38729.6 134858.2
-24091.2 147382.1
-8958.4 160923.2
-2913 163587.8
3417.9 161216.3
8584.5 167648.2
15156.5 175715.1
20440.9 177965.4
19942.3 177151.1
20422.9 175898.2
20785 175652
24558.5 173241
28586 170935.1
28586 170935.1
29205.6 170592.2
31105.3 170168.4
37515.7 169210.5
44474.9 169118.9
44628.3 169121.3
45993.7 170100.6
46398 170409.5
48667.9 172411.3
47821.8 174111.7
48133.3 176989.9
50949.1 180008.4
53277 181557.6
69632.8 188723.8
69888.3 188728
70298.4 188684.1
75381.9 187504.9
75895.9 187361.9
76204.5 187265.9
76461.8 187169.3
76822.1 187023.8
77492.7 186681.5
95293.3 174314.2
103359.3 159775.1
107108.3 149552.5
109448.1 147271.4
109448.1 147271.4
107243.8 144413
106746.2 143548.1
103803.6 135788.4
101945.4 130516.1
100834 126516.4
100834 126516.4
83198.9 141153.6
62403.8 158262.8
62092.8 158509.9
59353.3 160230.8
55996.1 162193.6
55857.3 161284.2
55026.1 152601.2
55874.7 150749.5
49608.3 133310.8
38580 112823.9
37930.4 111856
37629.8 111448
34873.9 107826.2
34672.6 107621.3
27642 102520.9
24756.1 100610.9
16471.2 93928.8
15928 92710.6
11548.2 84881.9
10257 85767.3
9635.8 86211.1
9376.8 86408.7
9065.7 86655.8
6732.8 88534.8
4812.4 90218.6
3357.2 91607.3
2367.6 92700.7
2106.9 92999.2
1741.5 93447.1
1583.2 93747
1322.5 94045.5
1065.2 94142.2
760.4 93986.3
-3349.1 88579.6
-4550.1 86897.7
-11085.7 73187.5
-13408.1 68010.6
-14931.2 64055.6
-17303.1 58777.1
-18591.5 56136.2
-20935.1 52269.4
-23440.9 48954.5
-23742.9 48647.4
-25002.8 47418.4
-25458.3 47108.9
-25965.2 46798.5
-27640 45915.9
-42365.4 51485.8
-43811.1 55495.9
-46093.8 60652.4
-46673.6 61702
-47448.2 62143.8
-55850.3 65946.6
-57093.9 63709.8
-57640.7 62693.3
-58086.8 61779.3
-60149 56304.3
-60295.2 55848.5
-60386.4 55141.4
-60431.2 54737.5
-60382.9 51714
-67491.4 38551
-68894.4 36664.7
-69844 35238.9
-70140.7 34579.3
-70186.2 34225.7
-70072.6 33521.9
-69302.4 30156.5
-69302.4 30156.5
-72293.1 28346.8
-72596.9 28140.7
-79243.9 21335.8
-79595.6 20927.2
-80097.6 20314.6
-80091.1 19911.4
-79984.8 19661
-81135.6 14804.7
-81521.6 13337.1
-84561.3 4974
-84659.5 4720.5
-87545.9 -414.4
-87695.2 -668.6
-88396.5 -1637.1
-88697.8 -1994.4
-89203 -2405.3
-90822.6 -3538.9
-97082.5 -8926.4
-101827.8 -13030.8
-102228.1 -13591.2
-106780.5 -20162.7
-107530.1 -21283.1
-110117.3 -25909.1
-110316.3 -26265.1
-114175.9 -34540
-114470.6 -35300.9
-114890 -37878
-114930.6 -38534
-114562.1 -39183.6
-114303.8 -39331.1
-113995.1 -39427.3
-114650.3 -46444.3
-115954.2 -54479.5
-125675.2 -61028.4
-131223.5 -59700.3
-131338.1 -58945.8
-131756.3 -58397.6
-132173 -57950.1
-132640.7 -57503.3
-132847.8 -57355.4
-133155.4 -57309.5
-133974.1 -57321.8
-134994.2 -57538.9
-136165.2 -57909.2
-141038.1 -60402.2
-146965.1 -64171.5
-167781.1 -74464.8
-171083.9 -75925.7
-172354.8 -76449
-174087.1 -76928.3
-196774.5 -82156
-203876.5 -76513.1
-204498.4 -76018.1
-205019.7 -75420.8
-208521.8 -70884.3
-208521.8 -70884.3
-208868.4 -71595.3
-212215.4 -76636.2
-212618.1 -77045.7
-213276.6 -77458.8
-214188.4 -78026.7
-225032.8 -84590.1
-225640.9 -84951.9
-226404.9 -85164.9
-226916.6 -85172.4
-235360.1 -85145.2
-236077.8 -85055
-251120.6 -75644
-256083.2 -69362.9
-257077.1 -68015.9
-258596.4 -65819.4
-262685 -56601
-260042.7 -52276.8
-260930.2 -48003.8
-260930.2 -48003.8
-266816.3 -47887.5
-275766.1 -44991.7
-276949.9 -44555
-277162.5 -44054
-277272.2 -43601.6
-278252.8 -39884.6
-279955.3 -35824.9
-285011 -33225.4
-287328.2 -32300.7
-294566.4 -17983.8
-300152.8 -10954.4
-306147.8 -703.6
-312635.7 14885.1
-315092.9 28010
-313570.4 48501.8
-313524.8 48855.4
-313479.1 49209
-313432.6 49512
-313290.3 50219.9
-313145.4 50776.6
-313047 51030.2
-312897.3 51284.5
-312495.9 51794.3
-312395.2 51896.5
-312395.2 51896.5
-312238.1 51646.6
-312028.6 51347
-311820.1 51098
-311459.1 50901.3
-310945.2 50757.3
-309354.8 50477.4
-309047.1 50431.1
-308689.2 50436.2
-305775.2 50578.1
-305009.5 50689.9
-304754.7 50744
-291143.8 53911.3
-289871.2 54332.8
-289319.7 55046.4
-288971.7 55706.7
-288478.3 56873.2
-288190.1 58087.4
-282808.5 70666.9
-282140.4 70474.8
-280291.9 70047.4
-279265.7 69860.1
-278702.3 69817.7
-278091.6 70028.3
-277482.4 70339.2
-276672.7 70905.3
-276274.3 71616.9
-275830.5 72681.9
-275646.8 74045.6
-275610.5 75004
-276423.2 84571.3
-277134.6 87586.1
-275105.5 95378.9
-271614.8 104603.9
-266628.8 113093.9
-262852.7 117079.7
-262139.9 117291.6
-261680.3 117348.5
-260708.5 117362.4
-259736 117325.7
-259118.4 117082.5
-258654.2 116837
-253856.7 114233.6
-253340.5 113938.2
-253025.9 113438.8
-251226.1 109481.7
-251009.9 108728.6
-250685 107573.9
-250727.7 107018.5
-251128.5 106458.4
-251730.8 105693.6
-252538.9 105026.6
-253298.5 104511.7
-253545.6 103953.7
-253692.1 103497.7
-253635.6 103145.7
-253323.4 102797.2
-251769.4 101559.3
-250841.9 101118.8
-250379.9 101024.5
-249870 101132.7
-239716.9 106268.9
-239210.7 106629.1
-238909.2 106986.2
-238765.2 107593.2
-239834.6 113929.8
-240924.8 118300.2
-240491.1 123397.9
-237603.4 125254.2
-237603.4 125254.2
-237456.3 125659.7
-237109.1 126370.4
-236913.7 126978
-236773.4 127837
-236735.3 128694.7
-236918.1 130607.8
-236918.1 130607.8
-237780.9 133519.3
-237792.5 134275.3
-237596.4 134832.8
-231538.3 143489.6
-212737.9 158530.9
-211776.9 159250.5
-211167 159511.2
-210299.9 159675.2
-209580 159433.4
-209114.4 159087.2
-207813.5 157643.9
-207496.7 156993.4
-207334.7 156441.2
-206965.2 155690.1
-206176.5 154290.1
-205287.8 153042.6
-204769.5 152596.5
-204303.7 152250.3
-203996.8 152254.8
-202770.2 152323
-202413 152378.5
-192809.8 156651.4
-182344.3 164718.1
-181838.9 165128.7
-176907.9 170494
-173234.9 174479.6
-170010.4 177702.8
-168696.2 178730.2
-167887.3 179346.9
-167533.2 179604.2
-166112 180330.8
-165297.4 180594.8
-165042.6 180649
-164169.2 180409.6
-163862.4 180414.2
-162543.6 181139.2
-162189.5 181396.5
-161127.8 182218.6
-160582.4 183335.6
-158125.1 189875
-151437.6 214121.5
-146315.2 233707.8
-144775.1 240032.7
-143148.7 244039.8
-141472.4 248148.5
-140929.3 249416.9
-140730.9 249823.4
-140083.2 250942.2
-139271.4 251357.3
-138716.7 251869.7
-138213 252381.4
-137562.2 253298.7
-137015.2 254315
-136335.7 256695
-136093.7 257606.1
-135952.7 258414.8
-136143.8 277724.3
-136402.4 277922.2
-136661 278120.1
-136870.3 278419.4
-140985.2 286830.5
-141091.4 287081.3
-141097.4 287484.4
-141050 287737.4
-140881 288369.9
-138806.4 291502
-138553.8 291707.4
-138249.5 291863.2
-137995.5 291967.7
-137131 292283.1
-128470.2 294276.5
-128470.2 294276.5
-128969.7 276670.2
-129046 268248.4
-129711.7 241515.4
-129882.7 225984.4
-129977.4 218823.9
-130389.5 192451.7
-122252 192169.3
-78561.8 191816
-65464.8 191712.2
ID 667
274361.5 196442
279190.3 204088.2
279439.9 204445.4
280791.6 206132.5
281294 206645.4
281847.7 207159.2
282200.4 207467.7
283111 208038.1
284375.9 208816.2
284985.1 209078.7
285544 209290
286459.1 209608.3
286764.7 209664
287070.6 209719.6
287376.5 209775.3
288957.9 210004.2
292178.8 210059.8
295196.8 210010.8
295965.4 209923.2
296786.1 209786.2
300275.6 209089.9
301353.6 208856.5
303210 207981
303468 207834
305699.9 205956.3
305699.9 205956.3
300189.6 196381.1
300189.6 196381.1
297659.5 194824.8
291880.9 188876.3
290340.4 186278.2
290265.9 184663.2
290282.5 183705.5
292646.7 168165.7
293436.8 166817.9
301195.6 155807.8
302750.2 154624.6
304037.2 154142.4
306113.8 152362.9
309651.8 145869
310350.9 143864.1
310866.2 140646.1
310872.2 140293.1
310736 139282.4
310493.2 138521.9
310197.6 137861.5
309804.1 136947.1
309660 136390
309374.5 135124.6
309284.3 134417.1
309400.4 133612.4
310595 126523.5
310870.2 125368.8
311085.2 124767.2
319646.8 108527.5
319909.2 108128.7
328560.9 98647
330847.6 96518.2
333382.6 94847.5
333898.9 94553.9
334773.4 94266.4
335491.2 94177.8
338046.3 94322.6
338290.3 95032.8
338430.9 95791.5
338676.3 96400.8
338932.1 96405.3
339295.3 96109
339455.4 95708.4
339894.3 93951
341733.9 81881.3
342105.1 78055.8
342118.6 77249.2
341718.6 76687.5
341159.4 76476.5
340495.4 76414.4
339233.5 84561.2
339233.5 84561.2
335348.4 84393.5
334381.8 84074.4
334234.3 83719
334339.2 83569.4
336645.1 80281.3
339621 76701.9
341286.9 74965.8
342569.8 74735.8
344363.7 59185.9
344182.1 57313.5
344182.1 57313.5
342240.2 57283.8
342240.2 57283.8
342141.7 57433.6
342141.7 57433.6
340081.5 57246.8
340081.5 57246.8
317696.9 56864.2
287310.6 56600.5
286216.7 67068.7
285535.4 77291.6
283615.3 97324.9
279965.5 131848.9
278794 143626.8
277311.2 158626.2
ID 675
219350.8 120968.8
219473.9 120948.6
222103.4 119732.3
223711 118448.3
224758.3 117003.7
225282.3 116256.4
225548 115655.8
225398.2 115451.7
220384.7 112343.4
220026.8 112337.5
217918.8 112957.7
217763.6 113056
212809.7 118669.8
210646.3 119541.3
209749.1 118114.8
209749.1 118114.8
210724.3 117929.5
211444.6 117689.3
212730.9 117256.9
213297.6 117014.4
215378.9 114931.7
219826.2 109006.9
220207 107652.2
217104.4 94191.1
216909.8 93583
215870.8 91448.4
214158.2 89806.8
213704.4 89395.9
216291.4 62822.1
216680.1 60963.4
218391.4 56454.8
219123.3 55509
223343 50941.3
227196.9 46820.9
227508.8 46523.7
227971.7 46380.3
228333.1 46184.7
228167.2 43812.4
228121.2 43509.2
227724.1 42746.5
226979.1 41373.1
225680.2 39435.8
224976.5 38667.9
221709.8 38160
221709.8 38160
217046.5 47963.4
209557.1 55350.7
209198.4 55395.1
205589.2 53924
205339.3 53567
204641.1 52446.6
204859.1 51643.5
216875.6 39642.6
221645.4 35840.1
227861.5 31204.4
231779.4 23152.8
234277.2 17447.1
235248.7 8035.8
234999.5 7628.5
234999.5 7628.5
214842 23124.5
214579 23573.9
214214.4 23971.3
212244 25551.7
205660.8 30736.3
204159.1 31820.8
200171 28478.4
199816 28270.8
196350.4 27407.2
194600.2 28033.9
194495.6 28183.3
192974.2 30477.2
189086.9 39789.6
186121.2 45656.3
186121.2 45656.3
182809.8 45029.9
182809.8 45029.9
184424.4 43292.1
186322 39895.3
189599.7 33446.5
189606.4 33043.3
189198.6 32935.8
187667.9 32658.4
184849.9 32864.3
181084.2 34718.3
176573.9 41449.5
170634.2 51081.1
168822.1 49236.8
167009.2 47443.1
166655.9 47134.8
159710.4 43140.1
158389 42564.1
155947.2 41667.4
155380.5 41910.3
152580.1 44183.5
152266.5 44581.7
152160.1 44831.9
151245.4 47589.5
150372.9 54027.2
150646.4 56098.4
150923.8 57917.6
151018.7 58372.8
151958 60404.3
153392.3 63452.1
153697.4 63557.8
154411.2 63720.8
154974.9 63679.5
155797.5 63440.9
156104.4 63445.9
156564 63503.8
157629.2 64075.5
162391.3 67026.5
162896.2 67438
162988.7 68044.4
162988.7 68044.4
162384.3 73705.1
162384.3 73705.1
162213.9 74735.9
162207.4 75139
162350.2 75796.8
162543.2 76505.6
162739.8 77012.8
163684.3 78691.8
164187 79254.5
164639.8 79715.5
166102 81050
166405.4 81256.5
166659.8 81361.6
166916.3 81315.4
167432 81071.7
168253 80934
168559.9 80939.1
168866.1 80994.4
169119.4 81149.9
169319.9 81405.2
169468.4 81710
169616 82065.2
169811.5 82622.8
169801.6 83227.7
169695.2 83478
169588.8 83728.2
169105.2 85131.6
169044.9 85685.2
168976.3 86742.6
169345.1 89218.8
169392.9 89421
169392.9 89421
180766.2 101000.2
172186.4 109327.7
169170.6 112252.2
162377.9 105285.5
162377.9 105285.5
161480.8 106934.2
161010.7 107531.4
160801.9 107780.1
150643 115679.2
150124.9 116074
144645.7 119462.6
144232.2 119708.1
142998.7 120040.9
142742.1 120087.1
136906.6 120244.3
136498.3 120187.2
136141.9 120080.5
135887.9 119975.6
135532.1 119818.5
135277.3 119763.9
134865.6 119908.5
134453.9 120053.1
134143.7 120249.6
128541.5 124896.9
128280.7 125195.2
128014.1 125846.2
127905.2 126247.6
127849.9 126498.9
127792.1 126901
127723.5 127958.6
127710.2 128764.8
127755.8 129118.3
127801.9 129421.7
127899.3 129725.8
128096.5 130182.5
128296 130488.1
128598.8 130745.1
129003.1 131054.2
129308.4 131159.8
129563.2 131214.4
129869.3 131269.7
130175.5 131325.3
130581.2 131533.5
130834.5 131688.7
131137.3 131945.7
131337 132251.3
132078.4 133826.1
132408.5 135545.4
132455.3 135798.2
132493.3 136605.3
132326.6 137409.1
132218.5 137760.2
132009.7 138008.7
130192.8 139592.3
129673.9 140037.5
123140.3 145325.2
122830.9 145471.3
122162.7 145662.3
114611.5 147506
113944.3 147646.4
109448.1 147271.4
109448.1 147271.4
107108.3 149552.5
103359.3 159775.1
95293.3 174314.2
77492.7 186681.5
76822.1 187023.8
76461.8 187169.3
76204.5 187265.9
75895.9 187361.9
75381.9 187504.9
70298.4 188684.1
69888.3 188728
69632.8 188723.8
53277 181557.6
50949.1 180008.4
48133.3 176989.9
47821.8 174111.7
48667.9 172411.3
46398 170409.5
45993.7 170100.6
44628.3 169121.3
44474.9 169118.9
37515.7 169210.5
31105.3 170168.4
29205.6 170592.2
28586 170935.1
28586 170935.1
24558.5 173241
20785 175652
20422.9 175898.2
19942.3 177151.1
20440.9 177965.4
15156.5 175715.1
8584.5 167648.2
3417.9 161216.3
-2913 163587.8
-8958.4 160923.2
-24091.2 147382.1
-38729.6 134858.2
-42234.3 133241.8
-42054 170242.5
-41161.1 191377.2
-41161.1 191377.2
-33946.2 191235.8
5950.6 191500.5
52598.6 191830.4
56894.4 191898.6
77299.9 192223.8
130345.4 192273.3
207810.5 194005.5
236589.8 194993.4
244614.9 195280.3
274361.5 196442
274361.5 196442
277311.2 158626.2
278794 143626.8
279965.5 131848.9
283615.3 97324.9
285535.4 77291.6
286216.7 67068.7
287310.6 56600.5
317696.9 56864.2
340081.5 57246.8
340081.5 57246.8
340717.3 56955.3
340823.7 56705.1
340989 56001.8
341105.5 55146.7
340292.9 45502.1
340119.2 43633.4
339871.9 43124.9
335895.6 36048.2
332613.6 30294.5
332311.8 29986.8
332155.1 30185.6
331630.2 30983.5
331440.3 33198.9
331886.5 34063.7
332339.5 34525.2
332894.6 34988.6
333396.1 35602.1
333491 36057.5
333429.1 36711.9
333014.9 37007.4
331276 36977.8
331073.8 36823
327761.2 32934.3
320585.8 18089.2
318812.5 13874.2
317294.3 9713.9
316956.7 8447.5
317320.5 8100.8
317641.4 8051.2
317641.4 8051.2
316659 7888
295524.1 4959.5
294468.8 3782
294834.2 3334.4
294787.1 3081.6
294534.8 2875.6
294023.2 2867.1
293671.7 2457.8
293722.7 1968.5
293722.7 1968.5
288184.4 3222.6
278790.9 1905.3
278438.6 1546.4
274532.6 -3712.1
274532.6 -3712.1
273554.2 -3325.1
273139.2 -2979.1
272825.7 -2581
272354.8 -1933.5
272194.9 -1532.8
271622.8 2188.6
271919.1 2849.1
273755.6 6358.6
274898.4 8444.9
276745.6 8122.8
278263.1 9207
282801.4 13316.7
284565.5 14959.7
283104.8 15419.2
282857.3 15536
282551 15500.7
281765.2 14731.2
281009.4 13387.5
280807.9 13182.4
279383.8 12654.3
273613.4 11952.6
273135 13053.7
275440 16036.8
277181.2 18455.7
278920.3 19120.3
279563.9 19191.6
279750.5 19043.4
279847.5 18742.5
280126.2 18595.9
281400 19555.1
283984.2 22361.5
283979.2 22663.9
283513.2 23009
283099.9 23254
281713 23583.6
269572.2 21312.7
268961.7 21100.8
268606.9 20893.1
268560.6 20590
268672.9 19986.8
267965 19470.7
266593.5 18843
266388.2 18889.9
266228.8 19240
266170.3 19692.8
266106.8 20447.9
266097.1 21052.9
266346.3 24586.2
266391.7 24939.9
274013.8 31319.2
276138.2 32817.2
277260.4 33037.6
277700.3 33110.2
277700.3 33110.2
279954.2 34141.7
279954.2 34141.7
273512.1 33831.8
272412.3 41627.7
261281.3 46431.9
261078.3 46327.6
260979.5 46124.3
261088.4 45722.9
261197.2 45321.5
261306.1 44920.1
261127.4 43354
259271 34853.2
255398.1 33881
254916.4 35183.8
252939.5 37167.3
252632.6 37162.2
251307.5 36837.6
251107 36582.2
250856.9 36225.2
249463.4 33832.3
249463.4 33832.3
250639.9 36977.7
250786.1 37433.8
250575.6 37783.1
248164.1 41322.3
246444.5 43209.4
242706.9 46474.1
241228.3 46147
241483.3 43076.1
241493.3 42471.4
241186.4 42466.2
238034.5 44329.4
232742.2 55029.6
231992.8 57033.6
237318.8 72296.5
243014.2 71332.9
253746.5 68991.9
257051.2 67182.2
257778 66538.8
257778 66538.8
258202.6 68713.9
258005.8 71331.9
247432.3 76448.3
242849.8 78186.2
240475.6 85607.6
237185.6 92711.3
232611.2 87795.2
232933.2 86893.1
232992.6 86390
233069.7 84828.5
231885.1 79112.1
230731.8 77681.4
230731.8 77681.4
230269 77824.8
230100.5 78729.5
230037.6 79434.3
230269 87100.7
233411.6 95068
233813.2 95528.2
237233.8 99063.9
238042.1 99682.6
238148.5 99432.1
237959.7 98471.1
237996.7 96253.6
241883 90218.7
242556.4 89726
243331.1 89285.2
244671.8 88652.2
245548.1 88263.8
246110.8 88273.1
250091.2 91969.6
250488 92732.4
250918.9 94504.3
250809.9 94905.7
250501.3 95001.4
250195.2 94945.9
245275.8 92342.6
250320.8 105837.3
251126.2 109366.3
251126.2 109366.3
249577.8 107438
244225.8 103163.7
240445.9 108948.2
239876.4 112417.2
244370.5 122071.3
249445 127601.4
249445 127601.4
247677.2 129285.8
248166.9 133629.8
248407.5 134541.3
248249.7 134790.5
246370.1 134002.8
245567.9 133031.4
243681.2 129621.9
242370.5 125415.5
241353.7 121970.1
240525 116461.1
240525 116461.1
237917.1 128617.6
237753.5 129219.7
236812.6 130413.8
236189.5 130957.9
235425 130793.9
235117.1 130839.1
234854.7 131238.1
234894.8 131894.2
235087.8 132603.1
235773.3 134429.4
242508.4 150675.4
243712.7 152057.1
248082.6 156819.5
254273.7 159747.5
265501.5 170273.7
268489.5 175013.6
268489.5 175013.6
271591.5 179049.5
271533.5 179452
270782.4 181506.5
270574.3 181704.6
270372.5 181549.9
268769.8 179556.2
267381.9 176960.9
262914.6 171994.4
258039.4 166920.1
257687.5 166561.4
257131 166199
256824.2 166193.7
256462.7 166389.2
256503.7 166995
258018.5 171154.9
259599.9 174408.6
261184.8 180435.3
261229 180839.4
260805.4 181689.4
260500.2 181583.5
259941.4 181372.3
252334.8 177512.2
249208.1 174887.8
246455 171362.3
247562.1 169415
247918.4 169521.9
248127.2 169273.2
249076 167625.5
249129.7 167475.2
249040.4 163692.4
248795.8 163032.6
240792.8 155335.2
239077.8 153894.8
238572.4 153533.3
232949.3 150262.6
232889.5 150765.7
231604.7 157197.4
231342 157596.2
231080.3 157944.7
230616.8 158138.7
228098 158852.5
226767.6 158880.5
226767.6 158880.5
228574.9 156495.3
228574.9 156495.3
228371.5 154773.5
227683.3 150073.5
224618 149820.5
221542.7 150172.2
221085.1 150013.2
220326.5 149496.4
216391.4 146204.2
216718.1 141975
212575.7 141009.8
212575.7 141009.8
208726.2 140885.8
208726.2 140885.8
212485.1 138123.4
219102.9 130924.1
222419.3 125333.1
222844.5 124382.5
222959.4 123628.2
222769.9 122717.5
222528.6 121856.6
222183.9 121044.3
219350.8 120968.8
219350.8 120968.8
217524.4 121269
217121.1 120909.4
219350.8 120968.8
208726.2 140885.8
208393.3 141130.4
207775.3 141372.2
206697.8 141555.9
206288.7 141549.2
205934.1 141341.5
205380.7 140777.9
205380.7 140777.9
ID 681
297410.1 176524.9
297305.7 176817.6
297554.5 177225.1
297950.5 177988.3
298140 178445.9
298140 178445.9
ID 704
235873.5 -96313.4
241414.1 -96178.6
241827.7 -96474.3
242303.6 -97525
242315.8 -98331.6
242326.4 -99037
242186.4 -99946.7
241945.2 -100958.8
239984.2 -107038.6
239275.2 -107554.4
230677.1 -110921.3
226555.3 -108671.8
212193.3 -95851.7
211464.6 -95056.8
210719.9 -93253.9
211712.9 -88630.6
211712.9 -88630.6
210291.3 -85546.2
209814.7 -84545.7
209139.2 -83901.1
208211 -83462.4
207184.7 -83277.6
204526.5 -83472.2
200250.4 -84903.4
200160.9 -85711.5
197285.3 -85102.9
192321.2 -81855.9
188816.3 -77022.4
188237.3 -72746.3
188237.3 -72746.3
187440.5 -80624.5
195585.1 -87601.2
206243 -91663.1
207695.2 -96126.9
207912.9 -96980.4
208024 -97533.4
207984.7 -98290.2
207795.6 -99301.9
212479.5 -104518.4
223025.7 -112458.4
235301.4 -116236.4
235730.2 -117490.2
238567.4 -123907.8
241267.9 -125733.3
241267.9 -125733.3
237960 -121745.5
237690.8 -121092.7
237364 -117211.3
237200.6 -113130.5
237348.1 -112674.5
239934.7 -111119.9
240188.8 -111014.9
242490.7 -111127.6
243312.3 -111416.1
254759.3 -115454.5
258095.5 -116707.4
263910.4 -114499.5
264626.2 -114437.5
265653.1 -114772.9
267040.9 -115454.5
267351.5 -115902.3
267769.5 -116951.6
268240 -118151
269205.4 -122965.8
275206.1 -142109.3
276634.6 -145880.4
278294.7 -150316.4
278610.5 -155729.2
278610.5 -155729.2
276716.8 -155812.2
276716.8 -155812.2
275061.2 -144723.5
274914.1 -143925.3
274765.4 -143478
272772 -138878.4
272502.1 -138326.1
271324.3 -138194.6
270307.1 -138514.1
269143.7 -146612.5
267965.8 -156082.2
267965.8 -156082.2
265457.6 -156209.6
265457.6 -156209.6
263811.9 -156300.9
263811.9 -156300.9
255887.8 -156521.9
238435.2 -157161.7
217605.6 -157818.4
185637.6 -158709.5
185414.1 -158715.7
150869.8 -159435.3
150057.5 -159449.1
98362.7 -160323.8
84714 -160525.1
48352 -162036
18163 -161927.7
-12894.1 -161656.4
-45588.5 -161364.7
-93631.7 -161024
-128213.2 -160131.6
-143898.5 -159181.5
-169992.2 -157812.3
-209422.1 -156067.9
-238353.1 -153426.8
-238353.1 -153426.8
-236730.9 -151480.8
-260441.9 -150115.6
-261484.4 -152047.6
-281548.7 -151484.7
-287126.3 -151414.9
-294288.5 -151418.9
-322295.3 -150414.4
-340305.2 -149767
-343610.9 -149621.4
-355815.7 -149082.9
-375824.2 -148563.3
-379154.8 -148207.5
-381477.9 -146929.2
-397701.3 -146354
-398348.7 -146323
-417151.9 -145420.2
-417151.9 -145420.2
-416853.6 -144911.2
-415994.5 -144293.7
-414524.3 -143515.8
-403960.8 -139077
-390906.7 -136721.3
-374458.3 -132349.5
-367546.1 -129677.8
-367671.8 -128267
-367528.5 -127659.6
-363938.5 -122059.3
-361825.7 -119910.4
-359894.7 -119126.1
-358769.5 -119110
-357896.9 -119299.2
-356925.2 -119285.2
-352936.9 -119177.7
-351355.6 -118902.9
-350285.8 -118635.4
-347847.6 -117591.6
-344755.3 -115882.5
-330422.8 -100847.7
-330176.2 -100289.3
-330079.7 -99934.9
-329821.5 -96955.5
-329967.5 -94284.4
-329691.4 -92414.4
-318909.4 -85350.2
-316528.4 -83903.7
-315956.4 -83611.2
-315615.1 -83436.6
-310077.6 -81037.1
-307840.1 -80198.1
-304432.7 -78938.8
-301380.9 -77835.8
-299241.5 -77250.2
-297556.7 -77024
-296740 -76911.3
-296131.2 -76600.1
-294412.4 -75314.5
-290830.4 -72186.6
-280630.5 -63819.7
-260930.2 -48003.8
-260930.2 -48003.8
-260042.7 -52276.8
-262685 -56601
-258596.4 -65819.4
-257077.1 -68015.9
-256083.2 -69362.9
-251120.6 -75644
-236077.8 -85055
-235360.1 -85145.2
-226916.6 -85172.4
-226404.9 -85164.9
-225640.9 -84951.9
-225032.8 -84590.1
-214188.4 -78026.7
-213276.6 -77458.8
-212618.1 -77045.7
-212215.4 -76636.2
-208868.4 -71595.3
-208521.8 -70884.3
-208521.8 -70884.3
-205019.7 -75420.8
-204498.4 -76018.1
-203876.5 -76513.1
-196774.5 -82156
-174087.1 -76928.3
-172354.8 -76449
-171083.9 -75925.7
-167781.1 -74464.8
-146965.1 -64171.5
-141038.1 -60402.2
-136165.2 -57909.2
-134994.2 -57538.9
-133974.1 -57321.8
-133155.4 -57309.5
-132847.8 -57355.4
-132640.7 -57503.3
-132173 -57950.1
-131756.3 -58397.6
-131338.1 -58945.8
-131223.5 -59700.3
-125675.2 -61028.4
-115954.2 -54479.5
-114650.3 -46444.3
-113995.1 -39427.3
-114303.8 -39331.1
-114562.1 -39183.6
-114930.6 -38534
-114890 -37878
-114470.6 -35300.9
-114175.9 -34540
-110316.3 -26265.1
-110117.3 -25909.1
-107530.1 -21283.1
-106780.5 -20162.7
-102228.1 -13591.2
-101827.8 -13030.8
-97082.5 -8926.4
-90822.6 -3538.9
-89203 -2405.3
-88697.8 -1994.4
-88396.5 -1637.1
-87695.2 -668.6
-87545.9 -414.4
-84659.5 4720.5
-84561.3 4974
-81521.6 13337.1
-81135.6 14804.7
-79984.8 19661
-80091.1 19911.4
-80097.6 20314.6
-79595.6 20927.2
-79243.9 21335.8
-72596.9 28140.7
-72293.1 28346.8
-69302.4 30156.5
-69302.4 30156.5
-70072.6 33521.9
-70186.2 34225.7
-70140.7 34579.3
-69844 35238.9
-68894.4 36664.7
-67491.4 38551
-60382.9 51714
-60431.2 54737.5
-60386.4 55141.4
-60295.2 55848.5
-60149 56304.3
-58086.8 61779.3
-57640.7 62693.3
-57093.9 63709.8
-55850.3 65946.6
-47448.2 62143.8
-46673.6 61702
-46093.8 60652.4
-43811.1 55495.9
-42365.4 51485.8
-27640 45915.9
-25965.2 46798.5
-25458.3 47108.9
-25002.8 47418.4
-23742.9 48647.4
-23440.9 48954.5
-20935.1 52269.4
-18591.5 56136.2
-17303.1 58777.1
-14931.2 64055.6
-13408.1 68010.6
-11085.7 73187.5
-4550.1 86897.7
-3349.1 88579.6
760.4 93986.3
1065.2 94142.2
1322.5 94045.5
1583.2 93747
1741.5 93447.1
2106.9 92999.2
2367.6 92700.7
3357.2 91607.3
4812.4 90218.6
6732.8 88534.8
9065.7 86655.8
9376.8 86408.7
9635.8 86211.1
10257 85767.3
11548.2 84881.9
15928 92710.6
16471.2 93928.8
24756.1 100610.9
27642 102520.9
34672.6 107621.3
34873.9 107826.2
37629.8 111448
37930.4 111856
38580 112823.9
49608.3 133310.8
55874.7 150749.5
55026.1 152601.2
55857.3 161284.2
55996.1 162193.6
59353.3 160230.8
62092.8 158509.9
62403.8 158262.8
83198.9 141153.6
100834 126516.4
100834 126516.4
101945.4 130516.1
103803.6 135788.4
106746.2 143548.1
107243.8 144413
109448.1 147271.4
109448.1 147271.4
113944.3 147646.4
114611.5 147506
122162.7 145662.3
122830.9 145471.3
123140.3 145325.2
129673.9 140037.5
130192.8 139592.3
132009.7 138008.7
132218.5 137760.2
132326.6 137409.1
132493.3 136605.3
132455.3 135798.2
132408.5 135545.4
132078.4 133826.1
131337 132251.3
131137.3 131945.7
130834.5 131688.7
130581.2 131533.5
130175.5 131325.3
129869.3 131269.7
129563.2 131214.4
129308.4 131159.8
129003.1 131054.2
128598.8 130745.1
128296 130488.1
128096.5 130182.5
127899.3 129725.8
127801.9 129421.7
127755.8 129118.3
127710.2 128764.8
127723.5 127958.6
127792.1 126901
127849.9 126498.9
127905.2 126247.6
128014.1 125846.2
128280.7 125195.2
128541.5 124896.9
134143.7 120249.6
134453.9 120053.1
134865.6 119908.5
135277.3 119763.9
135532.1 119818.5
135887.9 119975.6
136141.9 120080.5
136498.3 120187.2
136906.6 120244.3
142742.1 120087.1
142998.7 120040.9
144232.2 119708.1
144645.7 119462.6
150124.9 116074
150643 115679.2
160801.9 107780.1
161010.7 107531.4
161480.8 106934.2
162377.9 105285.5
162377.9 105285.5
165933.1 103781.1
165985.2 103731.6
166193.2 103533.2
169186.8 98844
169503.7 98244.2
169768.5 97694.2
169930.2 97192.7
170042.6 96589.6
170215.4 92307.8
169392.9 89421
169392.9 89421
169345.1 89218.8
168976.3 86742.6
169044.9 85685.2
169105.2 85131.6
169588.8 83728.2
169695.2 83478
169801.6 83227.7
169811.5 82622.8
169616 82065.2
169468.4 81710
169319.9 81405.2
169119.4 81149.9
168866.1 80994.4
168559.9 80939.1
168253 80934
167432 81071.7
166916.3 81315.4
166659.8 81361.6
166405.4 81256.5
166102 81050
164639.8 79715.5
164187 79254.5
163684.3 78691.8
162739.8 77012.8
162543.2 76505.6
162350.2 75796.8
162207.4 75139
162213.9 74735.9
162384.3 73705.1
162384.3 73705.1
157203.9 70963.1
157203.9 70963.1
156574.4 70782.1
156574.4 70782.1
151383 64954.1
151383 64954.1
151322.7 64829.9
151224.5 64576.1
151026.4 64169.7
150987.1 63761
150987.1 63761
147886.5 57828.3
147886.5 57828.3
146765.5 46155.7
146765.5 46155.7
147081 44749.1
147081 44749.1
149095.5 40875.3
149095.5 40875.3
149964.6 39806
149964.6 39806
157324.4 39393.2
157324.4 39393.2
161460.6 40607.8
161460.6 40607.8
162096.3 41162.5
162096.3 41162.5
162408 41434.5
162408 41434.5
163291.5 42423.8
163291.5 42423.8
167973.1 43903.8
167973.1 43903.8
169275.8 46522.2
169275.8 46522.2
172837.3 38780.9
172837.3 38780.9
172942.7 35450.1
172942.7 35450.1
178415.7 28786.2
178415.7 28786.2
178832.5 25727.8
178832.5 25727.8
182270.1 23494.2
182270.1 23494.2
183051.3 23152
183051.3 23152
184160.5 22713.2
184160.5 22713.2
186537.2 21447.1
186537.2 21447.1
194879.3 21143
194879.3 21143
197747.9 13819.4
197747.9 13819.4
206486.6 20090.7
206486.6 20090.7
209633.8 16132.1
209633.8 16132.1
209781.5 15524.5
209781.5 15524.5
216747.2 8953
216747.2 8953
218262.5 6157.2
218262.5 6157.2
218508.7 5826.3
218508.7 5826.3
218731.2 5583.9
218731.2 5583.9
221915.4 4395.3
221915.4 4395.3
221930.5 4031.2
221930.5 4031.2
222402.5 3104.5
222402.5 3104.5
223158.5 1990.9
223158.5 1990.9
224366.7 1040.2
224366.7 1040.2
225191.9 366.9
225191.9 366.9
228792 -1746.1
228792 -1746.1
229670.7 -1817.6
229670.7 -1817.6
231570.3 -2390.8
231570.3 -2390.8
232356.8 -2586.6
232356.8 -2586.6
240570.9 -7626.5
240570.9 -7626.5
241867.9 -8894.6
241867.9 -8894.6
242574.7 -8637.5
242574.7 -8637.5
239638.3 -14742.8
239638.3 -14742.8
239590.2 -13621.1
239378.4 -13170.9
238960 -12623.1
238545.8 -12327.6
229347.9 -9958.8
227411.2 -10444.6
227527.3 -11299.8
229800.2 -12623.4
231037.1 -13157.7
235274.1 -22061.6
232231.9 -30178.6
231962.9 -32552.6
232846.7 -39798.1
232846.7 -39798.1
231959.9 -38754
226286.1 -32746.9
226081.3 -32750.5
223075 -33556.1
220760.6 -36014.3
220509.6 -36321
220306.6 -36425
219948.4 -36431.1
219332.1 -36289.8
218713.4 -35997.6
216991.1 -33908.5
216727.2 -33408.6
214685.3 -27341.7
212767.4 -22634.2
208054.3 -20000.3
208054.3 -20000.3
205754.5 -19321.5
199602.2 -15439.7
196344.2 -10149.2
196109.7 -8287.9
196051 -7835.1
195788 -7385.6
193769.2 -5956.9
193148.7 -5563.8
192636.2 -5521.6
192076.7 -5732.4
192076.7 -5732.4
194835.1 -11141.9
199486.3 -17780.7
199737.8 -18139.6
200049.7 -18436.9
202504.3 -20241.8
205095.4 -20985.8
208967.7 -25015.8
211166.5 -28105.5
213147.6 -33568.2
213101.4 -33871.4
212743.2 -33877.2
212280.4 -33733.7
210993.3 -33250.6
210786.1 -33102.7
210630.2 -32954.1
211724.9 -34196.6
215260.3 -37667.6
226391.5 -42526.2
234041.4 -44114.5
237946.3 -45108.8
238409.4 -45252.3
240147.8 -54803.2
240050.2 -55107.4
239703.7 -55859
239703.7 -55859
240367.6 -55757.6
242258.9 -55625.6
242670.6 -55770.2
242777.8 -56070.8
243315.7 -57725.8
243553.6 -63016.1
243526.5 -64529.2
243389 -65540.1
242704.8 -67568
240467.7 -71689.1
238665 -70962.6
231098 -64935.8
225319 -57189.4
225319 -57189.4
225385.9 -59785.7
224270 -63585.6
221785.8 -61861.6
221631.4 -61813.8
221430 -62018.6
221196 -63384
222738.5 -70215.9
225313.5 -74459.5
226526.2 -73481.7
229376 -72476.9
230149.8 -72867.5
230513.3 -73214.4
231738.7 -76270
231002.6 -78248.6
226156.9 -79235.8
223555 -79732.3
223144.2 -79638.1
221032.2 -78765
215738.8 -74112.3
212656.6 -70179.4
210829.5 -67940.4
210308.4 -67343.8
208642.6 -65556
204222.1 -61040.4
202552.2 -62227.5
205804.4 -67266.3
212280.4 -75479.8
212696.2 -75876.5
218755.7 -80416
219218.5 -80559.6
220296.8 -80794.2
221594.7 -81046.9
221594.7 -81046.9
222260.9 -82022.5
222780.3 -82518.3
229675.5 -88153.4
230605.5 -88743.2
234822.4 -90085.8
238384.8 -92144.7
238901.7 -92489
240615.3 -94124.8
240775.8 -94575.8
240574.4 -94780.9
240066.8 -95041.5
235873.5 -96313.4
235873.5 -96313.4
234870.5 -96337.8
234412.5 -96496.6
234263.9 -96801.6
234263.9 -96801.6
235873.5 -96313.4
239703.7 -55859
238887.5 -55983.7
238887.5 -55983.7
239145 -56080.5
239605.2 -56072.8
ID 709
234178.2 104356.6
230919.7 100319.5
228694.2 98770
227713.2 99308.1
227673.1 104802.4
228131 108036.4
228320.2 108947.1
228510.8 109807.1
231155 116909
233227.7 118405.9
237515.9 112831.4
237830.4 112383
237661.2 107187.6
ID 712
162377.9 105285.5
169170.6 112252.2
172186.4 109327.7
180766.2 101000.2
169392.9 89421
169392.9 89421
170215.4 92307.8
170042.6 96589.6
169930.2 97192.7
169768.5 97694.2
169503.7 98244.2
169186.8 98844
166193.2 103533.2
165985.2 103731.6
165933.1 103781.1
ID 721
150987.1 63761
151026.4 64169.7
151224.5 64576.1
151322.7 64829.9
151383 64954.1
151383 64954.1
ID 719
231188.3 59288.8
230926.7 59637.3
230870.6 59938.9
230958.7 60797.2
230953 61150.1
231053.6 61252.5
231313.6 61004.8
231523.9 60655.5
231583.5 60152.2
231288.9 59391.2
ID 715
342240.2 57283.8
344182.1 57313.5
344182.1 57313.5
343984.4 54288.6
343857.8 52672.8
343431.9 50598
342198.8 44727.8
341861.5 43461.5
341151.3 43096.3
340940.8 43445.9
340883.2 43848.1
340927.5 44252.2
341020.8 44808.5
341871.4 49058.6
ID 718
340235.6 42778.3
340593 42834.7
340754.7 42333.2
340612.8 41624.8
334512.1 20595.1
333475.1 18308.6
331249.8 13581.2
329814.4 10632.2
329078.3 9788.6
329078.3 9788.6
326303 9456
326303 9456
326711.5 9520.7
327118.2 9678.8
328185 10150.7
328688.2 10663.6
331118.9 15343.8
338338.2 36846.2
ID 727
247634.3 36171.2
247125.9 35961.2
246432 34588.5
246819 32830.3
246926.2 32529.8
247754.6 31938.5
248577.9 31649.8
249654 31567
250167.1 31474.6
250886.5 31285
251195.9 31139
251302.5 30888.5
251156.2 30432.4
249736.4 29652.5
249478.8 29749
247720.7 30879.2
246008.7 32312.8
245484.9 33060.2
244113.6 35558
244365.2 35814.2
245071.6 36431
246601.3 36758.9
247528.7 36371.1
247581.5 36271.3
ID 752
184160.5 22713.2
183051.3 23152
183051.3 23152
183111.9 23308.6
183157.2 23662
183410.6 23817.5
183620.3 23518.4
183935.4 23019.5
ID 754
196074.9 21050.8
196195.3 21204.2
196605.4 21160.5
196965.1 21065.7
197170.6 21018.7
197298.2 20949.6
197298.2 20949.6
ID 755
197298.2 20949.6
197692 20422.2
197692 20422.2
196074.9 21050.8
196074.9 21050.8
ID 744
293722.7 1968.5
293671.7 2457.8
294023.2 2867.1
294534.8 2875.6
294787.1 3081.6
294834.2 3334.4
294468.8 3782
295524.1 4959.5
316659 7888
317641.4 8051.2
317641.4 8051.2
315007 5641.5
311945.7 -4343.5
311503.2 -5460.3
307854.8 -10816.1
306190.2 -13140.7
306190.2 -13140.7
304284.6 -15041.3
297476 -28279.6
297584.4 -28631.1
298100.2 -28874.4
296734.4 -32681.3
288128.5 -44274.5
281473.2 -53563.3
274145.7 -65787
273703.8 -66954.1
273223.3 -68928.6
272217.8 -73282
272173.9 -73736.6
271191.4 -86056.8
269307.4 -93097.5
269307.4 -93097.5
264451 -83697.6
262971.5 -77469.3
262995.4 -72527.2
263463.1 -69746.2
268981.8 -53166.2
273873.8 -45471
274487.6 -45460.7
277348.2 -45161
277751.7 -44801.2
277490.2 -44452.6
275950 -44125.4
270927.1 -43604.1
269557.3 -44332.7
269557.3 -44332.7
269447.7 -43880.6
270499.7 -39274.9
273580.2 -33526.1
277976.7 -26897.8
278279.6 -26640.8
279862.2 -26412.6
284987.2 -23755.3
285290.1 -23498.3
289609.8 -18484.6
291897.8 -11235.9
291587.5 -7863.1
291411.2 -6454.1
291088 -5451.2
289546 -5023.3
291112.7 -660.9
ID 781
232356.8 -2586.6
239839.8 -6911.6
239839.8 -6911.6
240570.9 -7626.5
240570.9 -7626.5
ID 773
271178.5 -5129.5
271505.6 -5406.7
271505.6 -5406.7
270774.4 -5472.6
270774.4 -5472.6
ID 778
307035.7 -13956.2
307345 -14102.2
307449.8 -14251.8
306430.1 -17647.4
306085.9 -18510.3
302536 -26839.2
302337.1 -27195.6
300993.9 -29588
300635.9 -29594.2
300151.1 -28089.6
300197.5 -27786.2
304803.7 -15153.5
ID 789
301022.9 -31402.9
298501.9 -40118
298246.3 -40122.2
293377.9 -39649.3
293271.6 -39398.8
293269.2 -39247.6
294304.5 -36809.8
300143.9 -30812.4
300345.9 -30657.8
300704.1 -30651.9
300960.6 -30698
301064.5 -30797.1
ID 793
299908.9 -41708
296890.1 -48112.2
290818 -49171.7
290251.4 -48929.2
289161 -47938.9
289105.1 -47637.2
289099.5 -47284.2
289275.1 -45466.1
289320.6 -45112.3
289367 -44809.1
289715.4 -44198.1
298210.3 -41081.1
299592.2 -41108.3
299747.4 -41206.4
299854.4 -41507.2
ID 797
289402.9 -53481.5
289404.6 -53582.2
289407 -53733.6
289308.6 -53987.3
289053 -53991.4
288793.1 -53743.7
288583.7 -53444.6
288478.9 -53295.2
288577.2 -53041.3
288727.4 -52837.2
288983.2 -52832.8
289136.7 -52830.5
289291.1 -52878.2
289345.3 -53079
289348.4 -53280.7
ID 808
286095.2 -67504.4
286199 -67603.4
286409 -67953.1
286465.9 -68305.1
286471.5 -68657.8
286116.9 -68865.6
285859.9 -68819.3
285752.2 -68468.1
285645 -68167.5
285690.5 -67813.7
285738.7 -67611.2
ID 813
276898.4 -81272.6
275510.1 -87346.8
273998.5 -88834.4
273693.1 -88940.1
272542.8 -80891
272471.1 -79580.9
272467.7 -79379.4
272665.9 -78972.7
274906.6 -75052.6
275409.3 -74489.6
275761.9 -74130.7
276219.8 -73972
277036.2 -73807.3
277755.2 -73996.9
278305.2 -76408.2
278363.5 -76861.1
278316.3 -77114
277910.9 -77372.7
277195.7 -77435.1
276533 -77597.4
276127.9 -77856.2
275980.7 -78262.1
275256.4 -80997.1
275212.5 -81451.8
275528.8 -82051.5
275738.4 -82350.7
275894.2 -82499.6
276097.2 -82395.3
276299.4 -82240.5
