ID 4307
-72919.6 465484.5
-70842.6 449919.7
-83437.5 440385.8
-98113.9 446415.9
-100193.2 461984.3
-87594 471518.5
-72919.6 465484.5
ID 2767
233797.6 456739.7
235870.2 441213.2
223232 431748.8
208516.9 437810.5
206442.1 453340.7
219084.5 462805.4
233797.6 456739.7
ID 2890
206442.1 453340.7
208516.9 437810.5
195883.9 428339.1
181171.7 434397.3
179094.7 449931.4
191732 459403
206442.1 453340.7
ID 3909
-1591 450857.1
490.6 435300.4
-12110.3 425780.5
-26797.3 431816.6
-28881.2 447376.8
-16276 456897
-1591 450857.1
ID 3014
179094.7 449931.4
181171.7 434397.3
168544 424919.1
153834.8 430974.2
151755.4 446511.6
164387.5 455990.3
179094.7 449931.4
ID 4041
-28881.2 447376.8
-26797.3 431816.6
-39393.2 422289.6
-54077.2 428322.4
-56163.3 443886.3
-43563.3 453413.5
-28881.2 447376.8
ID 3139
151755.4 446511.6
153834.8 430974.2
141212.1 421488.9
126505.8 427540.7
124424.3 443082.1
137051.1 452567.6
151755.4 446511.6
ID 4174
-56163.3 443886.3
-54077.2 428322.4
-66667.9 418788.7
-81349.2 424818.2
-83437.5 440385.8
-70842.6 449919.7
-56163.3 443886.3
ID 3265
124424.3 443082.1
126505.8 427540.7
113888.3 418048.6
99185.1 424097.1
97101.2 439642
109722.9 449134.4
124424.3 443082.1
ID 2405
305324.8 441916.3
307401.9 426397.8
294757.5 416947.5
280031.7 423015.2
277952.3 438537.5
290601 447988
305324.8 441916.3
ID 4308
-83437.5 440385.8
-81349.2 424818.2
-93934.5 415277.7
-108612.8 421304.1
-110703.6 436875
-98113.9 446415.9
-83437.5 440385.8
ID 3392
97101.2 439642
99185.1 424097.1
86572.7 414598.2
71872.2 420643.4
69786.2 436191.9
82402.7 445691.2
97101.2 439642
ID 2525
277952.3 438537.5
280031.7 423015.2
267392.5 413557.9
252669.7 419622.3
250588 435148.1
263231.5 444605.7
277952.3 438537.5
ID 4443
-110703.6 436875
-108612.8 421304.1
-121193.3 411756.4
-135868.8 417779.4
-137961.7 433354.2
-125377 442902
-110703.6 436875
ID 3520
69786.2 436191.9
71872.2 420643.4
59265.1 411137.4
44567.6 417179.5
42479.2 432731.6
55090.7 442237.9
69786.2 436191.9
ID 2646
250588 435148.1
252669.7 419622.3
240035.7 410158
225315.8 416219.2
223232 431748.8
235870.2 441213.2
250588 435148.1
ID 3649
42479.2 432731.6
44567.6 417179.5
31965.6 407666.6
17271 413705.3
15180.3 429261.1
27786.6 438774.3
42479.2 432731.6
ID 2768
223232 431748.8
225315.8 416219.2
212687 406748
197970 412805.9
195883.9 428339.1
208516.9 437810.5
223232 431748.8
ID 3779
15180.3 429261.1
17271 413705.3
4674.2 404185.5
-10017.4 410221
-12110.3 425780.5
490.6 435300.4
15180.3 429261.1
ID 2891
195883.9 428339.1
197970 412805.9
185346.3 403327.7
170632.4 409382.2
168544 424919.1
181171.7 434397.3
195883.9 428339.1
ID 3910
-12110.3 425780.5
-10017.4 410221
-22609.1 400694.4
-37298 406726.5
-39393.2 422289.6
-26797.3 431816.6
-12110.3 425780.5
ID 3015
168544 424919.1
170632.4 409382.2
158013.8 399897.1
143302.7 405948.5
141212.1 421488.9
153834.8 430974.2
168544 424919.1
ID 4042
-39393.2 422289.6
-37298 406726.5
-49884.4 397193
-64570.4 403221.9
-66667.9 418788.7
-54077.2 428322.4
-39393.2 422289.6
ID 3140
141212.1 421488.9
143302.7 405948.5
130689.5 396456.5
115981.2 402504.5
113888.3 418048.6
126505.8 427540.7
141212.1 421488.9
ID 2287
322130.5 420326.7
324216.7 404808.9
311576.4 395358.8
296846 401426
294757.5 416947.5
307401.9 426397.8
322130.5 420326.7
ID 4175
-66667.9 418788.7
-64570.4 403221.9
-77151.8 393681.5
-91834.7 399707.4
-93934.5 415277.7
-81349.2 424818.2
-66667.9 418788.7
ID 3266
113888.3 418048.6
115981.2 402504.5
103373.3 393005.7
88667.9 399050.4
86572.7 414598.2
99185.1 424097.1
113888.3 418048.6
ID 2406
294757.5 416947.5
296846 401426
284210.9 391968.8
269483.2 398032.7
267392.5 413557.9
280031.7 423015.2
294757.5 416947.5
ID 4309
-93934.5 415277.7
-91834.7 399707.4
-104410.9 390159.9
-119091.3 396182.4
-121193.3 411756.4
-108612.8 421304.1
-93934.5 415277.7
ID 3393
86572.7 414598.2
88667.9 399050.4
76065 389544.6
61362.6 395586
59265.1 411137.4
71872.2 420643.4
86572.7 414598.2
ID 2526
267392.5 413557.9
269483.2 398032.7
256853.5 388568.7
242128.6 394629.3
240035.7 410158
252669.7 419622.3
267392.5 413557.9
ID 3521
59265.1 411137.4
61362.6 395586
48764.9 386073.3
34065.4 392111.7
31965.6 407666.6
44567.6 417179.5
59265.1 411137.4
ID 2647
240035.7 410158
242128.6 394629.3
229504.1 385158.3
214782.2 391215.6
212687 406748
225315.8 416219.2
240035.7 410158
ID 3650
31965.6 407666.6
34065.4 392111.7
21472.8 382592
6776.3 388627
4674.2 404185.5
17271 413705.3
31965.6 407666.6
ID 2769
212687 406748
214782.2 391215.6
202162.7 381737.6
187443.8 387791.7
185346.3 403327.7
197970 412805.9
212687 406748
ID 3780
4674.2 404185.5
6776.3 388627
-5811.3 379100.4
-20504.9 385132.1
-22609.1 400694.4
-10017.4 410221
4674.2 404185.5
ID 2892
185346.3 403327.7
187443.8 387791.7
174829.7 378307
160113.7 384357.6
158013.8 399897.1
170632.4 409382.2
185346.3 403327.7
ID 3911
-22609.1 400694.4
-20504.9 385132.1
-33087.1 375598.8
-47777.8 381627.2
-49884.4 397193
-37298 406726.5
-22609.1 400694.4
ID 3016
158013.8 399897.1
160113.7 384357.6
147504.6 374865.9
132791.6 380913.3
130689.5 396456.5
143302.7 405948.5
158013.8 399897.1
ID 2170
338950.3 398738.4
341045.7 383221.5
328409.6 373771.4
313674 379838.1
311576.4 395358.8
324216.7 404808.9
338950.3 398738.4
ID 4043
-49884.4 397193
-47777.8 381627.2
-60355.1 372086.9
-75043 378112
-77151.8 393681.5
-64570.4 403221.9
-49884.4 397193
ID 3141
130689.5 396456.5
132791.6 380913.3
120187.6 371414.6
105477.5 377458.9
103373.3 393005.7
115981.2 402504.5
130689.5 396456.5
ID 2288
311576.4 395358.8
313674 379838.1
301043.2 370381.3
286310.6 376444.5
284210.9 391968.8
296846 401426
311576.4 395358.8
ID 4176
-77151.8 393681.5
-75043 378112
-87614.9 368564.9
-102300 374586.8
-104410.9 390159.9
-91834.7 399707.4
-77151.8 393681.5
ID 3267
103373.3 393005.7
105477.5 377458.9
92878.8 367953.2
78171.6 373994.1
76065 389544.6
88667.9 399050.4
103373.3 393005.7
ID 2407
284210.9 391968.8
286310.6 376444.5
273685.1 366980.9
258955.5 373040.7
256853.5 388568.7
269483.2 398032.7
284210.9 391968.8
ID 4310
-104410.9 390159.9
-102300 374586.8
-114866.8 365032.7
-129548.8 371051.3
-131662.3 386628
-119091.3 396182.4
-104410.9 390159.9
ID 3394
76065 389544.6
78171.6 373994.1
65578 364481.7
50873.7 370519.3
48764.9 386073.3
61362.6 395586
76065 389544.6
ID 2527
256853.5 388568.7
258955.5 373040.7
246335 363570.1
231608.4 369626.8
229504.1 385158.3
242128.6 394629.3
256853.5 388568.7
ID 3522
48764.9 386073.3
50873.7 370519.3
38285.2 361000.1
23583.9 367034.3
21472.8 382592
34065.4 392111.7
48764.9 386073.3
ID 2648
229504.1 385158.3
231608.4 369626.8
218993 360149.2
204269.3 366202.5
202162.7 381737.6
214782.2 391215.6
229504.1 385158.3
ID 3651
21472.8 382592
23583.9 367034.3
11000.7 357507.9
-3697.9 363539
-5811.3 379100.4
6776.3 388627
21472.8 382592
ID 2770
202162.7 381737.6
204269.3 366202.5
191659.1 356718.1
176938.6 362768.1
174829.7 378307
187443.8 387791.7
202162.7 381737.6
ID 3781
-5811.3 379100.4
-3697.9 363539
-16275.9 354006
-30971.5 360033.7
-33087.1 375598.8
-20504.9 385132.1
-5811.3 379100.4
ID 2893
174829.7 378307
176938.6 362768.1
164333.5 353276.5
149615.7 359323.4
147504.6 374865.9
160113.7 384357.6
174829.7 378307
ID 2054
355784.2 377151.6
357888.4 361635.4
345256.5 352185.7
330516.2 358251.7
328409.6 373771.4
341045.7 383221.5
355784.2 377151.6
ID 3912
-33087.1 375598.8
-30971.5 360033.7
-43544.5 350493.6
-58237.1 356518.2
-60355.1 372086.9
-47777.8 381627.2
-33087.1 375598.8
ID 3017
147504.6 374865.9
149615.7 359323.4
137016 349825
122301 355868.5
120187.6 371414.6
132791.6 380913.3
147504.6 374865.9
ID 2171
328409.6 373771.4
330516.2 358251.7
317889.5 348795
303152 354857.9
301043.2 370381.3
313674 379838.1
328409.6 373771.4
ID 4044
-60355.1 372086.9
-58237.1 356518.2
-70804.9 346971.4
-85494.7 352992.7
-87614.9 368564.9
-75043 378112
-60355.1 372086.9
ID 3142
120187.6 371414.6
122301 355868.5
109706.4 346363.2
94994.5 352403.7
92878.8 367953.2
105477.5 377458.9
120187.6 371414.6
ID 2289
301043.2 370381.3
303152 354857.9
290530.6 345394.3
275796.3 351453.7
273685.1 366980.9
286310.6 376444.5
301043.2 370381.3
ID 4177
-87614.9 368564.9
-85494.7 352992.7
-98057.4 343438.8
-112744.3 349456.8
-114866.8 365032.7
-102300 374586.8
-87614.9 368564.9
ID 3268
92878.8 367953.2
94994.5 352403.7
82405.2 342891.4
67695.9 348928.4
65578 364481.7
78171.6 373994.1
92878.8 367953.2
ID 2408
273685.1 366980.9
275796.3 351453.7
263179.8 341983.3
248448.3 348039.3
246335 363570.1
258955.5 373040.7
273685.1 366980.9
ID 4311
-114866.8 365032.7
-112744.3 349456.8
-125301.9 339896.2
-139985.9 345910.9
-142110.7 361490.3
-129548.8 371051.3
-114866.8 365032.7
ID 3395
65578 364481.7
67695.9 348928.4
55111.7 339409.2
40405.4 345443
38285.2 361000.1
50873.7 370519.3
65578 364481.7
ID 2528
246335 363570.1
248448.3 348039.3
235837.3 338561.9
221108.6 344614.8
218993 360149.2
231608.4 369626.8
246335 363570.1
ID 3523
38285.2 361000.1
40405.4 345443
27826.6 335916.8
13123 341947.6
11000.7 357507.9
23583.9 367034.3
38285.2 361000.1
ID 2649
218993 360149.2
221108.6 344614.8
208502.7 335130.4
193777 341180
191659.1 356718.1
204269.3 366202.5
218993 360149.2
ID 3652
11000.7 357507.9
13123 341947.6
549.2 332414.5
-14151.2 338441.8
-16275.9 354006
-3697.9 363539
11000.7 357507.9
ID 2771
191659.1 356718.1
193777 341180
181176.5 331688.7
166453.9 337734.9
164333.5 353276.5
176938.6 362768.1
191659.1 356718.1
ID 3782
-16275.9 354006
-14151.2 338441.8
-26719.9 328901.9
-41417.4 334925.8
-43544.5 350493.6
-30971.5 360033.7
-16275.9 354006
ID 2894
164333.5 353276.5
166453.9 337734.9
153858.2 328236.9
139138.4 334279.8
137016 349825
149615.7 359323.4
164333.5 353276.5
ID 3913
-43544.5 350493.6
-41417.4 334925.8
-53980.9 325379.3
-68675.6 331399.9
-70804.9 346971.4
-58237.1 356518.2
-43544.5 350493.6
ID 3018
137016 349825
139138.4 334279.8
126548.1 324774.8
111831.1 330814.5
109706.4 346363.2
122301 355868.5
137016 349825
ID 2172
317889.5 348795
320007.5 333272.4
307390.3 323809
292650.8 329868.2
290530.6 345394.3
303152 354857.9
317889.5 348795
ID 4045
-70804.9 346971.4
-68675.6 331399.9
-81234 321846.3
-95925.8 327863.8
-98057.4 343438.8
-85494.7 352992.7
-70804.9 346971.4
ID 3143
109706.4 346363.2
111831.1 330814.5
99246 321302.4
84532.1 327338.8
82405.2 342891.4
94994.5 352403.7
109706.4 346363.2
ID 2290
290530.6 345394.3
292650.8 329868.2
280038.8 320397.8
265302.2 326453.4
263179.8 341983.3
275796.3 351453.7
290530.6 345394.3
ID 4178
-98057.4 343438.8
-95925.8 327863.8
-108479 318303.3
-123168.1 324317.4
-125301.9 339896.2
-112744.3 349456.8
-98057.4 343438.8
ID 3269
82405.2 342891.4
84532.1 327338.8
71952.2 317819.9
57241 323853.1
55111.7 339409.2
67695.9 348928.4
82405.2 342891.4
ID 2409
263179.8 341983.3
265302.2 326453.4
252695.6 316976
237962 323028.3
235837.3 338561.9
248448.3 348039.3
263179.8 341983.3
ID 3396
55111.7 339409.2
57241 323853.1
44666.3 314327.4
29958 320357.3
27826.6 335916.8
40405.4 345443
55111.7 339409.2
ID 2529
235837.3 338561.9
237962 323028.3
225360.3 313544.3
210629.7 319593.4
208502.7 335130.4
221108.6 344614.8
235837.3 338561.9
ID 3524
27826.6 335916.8
29958 320357.3
17388.4 310824.5
2683 316851.1
549.2 332414.5
13123 341947.6
27826.6 335916.8
ID 2650
208502.7 335130.4
210629.7 319593.4
198033.3 310102.3
183305.7 316147.9
181176.5 331688.7
193777 341180
208502.7 335130.4
ID 3653
549.2 332414.5
2683 316851.1
-9881.3 307311.5
-24583.8 313335
-26719.9 328901.9
-14151.2 338441.8
549.2 332414.5
ID 2772
181176.5 331688.7
183305.7 316147.9
170714.5 306649.9
155989.7 312692.4
153858.2 328236.9
166453.9 337734.9
181176.5 331688.7
ID 3783
-26719.9 328901.9
-24583.8 313335
-37143.1 303788.4
-51842.6 309808.5
-53980.9 325379.3
-41417.4 334925.8
-26719.9 328901.9
ID 2895
153858.2 328236.9
155989.7 312692.4
143403.5 303187.5
128681.8 309226.5
126548.1 324774.8
139138.4 334279.8
153858.2 328236.9
ID 2056
334749.9 327210.3
336876.9 311688.5
324263.9 302225.5
309519.6 308283.6
307390.3 323809
320007.5 333272.4
334749.9 327210.3
ID 3914
-53980.9 325379.3
-51842.6 309808.5
-64396.7 300255.2
-79093.4 306272.1
-81234 321846.3
-68675.6 331399.9
-53980.9 325379.3
ID 3019
126548.1 324774.8
128681.8 309226.5
116101 299714.8
101382 305750.8
99246 321302.4
111831.1 330814.5
126548.1 324774.8
ID 2173
307390.3 323809
309519.6 308283.6
296911.7 298813.7
282170.3 304868.6
280038.8 320397.8
292650.8 329868.2
307390.3 323809
ID 4046
-81234 321846.3
-79093.4 306272.1
-91642.3 296711.8
-106336.2 302725.3
-108479 318303.3
-95925.8 327863.8
-81234 321846.3
ID 3144
99246 321302.4
101382 305750.8
88806.3 296232
74090.5 302264.7
71952.2 317819.9
84532.1 327338.8
99246 321302.4
ID 2291
280038.8 320397.8
282170.3 304868.6
269567.8 295391.7
254829.4 301443.3
252695.6 316976
265302.2 326453.4
280038.8 320397.8
ID 4179
-108479 318303.3
-106336.2 302725.3
-118880 293158.3
-133570.8 299168.6
-135716 314749.9
-123168.1 324317.4
-108479 318303.3
ID 3270
71952.2 317819.9
74090.5 302264.7
61519.8 292739.2
46806.8 298768.4
44666.3 314327.4
57241 323853.1
71952.2 317819.9
ID 2410
252695.6 316976
254829.4 301443.3
242231.9 291959.6
227496.5 298008
225360.3 313544.3
237962 323028.3
252695.6 316976
ID 3397
44666.3 314327.4
46806.8 298768.4
34241.4 289235.8
19531.4 295261.9
17388.4 310824.5
29958 320357.3
44666.3 314327.4
ID 2530
225360.3 313544.3
227496.5 298008
214904.1 288517.1
200171.5 294562.3
198033.3 310102.3
210629.7 319593.4
225360.3 313544.3
ID 3525
17388.4 310824.5
19531.4 295261.9
6971.1 285722.4
-7736.2 291745.4
-9881.3 307311.5
2683 316851.1
17388.4 310824.5
ID 2651
198033.3 310102.3
200171.5 294562.3
187584.7 285064.5
172855.1 291106.3
170714.5 306649.9
183305.7 316147.9
198033.3 310102.3
ID 3654
-9881.3 307311.5
-7736.2 291745.4
-20291.2 282199.2
-34995.7 288218.5
-37143.1 303788.4
-24583.8 313335
-9881.3 307311.5
ID 2773
170714.5 306649.9
172855.1 291106.3
160273.2 281601.7
145546.4 287640.2
143403.5 303187.5
155989.7 312692.4
170714.5 306649.9
ID 3784
-37143.1 303788.4
-34995.7 288218.5
-47545.5 278665.5
-62247.2 284681.7
-64396.7 300255.2
-51842.6 309808.5
-37143.1 303788.4
ID 2896
143403.5 303187.5
145546.4 287640.2
132969.9 278128.7
118246.1 284164
116101 299714.8
128681.8 309226.5
143403.5 303187.5
ID 2057
324263.9 302225.5
326402.2 286700.7
313798.6 277231
299052.3 283285.3
296911.7 298813.7
309519.6 308283.6
324263.9 302225.5
ID 3915
-64396.7 300255.2
-62247.2 284681.7
-74791.7 275121.7
-89490.5 281134.6
-91642.3 296711.8
-79093.4 306272.1
-64396.7 300255.2
ID 3020
116101 299714.8
118246.1 284164
105674.6 274645.6
90953.8 280677.7
88806.3 296232
101382 305750.8
116101 299714.8
ID 2174
296911.7 298813.7
299052.3 283285.3
286453.8 273808.6
271710.7 279859.8
269567.8 295391.7
282170.3 304868.6
296911.7 298813.7
ID 4047
-91642.3 296711.8
-89490.5 281134.6
-102029.9 271567.9
-116725.7 277577.7
-118880 293158.3
-106336.2 302725.3
-91642.3 296711.8
ID 3145
88806.3 296232
90953.8 280677.7
78387.5 271152.3
63669.5 277181
61519.8 292739.2
74090.5 302264.7
88806.3 296232
ID 2292
269567.8 295391.7
271710.7 279859.8
259117.3 270376.2
244377 276424
242231.9 291959.6
254829.4 301443.3
269567.8 295391.7
ID 4180
-118880 293158.3
-116725.7 277577.7
-129260.1 268003.9
-143953 274010.2
-146109.4 289594.6
-133570.8 299168.6
-118880 293158.3
ID 3271
61519.8 292739.2
63669.5 277181
51108.4 267648.8
36393.3 273674
34241.4 289235.8
46806.8 298768.4
61519.8 292739.2
ID 2411
242231.9 291959.6
244377 276424
231789.1 266933.5
217051.6 272977.9
214904.1 288517.1
227496.5 298008
242231.9 291959.6
ID 3398
34241.4 289235.8
36393.3 273674
23837.3 264135.1
9125.2 270157.3
6971.1 285722.4
19531.4 295261.9
34241.4 289235.8
ID 2531
214904.1 288517.1
217051.6 272977.9
204468.9 263480.5
189734.4 269521.8
187584.7 285064.5
200171.5 294562.3
214904.1 288517.1
ID 3526
6971.1 285722.4
9125.2 270157.3
-3425.6 260611.3
-18134.8 266630.2
-20291.2 282199.2
-7736.2 291745.4
6971.1 285722.4
ID 2652
187584.7 285064.5
189734.4 269521.8
177156.6 260017.4
162425.1 266055.3
160273.2 281601.7
172855.1 291106.3
187584.7 285064.5
ID 3655
-20291.2 282199.2
-18134.8 266630.2
-30680.4 257077.4
-45386.8 263093
-47545.5 278665.5
-34995.7 288218.5
-20291.2 282199.2
ID 2774
160273.2 281601.7
162425.1 266055.3
149852.6 256544
135124.2 262578.9
132969.9 278128.7
145546.4 287640.2
160273.2 281601.7
ID 1942
341151.4 280642.9
343298.9 265119
330699.5 255649.6
315948.3 261703.5
313798.6 277231
326402.2 286700.7
341151.4 280642.9
ID 3785
-47545.5 278665.5
-45386.8 263093
-57927.3 253533.2
-72630.7 259545.6
-74791.7 275121.7
-62247.2 284681.7
-47545.5 278665.5
ID 2897
132969.9 278128.7
135124.2 262578.9
122556.8 253060.5
107831.2 259092
105674.6 274645.6
118246.1 284164
132969.9 278128.7
ID 2058
313798.6 277231
315948.3 261703.5
303354.1 252227.1
288605.9 258277.6
286453.8 273808.6
299052.3 283285.3
313798.6 277231
ID 3916
-74791.7 275121.7
-72630.7 259545.6
-85166.1 249979
-99866.6 255988
-102029.9 271567.9
-89490.5 281134.6
-74791.7 275121.7
ID 3021
105674.6 274645.6
107831.2 259092
95268.9 249566.9
80546.2 255595
78387.5 271152.3
90953.8 280677.7
105674.6 274645.6
ID 2175
286453.8 273808.6
288605.9 258277.6
276016.8 248794.1
261271.5 254841.4
259117.3 270376.2
271710.7 279859.8
286453.8 273808.6
ID 4048
-102029.9 271567.9
-99866.6 255988
-112396.9 246414.4
-127094.5 252420.3
-129260.1 268003.9
-116725.7 277577.7
-102029.9 271567.9
ID 3146
78387.5 271152.3
80546.2 255595
67989.1 246062.9
53269.4 252087.8
51108.4 267648.8
63669.5 277181
78387.5 271152.3
ID 2293
259117.3 270376.2
261271.5 254841.4
248687.8 245351
233945.6 251395.1
231789.1 266933.5
244377 276424
259117.3 270376.2
ID 3272
51108.4 267648.8
53269.4 252087.8
40717.6 242549.1
26000.6 248570.6
23837.3 264135.1
36393.3 273674
51108.4 267648.8
ID 2412
231789.1 266933.5
233945.6 251395.1
221366.9 241897.9
206627.5 247938.5
204468.9 263480.5
217051.6 272977.9
231789.1 266933.5
ID 3399
23837.3 264135.1
26000.6 248570.6
13453.9 239024.8
-1260.1 245043.2
-3425.6 260611.3
9125.2 270157.3
23837.3 264135.1
ID 2532
204468.9 263480.5
206627.5 247938.5
194054 238434.3
179317.7 244471.7
177156.6 260017.4
189734.4 269521.8
204468.9 263480.5
ID 3527
-3425.6 260611.3
-1260.1 245043.2
-13801.4 235490.4
-28512.6 241505.6
-30680.4 257077.4
-18134.8 266630.2
-3425.6 260611.3
ID 2653
177156.6 260017.4
179317.7 244471.7
166749.4 234960.6
152016 240994.9
149852.6 256544
162425.1 266055.3
177156.6 260017.4
ID 1828
358052.8 259062
360209.4 243539
347614.2 234069.5
332858.2 240123.1
330699.5 255649.6
343298.9 265119
358052.8 259062
ID 3656
-30680.4 257077.4
-28512.6 241505.6
-41049 231946.1
-44044.3 233167.3
-55757.2 237957.8
-57927.3 253533.2
-45386.8 263093
-30680.4 257077.4
ID 2775
149852.6 256544
152016 240994.9
139452.8 231477
124722.3 237507.8
122556.8 253060.5
135124.2 262578.9
149852.6 256544
ID 1943
330699.5 255649.6
332858.2 240123.1
320268.1 230646.9
305515.3 236696.7
303354.1 252227.1
315948.3 261703.5
330699.5 255649.6
ID 3786
-57927.3 253533.2
-55757.2 237957.8
-68288.3 228391.4
-82993.8 234399.9
-85166.1 249979
-72630.7 259545.6
-57927.3 253533.2
ID 2898
122556.8 253060.5
124722.3 237507.8
112164.5 227982.9
97436.7 234010.4
95268.9 249566.9
107831.2 259092
122556.8 253060.5
ID 2059
303354.1 252227.1
305515.3 236696.7
292930.2 227213.6
278180.1 233260.4
276016.8 248794.1
288605.9 258277.6
303354.1 252227.1
ID 3917
-85166.1 249979
-82993.8 234399.9
-95519.7 224826.7
-110222.1 230831.9
-112396.9 246414.4
-99866.6 255988
-85166.1 249979
ID 3022
95268.9 249566.9
97436.7 234010.4
84884 224478.7
70159.5 230503.1
67989.1 246062.9
80546.2 255595
95268.9 249566.9
ID 2176
276016.8 248794.1
278180.1 233260.4
265600.5 223770.2
250853.4 229813.6
248687.8 245351
261271.5 254841.4
276016.8 248794.1
ID 4049
-112396.9 246414.4
-110222.1 230831.9
-122743 221251.7
-137442.7 227253.8
-139619.6 242840
-127094.5 252420.3
-112396.9 246414.4
ID 3147
67989.1 246062.9
70159.5 230503.1
57611.9 220964.4
42890 226985.4
40717.6 242549.1
53269.4 252087.8
67989.1 246062.9
ID 2294
248687.8 245351
250853.4 229813.6
238278.9 220316.6
223534.7 226356.8
221366.9 241897.9
233945.6 251395.1
248687.8 245351
ID 3273
40717.6 242549.1
42890 226985.4
30347.6 217439.8
15628.6 223457.5
13453.9 239024.8
26000.6 248570.6
40717.6 242549.1
ID 2413
221366.9 241897.9
223534.7 226356.8
210965.5 216853
196224 222889.6
194054 238434.3
206627.5 247938.5
221366.9 241897.9
ID 3400
13453.9 239024.8
15628.6 223457.5
3091.3 213905
-11624.5 219919.7
-13801.4 235490.4
-1260.1 245043.2
13453.9 239024.8
ID 2533
194054 238434.3
196224 222889.6
183660.2 213378.9
168921.8 219412.4
166749.4 234960.6
179317.7 244471.7
194054 238434.3
ID 3528
-13801.4 235490.4
-11624.5 219919.7
-24156.6 210360.4
-38869.8 216371.5
-41049 231946.1
-28512.6 241505.6
-13801.4 235490.4
ID 2654
166749.4 234960.6
168921.8 219412.4
156362.9 209894.7
141627.3 215924.9
139452.8 231477
152016 240994.9
166749.4 234960.6
ID 3657
-41049 231946.1
-38869.8 216371.5
-51396.6 206805.3
-66106.8 212813.2
-68288.3 228391.4
-55757.2 237957.8
-44044.3 233167.3
-41049 231946.1
ID 2776
139452.8 231477
141627.3 215924.9
129073.9 206400.4
114341.3 212427.4
112164.5 227982.9
124722.3 237507.8
139452.8 231477
ID 1944
320268.1 230646.9
322438.2 215117.3
309857.7 205634.4
295102.6 211680.4
292930.2 227213.6
305515.3 236696.7
320268.1 230646.9
ID 3787
-68288.3 228391.4
-66106.8 212813.2
-78628.6 203240.3
-93336.1 209244.9
-95519.7 224826.7
-82993.8 234399.9
-68288.3 228391.4
ID 2899
112164.5 227982.9
114341.3 212427.4
101792.8 202895.9
87063.1 208919.4
84884 224478.7
97436.7 234010.4
112164.5 227982.9
ID 2060
292930.2 227213.6
295102.6 211680.4
282527.2 202190.7
267775.2 208233.6
265600.5 223770.2
278180.1 233260.4
292930.2 227213.6
ID 3918
-95519.7 224826.7
-93336.1 209244.9
-105852.6 199665
-120556.9 205666.3
-122743 221251.7
-110222.1 230831.9
-95519.7 224826.7
ID 3023
84884 224478.7
87063.1 208919.4
74519.8 199381.2
59793.2 205401.4
57611.9 220964.4
70159.5 230503.1
84884 224478.7
ID 2177
265600.5 223770.2
267775.2 208233.6
255204.9 198736.8
240455.9 204776.5
238278.9 220316.6
250853.4 229813.6
265600.5 223770.2
ID 4050
-122743 221251.7
-120556.9 205666.3
-133068.5 196079.6
-147770 202077.7
-149958.3 217666.7
-137442.7 227253.8
-122743 221251.7
ID 3148
57611.9 220964.4
59793.2 205401.4
47254.9 195856.1
32531.2 201873.5
30347.6 217439.8
42890 226985.4
57611.9 220964.4
ID 2295
238278.9 220316.6
240455.9 204776.5
227890.8 195272.8
213144.6 201309
210965.5 216853
223534.7 226356.8
238278.9 220316.6
ID 3274
30347.6 217439.8
32531.2 201873.5
19998.2 192321.3
5277.4 198335.2
3091.3 213905
15628.6 223457.5
30347.6 217439.8
ID 2414
210965.5 216853
213144.6 201309
200584.7 191798.4
185841.5 197831.3
183660.2 213378.9
196224 222889.6
210965.5 216853
ID 3401
3091.3 213905
5277.4 198335.2
-7250.5 188776.1
-21968.4 194786.6
-24156.6 210360.4
-11624.5 219919.7
3091.3 213905
ID 2534
183660.2 213378.9
185841.5 197831.3
173286.9 188314
158546.5 194343.5
156362.9 209894.7
168921.8 219412.4
183660.2 213378.9
ID 3529
-24156.6 210360.4
-21968.4 194786.6
-34491.2 185220.8
-49206.2 191228.1
-51396.6 206805.3
-38869.8 216371.5
-24156.6 210360.4
ID 2655
156362.9 209894.7
158546.5 194343.5
145997.1 184819.1
131259.8 190845.7
129073.9 206400.4
141627.3 215924.9
156362.9 209894.7
ID 3658
-51396.6 206805.3
-49206.2 191228.1
-61723.7 181655.3
-76435.9 187659.3
-78628.6 203240.3
-66106.8 212813.2
-51396.6 206805.3
ID 2777
129073.9 206400.4
131259.8 190845.7
118715.5 181314.4
103981 187337.5
101792.8 202895.9
114341.3 212427.4
129073.9 206400.4
ID 1945
309857.7 205634.4
312039.1 190102.4
299467.8 180612.7
284710.9 186654.8
282527.2 202190.7
295102.6 211680.4
309857.7 205634.4
ID 3788
-78628.6 203240.3
-76435.9 187659.3
-88948.1 178079.8
-103657.5 184080.5
-105852.6 199665
-93336.1 209244.9
-78628.6 203240.3
ID 2900
101792.8 202895.9
103981 187337.5
91441.9 177799.3
76710.2 183819.2
74519.8 199381.2
87063.1 208919.4
101792.8 202895.9
ID 2061
282527.2 202190.7
284710.9 186654.8
272144.9 177158.4
257390.8 183197.4
255204.9 198736.8
267775.2 208233.6
282527.2 202190.7
ID 3919
-105852.6 199665
-103657.5 184080.5
-116164.7 174494.1
-130871 180491.6
-133068.5 196079.6
-120556.9 205666.3
-105852.6 199665
ID 3024
74519.8 199381.2
76710.2 183819.2
64176.5 174274.2
49447.8 180290.7
47254.9 195856.1
59793.2 205401.4
74519.8 199381.2
ID 2178
255204.9 198736.8
257390.8 183197.4
244829.9 173693.9
230079.1 179729.6
227890.8 195272.8
240455.9 204776.5
255204.9 198736.8
ID 4051
-133068.5 196079.6
-130871 180491.6
-143373 170898.1
-158076.7 176892.5
-160276.3 192484.2
-147770 202077.7
-133068.5 196079.6
ID 3149
47254.9 195856.1
49447.8 180290.7
36919 170738.8
22193.2 176752.1
19998.2 192321.3
32531.2 201873.5
47254.9 195856.1
ID 2296
227890.8 195272.8
230079.1 179729.6
217523.3 170219.4
202775.3 176251.8
200584.7 191798.4
213144.6 201309
227890.8 195272.8
ID 3275
19998.2 192321.3
22193.2 176752.1
9669.6 167193.2
-5053.2 173203.3
-7250.5 188776.1
5277.4 198335.2
19998.2 192321.3
ID 2415
200584.7 191798.4
202775.3 176251.8
190224.7 166734.6
175479.6 172763.6
173286.9 188314
185841.5 197831.3
200584.7 191798.4
ID 3402
-7250.5 188776.1
-5053.2 173203.3
-17571.6 163637.6
-32291.6 169644.3
-34491.2 185220.8
-21968.4 194786.6
-7250.5 188776.1
ID 2535
173286.9 188314
175479.6 172763.6
162934.3 163239.5
148192.1 169265.3
145997.1 184819.1
158546.5 194343.5
173286.9 188314
ID 3530
-34491.2 185220.8
-32291.6 169644.3
-44804.8 160071.8
-59521.9 166075.2
-61723.7 181655.3
-49206.2 191228.1
-34491.2 185220.8
ID 2656
145997.1 184819.1
148192.1 169265.3
135652 159734.3
120912.8 165756.9
118715.5 181314.4
131259.8 190845.7
145997.1 184819.1
ID 3659
-61723.7 181655.3
-59521.9 166075.2
-72029.9 156495.7
-86744 162496.1
-88948.1 178079.8
-76435.9 187659.3
-61723.7 181655.3
ID 2778
118715.5 181314.4
120912.8 165756.9
108377.8 156219
93641.4 162238.3
91441.9 177799.3
103981 187337.5
118715.5 181314.4
ID 1946
299467.8 180612.7
301660.6 165077.7
289098.8 155581.3
274339.9 161619.7
272144.9 177158.4
284710.9 186654.8
299467.8 180612.7
ID 3789
-88948.1 178079.8
-86744 162496.1
-99247 152909.7
-113958.3 158906.8
-116164.7 174494.1
-103657.5 184080.5
-88948.1 178079.8
ID 2901
91441.9 177799.3
93641.4 162238.3
81111.7 152693.4
66378.3 158709.4
64176.5 174274.2
76710.2 183819.2
91441.9 177799.3
ID 2062
272144.9 177158.4
274339.9 161619.7
261783.2 152116.7
247027.4 158151.8
244829.9 173693.9
257390.8 183197.4
272144.9 177158.4
ID 3920
-116164.7 174494.1
-113958.3 158906.8
-126456 149313.6
-141164.4 155307.2
-143373 170898.1
-130871 180491.6
-116164.7 174494.1
ID 3025
64176.5 174274.2
66378.3 158709.4
53853.7 149157.8
39123.2 155170.4
36919 170738.8
49447.8 180290.7
64176.5 174274.2
ID 2179
244829.9 173693.9
247027.4 158151.8
234475.8 148641.8
219722.8 154673.5
217523.3 170219.4
230079.1 179729.6
244829.9 173693.9
ID 4052
-143373 170898.1
-141164.4 155307.2
-153657.2 145707.2
-168362.6 151697.6
-170573.6 167292.2
-158076.7 176892.5
-143373 170898.1
ID 3150
36919 170738.8
39123.2 155170.4
26603.8 145611.9
11876.1 151621.3
9669.6 167193.2
22193.2 176752.1
36919 170738.8
ID 2297
217523.3 170219.4
219722.8 154673.5
207176.7 145156.6
192426.5 151185.1
190224.7 166734.6
202775.3 176251.8
217523.3 170219.4
ID 4185
-170573.6 167292.2
-168362.6 151697.6
-180850.1 142090.8
-195552.7 148077.9
-197766 163676
-185274.3 173283.1
-170573.6 167292.2
ID 3276
9669.6 167193.2
11876.1 151621.3
-638.2 142055.9
-15363 148061.9
-17571.6 163637.6
-5053.2 173203.3
9669.6 167193.2
ID 2416
190224.7 166734.6
192426.5 151185.1
179885.5 141661.2
165138.4 147686.4
162934.3 163239.5
175479.6 172763.6
190224.7 166734.6
ID 4319
-197766 163676
-195552.7 148077.9
-208035 138464.2
-222734.9 144448
-224950.4 160049.7
-212463.7 169663.8
-197766 163676
ID 3403
-17571.6 163637.6
-15363 148061.9
-27871.9 138489.6
-42593.8 144492.5
-44804.8 160071.8
-32291.6 169644.3
-17571.6 163637.6
ID 2536
162934.3 163239.5
165138.4 147686.4
152602.6 138155.8
137858.5 144177.7
135652 159734.3
148192.1 169265.3
162934.3 163239.5
ID 3531
-44804.8 160071.8
-42593.8 144492.5
-55097.7 134913.6
-69816.6 140913
-72029.9 156495.7
-59521.9 166075.2
-44804.8 160071.8
ID 2657
135652 159734.3
137858.5 144177.7
125327.7 134640.1
110586.4 140658.9
108377.8 156219
120912.8 165756.9
135652 159734.3
ID 1832
316422.4 159036.1
318624.3 143501.8
306066.7 134005.9
291303 140043.6
289098.8 155581.3
301660.6 165077.7
316422.4 159036.1
ID 3660
-72029.9 156495.7
-69816.6 140913
-82315.4 131327.1
-97031.5 137323.4
-99247 152909.7
-86744 162496.1
-72029.9 156495.7
ID 2779
108377.8 156219
110586.4 140658.9
98060.8 131114.3
83322.6 137129.5
81111.7 152693.4
93641.4 162238.3
108377.8 156219
ID 1947
289098.8 155581.3
291303 140043.6
278750.4 130540.7
263989.7 136575.3
261783.2 152116.7
274339.9 161619.7
289098.8 155581.3
ID 3790
-99247 152909.7
-97031.5 137323.4
-109525 127730.4
-124238.4 133723.6
-126456 149313.6
-113958.3 158906.8
-99247 152909.7
ID 2902
81111.7 152693.4
83322.6 137129.5
70802.4 127578.2
56067 133590.2
53853.7 149157.8
66378.3 158709.4
81111.7 152693.4
ID 2063
261783.2 152116.7
263989.7 136575.3
251442.4 127065.5
236684.5 133096.7
234475.8 148641.8
247027.4 158151.8
261783.2 152116.7
ID 3921
-126456 149313.6
-124238.4 133723.6
-136726.7 124123.8
-151437 130113.7
-153657.2 145707.2
-141164.4 155307.2
-126456 149313.6
ID 3026
53853.7 149157.8
56067 133590.2
43551.7 124031.9
28819.2 130040.9
26603.8 145611.9
39123.2 155170.4
53853.7 149157.8
ID 4053
-153657.2 145707.2
-151437 130113.7
-163920.3 120507
-178627.7 126493.5
-180850.1 142090.8
-168362.6 151697.6
-153657.2 145707.2
ID 3151
26603.8 145611.9
28819.2 130040.9
16309.2 120475.6
1579.5 126481.1
-638.2 142055.9
11876.1 151621.3
26603.8 145611.9
ID 2298
207176.7 145156.6
209387.7 129608
196850.7 120084.4
182098.7 126109
179885.5 141661.2
192426.5 151185.1
207176.7 145156.6
ID 4186
-180850.1 142090.8
-178627.7 126493.5
-191105.8 116880
-205810.4 122863.4
-208035 138464.2
-195552.7 148077.9
-180850.1 142090.8
ID 3277
-638.2 142055.9
1579.5 126481.1
-10925.1 116909.1
-25652 122911.3
-27871.9 138489.6
-15363 148061.9
-638.2 142055.9
ID 2417
179885.5 141661.2
182098.7 126109
169567 116578.5
154818 122600
152602.6 138155.8
165138.4 147686.4
179885.5 141661.2
ID 3404
-27871.9 138489.6
-25652 122911.3
-38151.6 113332.4
-52875.3 119331.6
-55097.7 134913.6
-42593.8 144492.5
-27871.9 138489.6
ID 4320
-208035 138464.2
-205810.4 122863.4
-218283.4 113242.9
-232985 119223
-235212.1 134827.3
-222734.9 144448
-208035 138464.2
ID 2537
152602.6 138155.8
154818 122600
142291.5 113062.6
127545.4 119080.7
125327.7 134640.1
137858.5 144177.7
152602.6 138155.8
ID 3532
-55097.7 134913.6
-52875.3 119331.6
-65369.8 109745.8
-80090.8 115741.5
-82315.4 131327.1
-69816.6 140913
-55097.7 134913.6
ID 2658
125327.7 134640.1
127545.4 119080.7
115024.1 109536.4
100280.8 115551.2
98060.8 131114.3
110586.4 140658.9
125327.7 134640.1
ID 1833
306066.7 134005.9
308280 118469.1
295731.7 108966.4
280966 115000.3
278750.4 130540.7
291303 140043.6
306066.7 134005.9
ID 3661
-82315.4 131327.1
-80090.8 115741.5
-92580.2 106148.9
-107298.2 112141.4
-109525 127730.4
-97031.5 137323.4
-82315.4 131327.1
ID 2780
98060.8 131114.3
100280.8 115551.2
87764.8 106000.1
73024.5 112011.6
70802.4 127578.2
83322.6 137129.5
98060.8 131114.3
ID 1948
278750.4 130540.7
280966 115000.3
268422.8 105490.7
253660.1 111521.3
251442.4 127065.5
263989.7 136575.3
278750.4 130540.7
ID 3791
-109525 127730.4
-107298.2 112141.4
-119782.4 102541.7
-134497.5 108531.1
-136726.7 124123.8
-124238.4 133723.6
-109525 127730.4
ID 2903
70802.4 127578.2
73024.5 112011.6
60513.6 102453.6
45776.3 108461.7
43551.7 124031.9
56067 133590.2
70802.4 127578.2
ID 3922
-136726.7 124123.8
-134497.5 108531.1
-146976.5 98924.7
-161688.9 104910.7
-163920.3 120507
-151437 130113.7
-136726.7 124123.8
ID 3027
43551.7 124031.9
45776.3 108461.7
33270.5 98897
18536 104901.7
16309.2 120475.6
28819.2 130040.9
43551.7 124031.9
ID 2181
224142.5 123580.1
226362.5 108032.4
213829.9 98509.1
199073 104533
196850.7 120084.4
209387.7 129608
224142.5 123580.1
ID 4054
-163920.3 120507
-161688.9 104910.7
-174162.7 95297.4
-188872.1 101280
-191105.8 116880
-178627.7 126493.5
-163920.3 120507
ID 3152
16309.2 120475.6
18536 104901.7
6035.4 95330
-8696.3 101331.8
-10925.1 116909.1
1579.5 126481.1
16309.2 120475.6
ID 2299
196850.7 120084.4
199073 104533
186545.5 95002.9
171791.6 101023.5
169567 116578.5
182098.7 126109
196850.7 120084.4
ID 3278
-10925.1 116909.1
-8696.3 101331.8
-21191.6 91753.2
-35920.2 97751.5
-38151.6 113332.4
-25652 122911.3
-10925.1 116909.1
ID 4187
-191105.8 116880
-188872.1 101280
-201340.7 91660
-216047.4 97639.4
-218283.4 113242.9
-205810.4 122863.4
-191105.8 116880
ID 2418
169567 116578.5
171791.6 101023.5
159269.3 91486.6
144518.3 97504
142291.5 113062.6
154818 122600
169567 116578.5
ID 3405
-38151.6 113332.4
-35920.2 97751.5
-48410.4 88166
-63136.3 94161
-65369.8 109745.8
-52875.3 119331.6
-38151.6 113332.4
ID 4321
-218283.4 113242.9
-216047.4 97639.4
-228511 88012.5
-243214.7 93988.6
-245453 109595.9
-232985 119223
-218283.4 113242.9
ID 2538
142291.5 113062.6
144518.3 97504
132001.3 87960
117253.1 93974.2
115024.1 109536.4
127545.4 119080.7
142291.5 113062.6
ID 1720
323048.6 112431.9
325270.9 96895.6
312726.7 87393.4
297956.3 93426.7
295731.7 108966.4
308280 118469.1
323048.6 112431.9
ID 3533
-65369.8 109745.8
-63136.3 94161
-75621.5 84568.5
-90344.3 90560.5
-92580.2 106148.9
-80090.8 115741.5
-65369.8 109745.8
ID 4456
-245453 109595.9
-243214.7 93988.6
-255673 84354.9
-270373.9 90327.8
-272614.4 105938.5
-260151.7 115572.6
-245453 109595.9
ID 2659
115024.1 109536.4
117253.1 93974.2
104741.3 84423.4
89996.1 90434.2
87764.8 106000.1
100280.8 115551.2
115024.1 109536.4
ID 1834
295731.7 108966.4
297956.3 93426.7
285417.4 83917.5
270649.9 89947.5
268422.8 105490.7
280966 115000.3
295731.7 108966.4
ID 3662
-92580.2 106148.9
-90344.3 90560.5
-102824.1 80961.3
-117544.1 86949.9
-119782.4 102541.7
-107298.2 112141.4
-92580.2 106148.9
ID 2781
87764.8 106000.1
89996.1 90434.2
77489.4 80876.5
62747.2 86884.2
60513.6 102453.6
73024.5 112011.6
87764.8 106000.1
ID 1949
268422.8 105490.7
270649.9 89947.5
258116 80431.3
243351.5 86458.1
241122.4 102005.1
253660.1 111521.3
268422.8 105490.7
ID 3792
-119782.4 102541.7
-117544.1 86949.9
-130018.9 77343.9
-144736 83329.1
-146976.5 98924.7
-134497.5 108531.1
-119782.4 102541.7
ID 2904
60513.6 102453.6
62747.2 86884.2
50245.7 77319.6
35506.3 83323.9
33270.5 98897
45776.3 108461.7
60513.6 102453.6
ID 3923
-146976.5 98924.7
-144736 83329.1
-157205.7 73716.2
-171920 79698.2
-174162.7 95297.4
-161688.9 104910.7
-146976.5 98924.7
ID 3028
33270.5 98897
35506.3 83323.9
23009.9 73752.4
8273.6 79753.5
6035.4 95330
18536 104901.7
33270.5 98897
ID 2182
213829.9 98509.1
216061.1 82958.5
203537.9 73428.5
188779.2 79448.9
186545.5 95002.9
199073 104533
213829.9 98509.1
ID 3153
6035.4 95330
8273.6 79753.5
-4217.6 70175.1
-18951.2 76172.9
-21191.6 91753.2
-8696.3 101331.8
6035.4 95330
ID 4055
-174162.7 95297.4
-171920 79698.2
-184384.4 70078.5
-199095.6 76057.2
-201340.7 91660
-188872.1 101280
-174162.7 95297.4
ID 2300
186545.5 95002.9
188779.2 79448.9
176261.1 69912
161505.1 75928.9
159269.3 91486.6
171791.6 101023.5
186545.5 95002.9
ID 3279
-21191.6 91753.2
-18951.2 76172.9
-31437.2 66587.6
-46167.8 72582.1
-48410.4 88166
-35920.2 97751.5
-21191.6 91753.2
ID 4188
-201340.7 91660
-199095.6 76057.2
-211555 66430.5
-226263.5 72406
-228511 88012.5
-216047.4 97639.4
-201340.7 91660
ID 2419
159269.3 91486.6
161505.1 75928.9
148992.3 66385.1
134239.4 72398.6
132001.3 87960
144518.3 97504
159269.3 91486.6
ID 1608
340044.5 90859
342275.8 75323.7
329736.1 65821.8
314960.4 71854.4
312726.7 87393.4
325270.9 96895.6
340044.5 90859
ID 3406
-48410.4 88166
-46167.8 72582.1
-58648.7 62989.9
-73376.3 68981.3
-75621.5 84568.5
-63136.3 94161
-48410.4 88166
ID 4322
-228511 88012.5
-226263.5 72406
-238717.6 62772.7
-253423.4 68744.8
-255673 84354.9
-243214.7 93988.6
-228511 88012.5
ID 2539
132001.3 87960
134239.4 72398.6
121731.7 62848.1
106981.6 68858.5
104741.3 84423.4
117253.1 93974.2
132001.3 87960
ID 1721
312726.7 87393.4
314960.4 71854.4
302426 62345.5
287653.3 68375
285417.4 83917.5
297956.3 93426.7
312726.7 87393.4
ID 3534
-75621.5 84568.5
-73376.3 68981.3
-85852.1 59382.3
-100576.8 65370.4
-102824.1 80961.3
-90344.3 90560.5
-75621.5 84568.5
ID 2660
104741.3 84423.4
106981.6 68858.5
94479.1 59301
79732.2 65308
77489.4 80876.5
89996.1 90434.2
104741.3 84423.4
ID 4457
-255673 84354.9
-253423.4 68744.8
-265872.3 59104.6
-280575 65073.6
-282827.1 80687
-270373.9 90327.8
-255673 84354.9
ID 1835
285417.4 83917.5
287653.3 68375
275123.8 58859.1
260354.2 64885.3
258116 80431.3
270649.9 89947.5
285417.4 83917.5
ID 3663
-102824.1 80961.3
-100576.8 65370.4
-113047.4 55764.5
-127769.4 61749.2
-130018.9 77343.9
-117544.1 86949.9
-102824.1 80961.3
ID 2782
77489.4 80876.5
79732.2 65308
67234.8 55743.6
52490.6 61747.4
50245.7 77319.6
62747.2 86884.2
77489.4 80876.5
ID 1950
258116 80431.3
260354.2 64885.3
247830 55362.6
233063.3 61385.4
230822.9 76935
243351.5 86458.1
258116 80431.3
ID 3793
-130018.9 77343.9
-127769.4 61749.2
-140234.8 52136.5
-154953.8 58118.1
-157205.7 73716.2
-144736 83329.1
-130018.9 77343.9
ID 2905
50245.7 77319.6
52490.6 61747.4
39998.4 52176.1
25257 58176.5
23009.9 73752.4
35506.3 83323.9
50245.7 77319.6
ID 3029
23009.9 73752.4
25257 58176.5
12770.2 48598.6
-1968.2 54595.6
-4217.6 70175.1
8273.6 79753.5
23009.9 73752.4
ID 3924
-157205.7 73716.2
-154953.8 58118.1
-167414 48498.4
-182130.3 54476.7
-184384.4 70078.5
-171920 79698.2
-157205.7 73716.2
ID 2183
203537.9 73428.5
205780.7 57875.4
193266.9 48338.8
178506 54355.2
176261.1 69912
188779.2 79448.9
203537.9 73428.5
ID 3154
-4217.6 70175.1
-1968.2 54595.6
-14449.9 45010.7
-29185.5 51004.6
-31437.2 66587.6
-18951.2 76172.9
-4217.6 70175.1
ID 4056
-184384.4 70078.5
-182130.3 54476.7
-194585.3 44850.2
-209298.6 50825.1
-211555 66430.5
-199095.6 76057.2
-184384.4 70078.5
ID 2301
176261.1 69912
178506 54355.2
165997.3 44811.6
151239.5 50824.6
148992.3 66385.1
161505.1 75928.9
176261.1 69912
ID 3280
-31437.2 66587.6
-29185.5 51004.6
-41662 41412.9
-56394.6 47403.5
-58648.7 62989.9
-46167.8 72582.1
-31437.2 66587.6
ID 4189
-211555 66430.5
-209298.6 50825.1
-221748.4 41191.8
-236458.9 47163.6
-238717.6 62772.7
-226263.5 72406
-211555 66430.5
ID 2420
148992.3 66385.1
151239.5 50824.6
138736.1 41274.4
123981.2 47284.1
121731.7 62848.1
134239.4 72398.6
148992.3 66385.1
ID 1609
329736.1 65821.8
331979 50283.8
319448.5 40775
304670.9 46803.9
302426 62345.5
314960.4 71854.4
329736.1 65821.8
ID 3407
-58648.7 62989.9
-56394.6 47403.5
-68866.1 37804.7
-83595.8 43792.1
-85852.1 59382.3
-73376.3 68981.3
-58648.7 62989.9
ID 2540
121731.7 62848.1
123981.2 47284.1
111482.9 37726.8
96730.9 43733.3
94479.1 59301
106981.6 68858.5
121731.7 62848.1
ID 4323
-238717.6 62772.7
-236458.9 47163.6
-248903.7 37523.5
-263611.4 43491.9
-265872.3 59104.6
-253423.4 68744.8
-238717.6 62772.7
ID 1722
302426 62345.5
304670.9 46803.9
292145.5 37288.5
277371.1 43313.8
275123.8 58859.1
287653.3 68375
302426 62345.5
ID 3535
-85852.1 59382.3
-83595.8 43792.1
-96061.9 34186.7
-110788.7 40170.7
-113047.4 55764.5
-100576.8 65370.4
-85852.1 59382.3
ID 2661
94479.1 59301
96730.9 43733.3
84237.7 34169.2
69488.8 40172.4
67234.8 55743.6
79732.2 65308
94479.1 59301
ID 4458
-265872.3 59104.6
-263611.4 43491.9
-276050.8 33844.9
-290755.7 39810
-293019 55426.4
-280575 65073.6
-265872.3 59104.6
ID 1836
275123.8 58859.1
277371.1 43313.8
264850.9 33791.5
250079.6 39813.7
247830 55362.6
260354.2 64885.3
275123.8 58859.1
ID 3664
-113047.4 55764.5
-110788.7 40170.7
-123249.9 30558.4
-137973.7 36539.2
-140234.8 52136.5
-127769.4 61749.2
-113047.4 55764.5
ID 2783
67234.8 55743.6
69488.8 40172.4
57000.9 30601.5
42254.8 36601.4
39998.4 52176.1
52490.6 61747.4
67234.8 55743.6
ID 4594
-293019 55426.4
-290755.7 39810
-303190 30156.3
-317891.9 36118.3
-320157.6 51738
-307718.9 61392.2
-293019 55426.4
ID 2906
39998.4 52176.1
42254.8 36601.4
29772 27023.5
15028.8 33020.1
12770.2 48598.6
25257 58176.5
39998.4 52176.1
ID 3794
-140234.8 52136.5
-137973.7 36539.2
-150429.6 26919.9
-165150.8 32897.5
-167414 48498.4
-154953.8 58118.1
-140234.8 52136.5
ID 2067
220544.3 51855.8
222796 36303.4
210286.4 26767
195520.9 32782.8
193266.9 48338.8
205780.7 57875.4
220544.3 51855.8
ID 3030
12770.2 48598.6
15028.8 33020.1
2551.3 23435.4
-12189.1 29428.7
-14449.9 45010.7
-1968.2 54595.6
12770.2 48598.6
ID 3925
-167414 48498.4
-165150.8 32897.5
-177601.5 23271.3
-192319.8 29245.7
-194585.3 44850.2
-182130.3 54476.7
-167414 48498.4
ID 2184
193266.9 48338.8
195520.9 32782.8
183016.3 23239.6
168253.8 29252
165997.3 44811.6
178506 54355.2
193266.9 48338.8
ID 3155
-14449.9 45010.7
-12189.1 29428.7
-24661.5 19837.1
-39398.8 25827.2
-41662 41412.9
-29185.5 51004.6
-14449.9 45010.7
ID 4057
-194585.3 44850.2
-192319.8 29245.7
-204765.3 19612.6
-219480.6 25583.7
-221748.4 41191.8
-209298.6 50825.1
-194585.3 44850.2
ID 2302
165997.3 44811.6
168253.8 29252
155754.4 19702.1
140994.7 25711.2
138736.1 41274.4
151239.5 50824.6
165997.3 44811.6
ID 3281
-41662 41412.9
-39398.8 25827.2
-51866 16228.7
-66600.6 22215.5
-68866.1 37804.7
-56394.6 47403.5
-41662 41412.9
ID 2421
138736.1 41274.4
140994.7 25711.2
128500.6 16154.2
113743.7 22160
111482.9 37726.8
123981.2 47284.1
138736.1 41274.4
ID 4190
-221748.4 41191.8
-219480.6 25583.7
-231921.1 15943.9
-246633.6 21911.7
-248903.7 37523.5
-236458.9 47163.6
-221748.4 41191.8
ID 1610
319448.5 40775
321702.5 25234.3
309181.2 15719.1
294402 21744.1
292145.5 37288.5
304670.9 46803.9
319448.5 40775
ID 3408
-68866.1 37804.7
-66600.6 22215.5
-79062.7 12610.2
-93794.3 18593.8
-96061.9 34186.7
-83595.8 43792.1
-68866.1 37804.7
ID 2541
111482.9 37726.8
113743.7 22160
101254.9 12596.1
86501.1 18598.9
84237.7 34169.2
96730.9 43733.3
111482.9 37726.8
ID 4324
-248903.7 37523.5
-246633.6 21911.7
-259068.8 12265
-273778.5 18229.6
-276050.8 33844.9
-263611.4 43491.9
-248903.7 37523.5
ID 1723
292145.5 37288.5
294402 21744.1
281886.1 12221.7
267109.5 18243.4
264850.9 33791.5
277371.1 43313.8
292145.5 37288.5
ID 2662
84237.7 34169.2
86501.1 18598.9
74017.4 9028.2
59266.3 15027.4
57000.9 30601.5
69488.8 40172.4
84237.7 34169.2
ID 3536
-96061.9 34186.7
-93794.3 18593.8
-106251.3 8981.7
-120979.9 14961.8
-123249.9 30558.4
-110788.7 40170.7
-96061.9 34186.7
ID 4459
-276050.8 33844.9
-273778.5 18229.6
-286208.6 8576.1
-300915.4 14537.4
-303190 30156.3
-290755.7 39810
-276050.8 33844.9
ID 2784
57000.9 30601.5
59266.3 15027.4
46787.8 5449.8
32039.6 11445.9
29772 27023.5
42254.8 36601.4
57000.9 30601.5
ID 3665
-123249.9 30558.4
-120979.9 14961.8
-133431.6 5342.8
-148157.3 11319.8
-150429.6 26919.9
-137973.7 36539.2
-123249.9 30558.4
ID 2907
29772 27023.5
32039.6 11445.9
19566.4 1861.4
4821.3 7854.2
2551.3 23435.4
15028.8 33020.1
29772 27023.5
ID 3795
-150429.6 26919.9
-148157.3 11319.8
-160604.1 1694
-175327 7667.7
-177601.5 23271.3
-165150.8 32897.5
-150429.6 26919.9
ID 2068
210286.4 26767
212549.6 11212
200049.3 1669.1
185281.8 7681
183016.3 23239.6
195520.9 32782.8
210286.4 26767
ID 3031
2551.3 23435.4
4821.3 7854.2
-7647 -1737.2
-22389.3 4252.3
-24661.5 19837.1
-12189.1 29428.7
2551.3 23435.4
ID 2185
183016.3 23239.6
185281.8 7681
172786.7 -1868.8
158022 4139.7
155754.4 19702.1
168253.8 29252
183016.3 23239.6
ID 3926
-177601.5 23271.3
-175327 7667.7
-187768.4 -1965.1
-202488.5 4005.4
-204765.3 19612.6
-192319.8 29245.7
-177601.5 23271.3
ID 3156
-24661.5 19837.1
-22389.3 4252.3
-34852.2 -5345.9
-49591.6 640.4
-51866 16228.7
-39398.8 25827.2
-24661.5 19837.1
ID 2303
155754.4 19702.1
158022 4139.7
145532.2 -5417
130770.6 588.3
128500.6 16154.2
140994.7 25711.2
155754.4 19702.1
ID 4058
-204765.3 19612.6
-202488.5 4005.4
-214924.7 -5634.1
-229642 333
-231921.1 15943.9
-219480.6 25583.7
-204765.3 19612.6
ID 3282
-51866 16228.7
-49591.6 640.4
-62049.4 -8964.6
-76785.9 -2981.6
-79062.7 12610.2
-66600.6 22215.5
-51866 16228.7
ID 2422
128500.6 16154.2
130770.6 588.3
118285.7 -8975.2
103527.1 -2973.4
101254.9 12596.1
113743.7 22160
128500.6 16154.2
ID 4191
-231921.1 15943.9
-229642 333
-242073.1 -9313.4
-256787.4 -3349.5
-259068.8 12265
-246633.6 21911.7
-231921.1 15943.9
ID 1611
309181.2 15719.1
311446.8 175.6
298935.1 -9346.2
284153.8 -3325.4
281886.1 12221.7
294402 21744.1
309181.2 15719.1
ID 2542
101254.9 12596.1
103527.1 -2973.4
91047.5 -12543.8
76291.6 -6545.1
74017.4 9028.2
86501.1 18598.9
101254.9 12596.1
ID 3409
-79062.7 12610.2
-76785.9 -2981.6
-89238.5 -12593.6
-103972.2 -6614
-106251.3 8981.7
-93794.3 18593.8
-79062.7 12610.2
ID 4325
-259068.8 12265
-256787.4 -3349.5
-269213.3 -13002.6
-283924.9 -7042.1
-286208.6 8576.1
-273778.5 18229.6
-259068.8 12265
ID 2663
74017.4 9028.2
76291.6 -6545.1
63817.3 -16122.2
49064.5 -10127.1
46787.8 5449.8
59266.3 15027.4
74017.4 9028.2
ID 3537
-106251.3 8981.7
-103972.2 -6614
-116419.6 -16232.7
-131150.2 -10256.4
-133431.6 5342.8
-120979.9 14961.8
-106251.3 8981.7
ID 4460
-286208.6 8576.1
-283924.9 -7042.1
-296345.6 -16702.2
-311054.4 -10744.8
-313340.4 4876.9
-300915.4 14537.4
-286208.6 8576.1
ID 2785
46787.8 5449.8
49064.5 -10127.1
36595.4 -19711
21845.4 -13719.1
19566.4 1861.4
32039.6 11445.9
46787.8 5449.8
ID 3666
-133431.6 5342.8
-131150.2 -10256.4
-143592.7 -19882
-158320.5 -13908.9
-160604.1 1694
-148157.3 11319.8
-133431.6 5342.8
ID 1953
227320.1 5196.9
229592.3 -10357.5
217096.3 -19899.9
202323.8 -13888.7
200049.3 1669.1
212549.6 11212
227320.1 5196.9
ID 2908
19566.4 1861.4
21845.4 -13719.1
9381.5 -23310
-5365.6 -17321.1
-7647 -1737.2
4821.3 7854.2
19566.4 1861.4
ID 2069
200049.3 1669.1
202323.8 -13888.7
189833 -23438.2
175063.4 -17430.3
172786.7 -1868.8
185281.8 7681
200049.3 1669.1
ID 3796
-160604.1 1694
-158320.5 -13908.9
-170757.5 -23541.3
-185482.4 -17571.4
-187768.4 -1965.1
-175327 7667.7
-160604.1 1694
ID 3032
-7647 -1737.2
-5365.6 -17321.1
-17824.4 -26918.9
-32568.6 -20933.3
-34852.2 -5345.9
-22389.3 4252.3
-7647 -1737.2
ID 2186
172786.7 -1868.8
175063.4 -17430.3
162577.8 -26986.8
147811.1 -20982
145532.2 -5417
158022 4139.7
172786.7 -1868.8
ID 3927
-187768.4 -1965.1
-185482.4 -17571.4
-197914.5 -27210.8
-212636.6 -21244.2
-214924.7 -5634.1
-202488.5 4005.4
-187768.4 -1965.1
ID 3157
-34852.2 -5345.9
-32568.6 -20933.3
-45022.2 -30538.1
-59763.6 -24555.7
-62049.4 -8964.6
-49591.6 640.4
-34852.2 -5345.9
ID 2304
145532.2 -5417
147811.1 -20982
135330.7 -30545.3
120567.1 -24543.8
118285.7 -8975.2
130770.6 588.3
145532.2 -5417
ID 4059
-214924.7 -5634.1
-212636.6 -21244.2
-225063.3 -30890.3
-239782.4 -24926.9
-242073.1 -9313.4
-229642 333
-214924.7 -5634.1
ID 2423
118285.7 -8975.2
120567.1 -24543.8
108091.8 -34113.9
93331.2 -28115.8
91047.5 -12543.8
103527.1 -2973.4
118285.7 -8975.2
ID 3283
-62049.4 -8964.6
-59763.6 -24555.7
-72212 -34167.4
-86950.4 -28188.4
-89238.5 -12593.6
-76785.9 -2981.6
-62049.4 -8964.6
ID 1612
298935.1 -9346.2
301211.8 -24892.6
288709.7 -34421.1
273926.5 -28403.8
271647.4 -12853.9
284153.8 -3325.4
298935.1 -9346.2
ID 4192
-242073.1 -9313.4
-239782.4 -24926.9
-252204.1 -34580
-266920.5 -28619.9
-269213.3 -13002.6
-256787.4 -3349.5
-242073.1 -9313.4
ID 2543
91047.5 -12543.8
93331.2 -28115.8
80861 -37692.9
66103.1 -31698
63817.3 -16122.2
76291.6 -6545.1
91047.5 -12543.8
ID 3410
-89238.5 -12593.6
-86950.4 -28188.4
-99393.6 -37806.9
-114129.1 -31830.9
-116419.6 -16232.7
-103972.2 -6614
-89238.5 -12593.6
ID 4326
-269213.3 -13002.6
-266920.5 -28619.9
-279336.9 -38279.7
-294050.5 -32322.9
-296345.6 -16702.2
-283924.9 -7042.1
-269213.3 -13002.6
ID 2664
63817.3 -16122.2
66103.1 -31698
53638.3 -41281.8
38883.5 -35290.6
36595.4 -19711
49064.5 -10127.1
63817.3 -16122.2
ID 3538
-116419.6 -16232.7
-114129.1 -31830.9
-126567.1 -41456.3
-141300 -35483.9
-143592.7 -19882
-131150.2 -10256.4
-116419.6 -16232.7
ID 1839
244367.6 -16372
246649.1 -31925.2
234157.2 -41467.6
219379.8 -35456.9
217096.3 -19899.9
229592.3 -10357.5
244367.6 -16372
ID 2786
36595.4 -19711
38883.5 -35290.6
26423.8 -44881.2
11671.9 -38892.9
9381.5 -23310
21845.4 -13719.1
36595.4 -19711
ID 1954
217096.3 -19899.9
219379.8 -35456.9
206893.3 -45006.1
192118.8 -38998.8
189833 -23438.2
202323.8 -13888.7
217096.3 -19899.9
ID 3667
-143592.7 -19882
-141300 -35483.9
-153732.8 -45116.1
-168462.5 -39146.8
-170757.5 -23541.3
-158320.5 -13908.9
-143592.7 -19882
ID 2909
9381.5 -23310
11671.9 -38892.9
-782.6 -48490.6
-15531.8 -42505.5
-17824.4 -26918.9
-5365.6 -17321.1
9381.5 -23310
ID 2070
189833 -23438.2
192118.8 -38998.8
179637.5 -48554.8
164865.9 -42550.8
162577.8 -26986.8
175063.4 -17430.3
189833 -23438.2
ID 3797
-170757.5 -23541.3
-168462.5 -39146.8
-180890.1 -48785.8
-195617 -42819.8
-197914.5 -27210.8
-185482.4 -17571.4
-170757.5 -23541.3
ID 3033
-17824.4 -26918.9
-15531.8 -42505.5
-27981.1 -52110
-42727.4 -46128.3
-45022.2 -30538.1
-32568.6 -20933.3
-17824.4 -26918.9
ID 2187
162577.8 -26986.8
164865.9 -42550.8
152389.7 -52113.7
137621.2 -46113
135330.7 -30545.3
147811.1 -20982
162577.8 -26986.8
ID 3928
-197914.5 -27210.8
-195617 -42819.8
-208039.7 -52465.7
-222763.8 -46503.1
-225063.3 -30890.3
-212636.6 -21244.2
-197914.5 -27210.8
ID 2305
135330.7 -30545.3
137621.2 -46113
125150.1 -55682.9
110384.4 -49685.4
108091.8 -34113.9
120567.1 -24543.8
135330.7 -30545.3
ID 3158
-45022.2 -30538.1
-42727.4 -46128.3
-55171.5 -55739.6
-69914.8 -49761.2
-72212 -34167.4
-59763.6 -24555.7
-45022.2 -30538.1
ID 4060
-225063.3 -30890.3
-222763.8 -46503.1
-235181.1 -56155.8
-249902.3 -50196.3
-252204.1 -34580
-239782.4 -24926.9
-225063.3 -30890.3
ID 2424
108091.8 -34113.9
110384.4 -49685.4
97918.7 -59262.2
83156 -53267.8
80861 -37692.9
93331.2 -28115.8
108091.8 -34113.9
ID 3284
-72212 -34167.4
-69914.8 -49761.2
-82353.6 -59379.4
-97094 -53404.2
-99393.6 -37806.9
-86950.4 -28188.4
-72212 -34167.4
ID 1613
288709.7 -34421.1
290997.7 -49969.9
278504.9 -59505.1
263719.7 -53491.8
261429.3 -37939.2
273926.5 -28403.8
288709.7 -34421.1
ID 4193
-252204.1 -34580
-249902.3 -50196.3
-262314.4 -59855.8
-277032.7 -53899.7
-279336.9 -38279.7
-266920.5 -28619.9
-252204.1 -34580
ID 2544
80861 -37692.9
83156 -53267.8
70695.3 -62851.4
55935.4 -56860.5
53638.3 -41281.8
66103.1 -31698
80861 -37692.9
ID 3411
-99393.6 -37806.9
-97094 -53404.2
-109527.9 -63029.3
-124265.4 -57057.4
-126567.1 -41456.3
-114129.1 -31830.9
-99393.6 -37806.9
ID 2665
53638.3 -41281.8
55935.4 -56860.5
43480 -66451
28723.3 -60463.4
26423.8 -44881.2
38883.5 -35290.6
53638.3 -41281.8
ID 1840
234157.2 -41467.6
236449.9 -57023.8
223967.6 -66572.6
209188.2 -60565.9
206893.3 -45006.1
219379.8 -35456.9
234157.2 -41467.6
ID 3539
-126567.1 -41456.3
-124265.4 -57057.4
-136694 -66689.3
-151428.6 -60720.7
-153732.8 -45116.1
-141300 -35483.9
-126567.1 -41456.3
ID 2787
26423.8 -44881.2
28723.3 -60463.4
16272.9 -70060.6
1519.2 -64076.3
-782.6 -48490.6
11671.9 -38892.9
26423.8 -44881.2
ID 1955
206893.3 -45006.1
209188.2 -60565.9
196711 -70121.8
181934.7 -64118.2
179637.5 -48554.8
192118.8 -38998.8
206893.3 -45006.1
ID 3668
-153732.8 -45116.1
-151428.6 -60720.7
-163852 -70359.4
-178583.7 -64394
-180890.1 -48785.8
-168462.5 -39146.8
-153732.8 -45116.1
ID 2910
-782.6 -48490.6
1519.2 -64076.3
-10926 -73680.5
-25677.1 -67699.4
-27981.1 -52110
-15531.8 -42505.5
-782.6 -48490.6
ID 2071
179637.5 -48554.8
181934.7 -64118.2
169462.5 -73680.9
154689.2 -67680.7
152389.7 -52113.7
164865.9 -42550.8
179637.5 -48554.8
ID 3798
-180890.1 -48785.8
-178583.7 -64394
-191002.1 -74039.6
-205731 -68077.6
-208039.7 -52465.7
-195617 -42819.8
-180890.1 -48785.8
ID 2188
152389.7 -52113.7
154689.2 -67680.7
142222.3 -77250.2
127452 -71253.4
125150.1 -55682.9
137621.2 -46113
152389.7 -52113.7
ID 3034
-27981.1 -52110
-25677.1 -67699.4
-38117 -77310.4
-52865.2 -71332.7
-55171.5 -55739.6
-42727.4 -46128.3
-27981.1 -52110
ID 3929
-208039.7 -52465.7
-205731 -68077.6
-218144.1 -77730.1
-232870.1 -71771
-235181.1 -56155.8
-222763.8 -46503.1
-208039.7 -52465.7
ID 2306
125150.1 -55682.9
127452 -71253.4
114990.2 -80829.8
100222.7 -74836.2
97918.7 -59262.2
110384.4 -49685.4
125150.1 -55682.9
ID 3159
-55171.5 -55739.6
-52865.2 -71332.7
-65299.9 -80950.4
-80045.1 -74975.9
-82353.6 -59379.4
-69914.8 -49761.2
-55171.5 -55739.6
ID 4061
-235181.1 -56155.8
-232870.1 -71771
-245278.1 -81430.4
-260001.1 -75474.8
-262314.4 -59855.8
-249902.3 -50196.3
-235181.1 -56155.8
ID 2425
97918.7 -59262.2
100222.7 -74836.2
87766.3 -84419.5
73001.5 -78429.2
70695.3 -62851.4
83156 -53267.8
97918.7 -59262.2
ID 3285
-82353.6 -59379.4
-80045.1 -74975.9
-92474.7 -84600.7
-107217 -78629.4
-109527.9 -63029.3
-97094 -53404.2
-82353.6 -59379.4
ID 4194
-262314.4 -59855.8
-260001.1 -75474.8
-272403.9 -85141
-287124.2 -79188.5
-289439.9 -63566.1
-277032.7 -53899.7
-262314.4 -59855.8
ID 2545
70695.3 -62851.4
73001.5 -78429.2
60550.4 -88019.3
45788.7 -82032.2
43480 -66451
55935.4 -56860.5
70695.3 -62851.4
ID 3412
-109527.9 -63029.3
-107217 -78629.4
-119641.3 -88260.9
-134380.9 -82293.1
-136694 -66689.3
-124265.4 -57057.4
-109527.9 -63029.3
ID 2666
43480 -66451
45788.7 -82032.2
33342.7 -91629.3
18583.8 -85645.6
16272.9 -70060.6
28723.3 -60463.4
43480 -66451
ID 1841
223967.6 -66572.6
226271.6 -82131.6
213798.4 -91686.9
199017.3 -85684.1
196711 -70121.8
209188.2 -60565.9
223967.6 -66572.6
ID 3540
-136694 -66689.3
-134380.9 -82293.1
-146800 -91931.5
-161536.5 -85966.6
-163852 -70359.4
-151428.6 -60720.7
-136694 -66689.3
ID 2788
16272.9 -70060.6
18583.8 -85645.6
6142.9 -95249.5
-8613.1 -89268.8
-10926 -73680.5
1519.2 -64076.3
16272.9 -70060.6
ID 1956
196711 -70121.8
199017.3 -85684.1
186549.5 -95246.5
171771.1 -89246.9
169462.5 -73680.9
181934.7 -64118.2
196711 -70121.8
ID 3669
-163852 -70359.4
-161536.5 -85966.6
-168357.8 -91271.5
-173950.6 -95612
-188684.3 -89650.5
-191002.1 -74039.6
-178583.7 -64394
-163852 -70359.4
ID 2072
169462.5 -73680.9
171771.1 -89246.9
159308.5 -98816.2
144533.1 -92819.9
142222.3 -77250.2
154689.2 -67680.7
169462.5 -73680.9
ID 2911
-10926 -73680.5
-8613.1 -89268.8
-21048.7 -98879.5
-35801.7 -92902.4
-38117 -77310.4
-25677.1 -67699.4
-10926 -73680.5
ID 3799
-191002.1 -74039.6
-188684.3 -89650.5
-201093.3 -99302.8
-215824 -93344.5
-218144.1 -77730.1
-205731 -68077.6
-191002.1 -74039.6
ID 2189
142222.3 -77250.2
144533.1 -92819.9
132075.7 -102396
117303.4 -96403
114990.2 -80829.8
127452 -71253.4
142222.3 -77250.2
ID 3035
-38117 -77310.4
-35801.7 -92902.4
-48232.1 -102520
-62982.3 -96546.1
-65299.9 -80950.4
-52865.2 -71332.7
-38117 -77310.4
ID 3930
-218144.1 -77730.1
-215824 -93344.5
-228227.7 -103003.5
-242955.8 -97048.4
-245278.1 -81430.4
-232870.1 -71771
-218144.1 -77730.1
ID 2307
114990.2 -80829.8
117303.4 -96403
104851 -105986
90081.7 -99996.1
87766.3 -84419.5
100222.7 -74836.2
114990.2 -80829.8
ID 3160
-65299.9 -80950.4
-62982.3 -96546.1
-75407.6 -106170.5
-90154.8 -100199.9
-92474.7 -84600.7
-80045.1 -74975.9
-65299.9 -80950.4
ID 4062
-245278.1 -81430.4
-242955.8 -97048.4
-255354.2 -106714.5
-270079.2 -100762.6
-272403.9 -85141
-260001.1 -75474.8
-245278.1 -81430.4
ID 2426
87766.3 -84419.5
90081.7 -99996.1
77634.6 -109586
62868 -103599.7
60550.4 -88019.3
73001.5 -78429.2
87766.3 -84419.5
ID 3286
-92474.7 -84600.7
-90154.8 -100199.9
-102574.8 -109831.3
-117319 -103863.8
-119641.3 -88260.9
-107217 -78629.4
-92474.7 -84600.7
ID 4195
-272403.9 -85141
-270079.2 -100762.6
-276273 -105601.6
-282472.6 -110435.3
-297194.9 -104486.9
-299521.9 -88861.6
-287124.2 -79188.5
-272403.9 -85141
ID 2546
60550.4 -88019.3
62868 -103599.7
50426.1 -113196.4
35662.5 -107213.3
33342.7 -91629.3
45788.7 -82032.2
60550.4 -88019.3
ID 1728
241055.5 -88137.7
243368.8 -103695.6
230900 -113250.8
216113.8 -107248.5
213798.4 -91686.9
226271.6 -82131.6
241055.5 -88137.7
ID 3413
-119641.3 -88260.9
-117319 -103863.8
-129733.9 -113502
-144475.5 -107538
-146800 -91931.5
-134380.9 -82293.1
-119641.3 -88260.9
ID 4329
-299521.9 -88861.6
-297194.9 -104486.9
-309583.2 -114166.4
-324302.5 -108221.2
-326631.8 -92592.4
-314239.2 -82912.5
-299521.9 -88861.6
ID 2667
33342.7 -91629.3
35662.5 -107213.3
23226 -116816.8
8465 -110836.9
6142.9 -95249.5
18583.8 -85645.6
33342.7 -91629.3
ID 1842
213798.4 -91686.9
216113.8 -107248.5
203650.2 -116810.5
188867.1 -110811.7
186549.5 -95246.5
199017.3 -85684.1
213798.4 -91686.9
ID 3541
-146800 -91931.5
-144475.5 -107538
-156885.3 -117182.9
-171623.7 -111222.1
-173950.6 -95612
-168357.8 -91271.5
-161536.5 -85966.6
-146800 -91931.5
ID 1957
186549.5 -95246.5
188867.1 -110811.7
176408.7 -120380.6
161628.4 -114384.8
159308.5 -98816.2
171771.1 -89246.9
186549.5 -95246.5
ID 2789
6142.9 -95249.5
8465 -110836.9
-3966.3 -120447.4
-18724.3 -114470.8
-21048.7 -98879.5
-8613.1 -89268.8
6142.9 -95249.5
ID 3670
-173950.6 -95612
-171623.7 -111222.1
-184028.4 -120873.9
-198764.1 -114916.1
-201093.3 -99302.8
-188684.3 -89650.5
-173950.6 -95612
ID 2073
159308.5 -98816.2
161628.4 -114384.8
149175.1 -123960.7
134397.8 -117968.3
132075.7 -102396
144533.1 -92819.9
159308.5 -98816.2
ID 2912
-21048.7 -98879.5
-18724.3 -114470.8
-31150.3 -124088.1
-45905.3 -118114.7
-48232.1 -102520
-35801.7 -92902.4
-21048.7 -98879.5
ID 3800
-201093.3 -99302.8
-198764.1 -114916.1
-211163.5 -124574.9
-225896.3 -118620.7
-228227.7 -103003.5
-215824 -93344.5
-201093.3 -99302.8
ID 2190
132075.7 -102396
134397.8 -117968.3
121949.9 -127551.1
107175.7 -121561.8
104851 -105986
117303.4 -96403
132075.7 -102396
ID 3036
-48232.1 -102520
-45905.3 -118114.7
-58326.5 -127739
-73078.5 -121769
-75407.6 -106170.5
-62982.3 -96546.1
-48232.1 -102520
ID 3931
-228227.7 -103003.5
-225896.3 -118620.7
-238290.5 -128286.1
-253020.5 -122335.2
-255354.2 -106714.5
-242955.8 -97048.4
-228227.7 -103003.5
ID 2308
104851 -105986
107175.7 -121561.8
94732.8 -131151.4
79961.3 -125165.5
77634.6 -109586
90081.7 -99996.1
104851 -105986
ID 3161
-75407.6 -106170.5
-73078.5 -121769
-85494.4 -131399.8
-100243.6 -125433.1
-102574.8 -109831.3
-90154.8 -100199.9
-75407.6 -106170.5
ID 4063
-255354.2 -106714.5
-253020.5 -122335.2
-265409.6 -132007.6
-280136.7 -126059.6
-282472.6 -110435.3
-276273 -105601.6
-270079.2 -100762.6
-255354.2 -106714.5
ID 2427
77634.6 -109586
79961.3 -125165.5
67523.8 -134761.9
52755.2 -128779.6
50426.1 -113196.4
62868 -103599.7
77634.6 -109586
ID 1616
258157.9 -109701.1
260480.1 -125258.3
248015.6 -134813.2
233224.5 -128811.4
230900 -113250.8
243368.8 -103695.6
258157.9 -109701.1
ID 3287
-102574.8 -109831.3
-100243.6 -125433.1
-112654.2 -135070.9
-127400.4 -129107.5
-129733.9 -113502
-117319 -103863.8
-102574.8 -109831.3
ID 4196
-282472.6 -110435.3
-280136.7 -126059.6
-292520.6 -135738.9
-307244.9 -129794.4
-309583.2 -114166.4
-297194.9 -104486.9
-282472.6 -110435.3
ID 2547
50426.1 -113196.4
52755.2 -128779.6
40322.8 -138382.9
25557.3 -132403.6
23226 -116816.8
35662.5 -107213.3
50426.1 -113196.4
ID 1729
230900 -113250.8
233224.5 -128811.4
220765.1 -138373.2
205977 -132374.8
203650.2 -116810.5
216113.8 -107248.5
230900 -113250.8
ID 3414
-129733.9 -113502
-127400.4 -129107.5
-139806 -138752.2
-154549.4 -132791.8
-156885.3 -117182.9
-144475.5 -107538
-129733.9 -113502
ID 4330
-309583.2 -114166.4
-307244.9 -129794.4
-319623.5 -139480.6
-334344.9 -133539.2
-336685.5 -117907.7
-324302.5 -108221.2
-309583.2 -114166.4
ID 1843
203650.2 -116810.5
205977 -132374.8
193522.9 -141943.6
178737.8 -135948.4
176408.7 -120380.6
188867.1 -110811.7
203650.2 -116810.5
ID 2668
23226 -116816.8
25557.3 -132403.6
13130 -142013.5
-1632.8 -136037.6
-3966.3 -120447.4
8465 -110836.9
23226 -116816.8
ID 3542
-156885.3 -117182.9
-154549.4 -132791.8
-166949.7 -142443.5
-181690.1 -136486.4
-184028.4 -120873.9
-171623.7 -111222.1
-156885.3 -117182.9
ID 4465
-336685.5 -117907.7
-334344.9 -133539.2
-346718.3 -143232.1
-361436.8 -137294.1
-363779.8 -121658.9
-351402.2 -111965.7
-336685.5 -117907.7
ID 1958
176408.7 -120380.6
178737.8 -135948.4
166288.8 -145523.8
151506.4 -139532.2
149175.1 -123960.7
161628.4 -114384.8
176408.7 -120380.6
ID 2790
-3966.3 -120447.4
-1632.8 -136037.6
-14054.8 -145654.7
-28814.6 -139682
-31150.3 -124088.1
-18724.3 -114470.8
-3966.3 -120447.4
ID 3671
-184028.4 -120873.9
-181690.1 -136486.4
-194085.4 -146144.9
-208823 -140191.2
-211163.5 -124574.9
-198764.1 -114916.1
-184028.4 -120873.9
ID 2074
149175.1 -123960.7
151506.4 -139532.2
139062.8 -149114.5
124283.4 -143126
121949.9 -127551.1
134397.8 -117968.3
149175.1 -123960.7
ID 2913
-31150.3 -124088.1
-28814.6 -139682
-41231.3 -149306
-55988.3 -143336.3
-58326.5 -127739
-45905.3 -118114.7
-31150.3 -124088.1
ID 3801
-211163.5 -124574.9
-208823 -140191.2
-221213 -149856.6
-235947.7 -143906.1
-238290.5 -128286.1
-225896.3 -118620.7
-211163.5 -124574.9
ID 2191
121949.9 -127551.1
124283.4 -143126
111845 -152715.3
97068.7 -146729.9
94732.8 -131151.4
107175.7 -121561.8
121949.9 -127551.1
ID 3037
-58326.5 -127739
-55988.3 -143336.3
-68399.9 -152967
-83154 -147001
-85494.4 -131399.8
-73078.5 -121769
-58326.5 -127739
ID 3932
-238290.5 -128286.1
-235947.7 -143906.1
-248332.5 -153578.1
-263064.4 -147631
-265409.6 -132007.6
-253020.5 -122335.2
-238290.5 -128286.1
ID 2309
94732.8 -131151.4
97068.7 -146729.9
92169.6 -150515.9
84635.3 -156326.1
69861.8 -150344.2
67523.8 -134761.9
79961.3 -125165.5
94732.8 -131151.4
ID 1505
275274.1 -131263.3
277605.4 -146819.4
265144.9 -156374.1
250349.2 -150373
248015.6 -134813.2
260480.1 -125258.3
275274.1 -131263.3
ID 3162
-85494.4 -131399.8
-83154 -147001
-95560.4 -156638.5
-110311.6 -150675.5
-112654.2 -135070.9
-100243.6 -125433.1
-85494.4 -131399.8
ID 4064
-265409.6 -132007.6
-263064.4 -147631
-275444.1 -157310
-290173 -151365.9
-292520.6 -135738.9
-280136.7 -126059.6
-265409.6 -132007.6
ID 2428
67523.8 -134761.9
69861.8 -150344.2
57433.7 -159947.2
42663.3 -153968.5
40322.8 -138382.9
52755.2 -128779.6
67523.8 -134761.9
ID 1617
248015.6 -134813.2
250349.2 -150373
237894 -159934.3
223100.9 -153936.7
220765.1 -138373.2
233224.5 -128811.4
248015.6 -134813.2
ID 3288
-112654.2 -135070.9
-110311.6 -150675.5
-122712.7 -160320.1
-137461 -154360.3
-139806 -138752.2
-127400.4 -129107.5
-112654.2 -135070.9
ID 4197
-292520.6 -135738.9
-290173 -151365.9
-302547.4 -161051.7
-317273.7 -155111
-319623.5 -139480.6
-307244.9 -129794.4
-292520.6 -135738.9
ID 1730
220765.1 -138373.2
223100.9 -153936.7
210651 -163504.8
195861 -157510.4
193522.9 -141943.6
205977 -132374.8
220765.1 -138373.2
ID 2548
40322.8 -138382.9
42663.3 -153968.5
30240.2 -163578.5
15472.6 -157603
13130 -142013.5
25557.3 -132403.6
40322.8 -138382.9
ID 3415
-139806 -138752.2
-137461 -154360.3
-149857.2 -164011.7
-164602.4 -158055.2
-166949.7 -142443.5
-154549.4 -132791.8
-139806 -138752.2
ID 4331
-319623.5 -139480.6
-317273.7 -155111
-329643 -164803.7
-344366.4 -158866.4
-346718.3 -143232.1
-334344.9 -133539.2
-319623.5 -139480.6
ID 1844
193522.9 -141943.6
195861 -157510.4
183416.3 -167085.7
168629.1 -161094.4
166288.8 -145523.8
178737.8 -135948.4
193522.9 -141943.6
ID 2669
13130 -142013.5
15472.6 -157603
3054.9 -167219.7
-11709.8 -161247.5
-14054.8 -145654.7
-1632.8 -136037.6
13130 -142013.5
ID 3543
-166949.7 -142443.5
-164602.4 -158055.2
-176993.3 -167713.4
-191735.8 -161760.2
-194085.4 -146144.9
-181690.1 -136486.4
-166949.7 -142443.5
ID 1959
166288.8 -145523.8
168629.1 -161094.4
156189.5 -170676.5
141405.5 -164688.6
139062.8 -149114.5
151506.4 -139532.2
166288.8 -145523.8
ID 2791
-14054.8 -145654.7
-11709.8 -161247.5
-24122.4 -170871.2
-38884.1 -164902.3
-41231.3 -149306
-28814.6 -139682
-14054.8 -145654.7
ID 3672
-194085.4 -146144.9
-191735.8 -161760.2
-204121.5 -171425.2
-218861 -165475.4
-221213 -149856.6
-208823 -140191.2
-194085.4 -146144.9
ID 2075
139062.8 -149114.5
141405.5 -164688.6
128971.1 -174277.6
114189.9 -168292.8
111845 -152715.3
124283.4 -143126
139062.8 -149114.5
ID 2914
-41231.3 -149306
-38884.1 -164902.3
-51291.6 -174532.8
-66050.3 -168567.2
-68399.9 -152967
-55988.3 -143336.3
-41231.3 -149306
