ID AU
2.4857 -0.1843
2.4592 -0.3026
2.3681 -0.2567
2.3920 -0.2115
2.3192 -0.2012
2.2887 -0.2168
2.2609 -0.2592
2.2174 -0.2391
2.1393 -0.3000
2.1255 -0.3325
2.0532 -0.3559
1.9956 -0.3828
1.9949 -0.4538
2.0314 -0.5512
2.0263 -0.5786
2.0143 -0.5849
2.0152 -0.5978
2.0347 -0.6074
2.0769 -0.6058
2.0944 -0.5892
2.1591 -0.5908
2.1642 -0.5760
2.2005 -0.5620
2.2305 -0.5627
2.2548 -0.5508
2.2932 -0.5529
2.3736 -0.6091
2.4086 -0.5704
2.3944 -0.6114
2.4145 -0.5957
2.4166 -0.6173
2.4492 -0.6582
2.5119 -0.6744
2.5299 -0.6594
2.5606 -0.6763
2.5904 -0.6568
2.6171 -0.6529
2.6911 -0.5027
2.6707 -0.4355
2.5604 -0.3293
2.5379 -0.2592
2.5107 -0.2438
2.4857 -0.1843
ID AU
2.5278 -0.7088
2.5230 -0.7156
2.5508 -0.7573
2.5742 -0.7535
2.5904 -0.7105
2.5592 -0.7159
2.5278 -0.7088
ID AU
2.2749 -0.2068
2.2923 -0.2068
2.3021 -0.1979
2.2982 -0.1935
2.2916 -0.1963
2.2784 -0.1963
2.2749 -0.2068
ID NZ
3.0172 -0.7058
3.0042 -0.7112
3.0088 -0.7189
3.0037 -0.7266
3.0000 -0.7243
2.9887 -0.7404
2.9733 -0.7540
2.9543 -0.7632
2.9409 -0.7653
2.9060 -0.7966
2.9269 -0.8015
2.9510 -0.8116
2.9658 -0.8105
2.9845 -0.7981
2.9878 -0.7742
3.0250 -0.7624
3.0274 -0.7617
3.0189 -0.7564
3.0194 -0.7496
3.0304 -0.7479
3.0480 -0.7280
3.0419 -0.7220
3.0456 -0.7130
3.0374 -0.7072
3.0262 -0.7161
3.0172 -0.7058
ID NZ
3.0161 -0.5993
3.0238 -0.6109
3.0215 -0.6144
3.0437 -0.6351
3.0521 -0.6540
3.0475 -0.6768
3.0363 -0.6807
3.0360 -0.6859
3.0402 -0.6899
3.0475 -0.6955
3.0543 -0.6981
3.0594 -0.7023
3.0496 -0.7173
3.0611 -0.7229
3.0709 -0.7194
3.0805 -0.7069
3.0863 -0.7049
3.0939 -0.6910
3.0898 -0.6905
3.0922 -0.6824
3.1063 -0.6824
3.1067 -0.6704
3.1135 -0.6744
3.1179 -0.6557
3.1089 -0.6540
3.1028 -0.6561
3.1015 -0.6610
3.0915 -0.6637
3.0739 -0.6526
3.0700 -0.6379
3.0631 -0.6356
3.0648 -0.6461
3.0617 -0.6466
3.0596 -0.6437
3.0543 -0.6405
3.0517 -0.6374
3.0531 -0.6339
3.0456 -0.6260
3.0456 -0.6196
3.0292 -0.6049
3.0267 -0.6079
3.0217 -0.6002
3.0161 -0.5993
ID MA
-0.0349 0.6151
-0.0497 0.6201
-0.0634 0.6189
-0.0733 0.6161
-0.0960 0.6287
-0.1169 0.5934
-0.1440 0.5842
-0.1644 0.5550
-0.1681 0.5393
-0.1621 0.5318
-0.1920 0.4997
-0.2218 0.4869
-0.1440 0.4901
-0.1447 0.5044
-0.1183 0.5227
-0.0611 0.5416
-0.0627 0.5585
-0.0468 0.5632
-0.0175 0.5636
-0.0105 0.5725
-0.0234 0.5833
-0.0349 0.6151
ID EH
-0.2218 0.4869
-0.1440 0.4901
-0.1440 0.4581
-0.2039 0.4581
-0.2035 0.4156
-0.2231 0.4009
-0.2218 0.3780
-0.2894 0.3775
-0.2904 0.3840
-0.2740 0.4198
-0.2520 0.4376
-0.2457 0.4611
-0.2283 0.4739
-0.2218 0.4869
ID MR
-0.1440 0.4901
-0.1440 0.4581
-0.2039 0.4581
-0.2035 0.4156
-0.2231 0.4009
-0.2218 0.3780
-0.2894 0.3775
-0.2902 0.3679
-0.2793 0.3630
-0.2766 0.3491
-0.2827 0.3403
-0.2742 0.3260
-0.2806 0.2937
-0.2438 0.2937
-0.2035 0.2648
-0.1955 0.2759
-0.1848 0.2705
-0.1754 0.2772
-0.0890 0.2740
-0.1098 0.4396
-0.0757 0.4386
-0.1440 0.4901
ID SN
-0.2806 0.2937
-0.2438 0.2937
-0.2035 0.2648
-0.2044 0.2440
-0.1972 0.2370
-0.1970 0.2217
-0.2618 0.2295
-0.2710 0.2225
-0.2880 0.2203
-0.2885 0.2356
-0.2710 0.2342
-0.2683 0.2421
-0.2597 0.2405
-0.2482 0.2346
-0.2349 0.2426
-0.2449 0.2405
-0.2615 0.2485
-0.2861 0.2443
-0.2981 0.2618
-0.2806 0.2937
ID GM
-0.2885 0.2356
-0.2710 0.2342
-0.2683 0.2421
-0.2597 0.2405
-0.2482 0.2346
-0.2349 0.2426
-0.2449 0.2405
-0.2615 0.2485
-0.2861 0.2443
ID GW
-0.2880 0.2203
-0.2710 0.2225
-0.2618 0.2295
-0.2321 0.2264
-0.2313 0.2213
-0.2393 0.2176
-0.2342 0.2117
-0.2334 0.2072
-0.2520 0.2065
-0.2585 0.1929
-0.2880 0.2203
ID ML
-0.2035 0.2648
-0.1955 0.2759
-0.1848 0.2705
-0.1754 0.2772
-0.0890 0.2740
-0.1098 0.4396
-0.0757 0.4386
0.0267 0.3709
0.0243 0.3644
0.0611 0.3499
0.0583 0.3398
0.0803 0.3403
0.0785 0.2885
0.0651 0.2740
0.0272 0.2726
0.0204 0.2651
0.0087 0.2677
-0.0316 0.2527
-0.0412 0.2543
-0.0482 0.2503
-0.0436 0.2443
-0.0545 0.2426
-0.0553 0.2340
-0.0672 0.2370
-0.0728 0.2196
-0.0798 0.2147
-0.0944 0.2107
-0.0899 0.1876
-0.1030 0.1838
-0.1042 0.1934
-0.1112 0.1908
-0.1180 0.1826
-0.1281 0.1894
-0.1374 0.1826
-0.1553 0.2217
-0.1623 0.2166
-0.1766 0.2189
-0.1834 0.2094
-0.1868 0.2185
-0.1970 0.2217
-0.1972 0.2370
-0.2044 0.2440
-0.2035 0.2648
ID DZ
-0.1440 0.4901
-0.1447 0.5044
-0.1183 0.5227
-0.0611 0.5416
-0.0627 0.5585
-0.0468 0.5632
-0.0175 0.5636
-0.0105 0.5725
-0.0234 0.5833
-0.0349 0.6151
0.0750 0.6529
0.0843 0.6402
0.1306 0.6521
0.1401 0.6109
0.1269 0.5997
0.1550 0.5665
0.1604 0.5355
0.1681 0.4707
0.1592 0.4590
0.1768 0.4363
0.1962 0.4253
0.2019 0.4159
0.0969 0.3494
0.0803 0.3403
0.0583 0.3398
0.0611 0.3499
0.0243 0.3644
0.0267 0.3709
-0.0757 0.4386
-0.1440 0.4901
ID TN
0.1306 0.6521
0.1401 0.6109
0.1269 0.5997
0.1550 0.5665
0.1604 0.5355
0.1813 0.5372
0.1798 0.5507
0.2056 0.5671
0.2044 0.5810
0.1801 0.5948
0.1792 0.6002
0.1963 0.6123
0.1970 0.6227
0.1850 0.6274
0.1869 0.6356
0.1988 0.6484
0.1306 0.6521
ID LY
0.2044 0.5810
0.2056 0.5671
0.1798 0.5507
0.1813 0.5372
0.1604 0.5355
0.1681 0.4707
0.1592 0.4590
0.1768 0.4363
0.1962 0.4253
0.2019 0.4159
0.2548 0.4009
0.2880 0.4086
0.4262 0.3379
0.4260 0.3534
0.4454 0.3562
0.4454 0.5166
0.4342 0.5309
0.4503 0.5411
0.4538 0.5590
0.3903 0.5789
0.3513 0.5597
0.3541 0.5433
0.3403 0.5363
0.3150 0.5428
0.2789 0.5507
0.2728 0.5733
0.2044 0.5810
ID EG
0.4460 0.3866
0.4454 0.5166
0.4342 0.5309
0.4503 0.5411
0.4726 0.5529
0.5061 0.5411
0.5266 0.5538
0.5550 0.5538
0.5615 0.5445
0.6007 0.5499
0.6126 0.5185
0.6021 0.4852
0.5718 0.5245
0.6269 0.4218
0.6234 0.4056
0.6500 0.3873
0.4460 0.3866
ID SD
0.6500 0.3873
0.4460 0.3866
0.4454 0.3562
0.4260 0.3534
0.4262 0.3379
0.4222 0.2793
0.4047 0.2793
0.3840 0.2269
0.4138 0.1775
0.4133 0.1618
0.4248 0.1571
0.4974 0.0785
0.5180 0.0873
0.5440 0.0675
0.5890 0.0707
0.6156 0.0895
0.6313 0.0850
0.6301 0.1000
0.6196 0.0983
0.5934 0.1370
0.5807 0.1396
0.5810 0.1496
0.5990 0.1559
0.6067 0.1955
0.6360 0.2269
0.6347 0.2724
0.6493 0.3014
0.6756 0.3168
0.6589 0.3311
0.6550 0.3709
0.6500 0.3873
ID ET
0.6313 0.0850
0.6301 0.1000
0.6196 0.0983
0.5934 0.1370
0.5807 0.1396
0.5810 0.1496
0.5990 0.1559
0.6067 0.1955
0.6360 0.2269
0.6347 0.2724
0.7082 0.2491
0.7408 0.2202
0.7453 0.2239
0.7316 0.2021
0.7344 0.1962
0.7500 0.1958
0.7472 0.1897
0.7727 0.1571
0.8390 0.1426
0.7889 0.0902
0.7336 0.0731
0.7156 0.0780
0.6955 0.0665
0.6683 0.0654
0.6508 0.0806
ID ER
0.7408 0.2202
0.7082 0.2491
0.6347 0.2724
0.6493 0.3014
0.6756 0.3168
0.6878 0.2813
0.6981 0.2690
0.7062 0.2775
0.7547 0.2251
0.7502 0.2175
0.7453 0.2239
ID DJ
0.7502 0.2175
0.7453 0.2239
0.7316 0.2021
0.7344 0.1962
0.7500 0.1958
0.7585 0.2028
0.7535 0.2044
0.7449 0.2044
0.7587 0.2103
0.7587 0.2187
0.7502 0.2175
ID SO
0.7500 0.1958
0.7472 0.1897
0.7727 0.1571
0.8390 0.1426
0.7889 0.0902
0.7336 0.0731
0.7170 0.0524
0.7170 -0.0127
0.7261 -0.0284
0.7793 0.0284
0.8034 0.0431
0.8374 0.0771
0.8889 0.1648
0.8901 0.1796
0.8988 0.1833
0.8966 0.2068
0.8845 0.2103
0.8826 0.2059
0.7913 0.1838
0.7744 0.1855
0.7500 0.1958
ID KE
0.6508 0.0806
0.6683 0.0654
0.6955 0.0665
0.7156 0.0780
0.7336 0.0731
0.7170 0.0524
0.7170 -0.0127
0.7261 -0.0284
0.6880 -0.0771
0.6603 -0.0600
0.6618 -0.0485
0.5955 -0.0119
0.5955 0.0072
0.6121 0.0239
0.6117 0.0538
0.5969 0.0785
0.6156 0.0895
0.6313 0.0850
0.6508 0.0806
ID UG
0.5955 0.0072
0.6121 0.0239
0.6117 0.0538
0.5969 0.0785
0.5890 0.0707
0.5440 0.0675
0.5411 0.0480
0.5484 0.0422
0.5254 0.0175
0.5192 -0.0166
0.5358 -0.0145
0.5955 0.0072
ID RW
0.5192 -0.0166
0.5358 -0.0145
0.5440 -0.0346
0.5355 -0.0379
0.5288 -0.0349
0.5236 -0.0450
0.5088 -0.0405
0.5138 -0.0251
0.5192 -0.0166
ID BI
0.5355 -0.0379
0.5288 -0.0349
0.5236 -0.0450
0.5088 -0.0405
0.5203 -0.0721
0.5419 -0.0529
0.5419 -0.0445
0.5358 -0.0445
0.5355 -0.0379
ID TZ
0.6880 -0.0771
0.6603 -0.0600
0.6618 -0.0485
0.5955 -0.0119
0.5955 0.0072
0.5358 -0.0145
0.5192 -0.0166
0.5138 -0.0251
0.5088 -0.0405
0.5355 -0.0379
0.5358 -0.0445
0.5419 -0.0445
0.5419 -0.0529
0.5203 -0.0721
0.5201 -0.1047
0.5411 -0.1354
0.5845 -0.1606
0.5997 -0.1621
0.6062 -0.1710
0.6095 -0.1955
0.6618 -0.2005
0.7103 -0.1778
0.6952 -0.1689
0.6915 -0.1166
0.6816 -0.1012
0.6880 -0.0771
ID MW
0.5845 -0.1606
0.5997 -0.1621
0.6062 -0.1710
0.6095 -0.1955
0.6056 -0.2274
0.6306 -0.2508
0.6271 -0.2749
0.6182 -0.2894
0.5999 -0.2731
0.6086 -0.2604
0.6034 -0.2456
0.5917 -0.2515
0.5794 -0.2391
0.5747 -0.2316
0.5845 -0.1606
ID MZ
0.7103 -0.1778
0.6618 -0.2005
0.6095 -0.1955
0.6056 -0.2274
0.6306 -0.2508
0.6271 -0.2749
0.6182 -0.2894
0.5999 -0.2731
0.6086 -0.2604
0.6034 -0.2456
0.5917 -0.2515
0.5794 -0.2391
0.5309 -0.2588
0.5377 -0.2653
0.5376 -0.2772
0.5512 -0.2742
0.5836 -0.2880
0.5856 -0.3426
0.5519 -0.3873
0.5636 -0.4465
0.5658 -0.4620
0.5812 -0.4639
0.5822 -0.4419
0.6269 -0.4189
0.6117 -0.3449
0.7130 -0.2653
0.7103 -0.1778
ID MG
0.7784 -0.2793
0.7685 -0.2993
0.7788 -0.3407
0.7573 -0.3779
0.7627 -0.4215
0.7871 -0.4393
0.8271 -0.4320
0.8840 -0.2656
0.8798 -0.2543
0.8748 -0.2234
0.8603 -0.2039
0.8519 -0.2124
0.8557 -0.2257
0.8296 -0.2562
0.7784 -0.2793
ID LS
0.5041 -0.4946
0.4751 -0.5142
0.4964 -0.5323
0.5018 -0.5189
0.5184 -0.5056
0.5041 -0.4946
ID SZ
0.5636 -0.4465
0.5657 -0.4756
0.5491 -0.4718
0.5419 -0.4630
0.5503 -0.4463
0.5636 -0.4465
ID ZA
0.5519 -0.3873
0.5636 -0.4465
0.5658 -0.4620
0.5812 -0.4639
0.5725 -0.4946
0.5585 -0.5011
0.5369 -0.5372
0.4742 -0.5859
0.3679 -0.5952
0.3550 -0.6100
0.3136 -0.5685
0.3257 -0.5606
0.2885 -0.4967
0.3054 -0.4822
0.3129 -0.4969
0.3417 -0.5035
0.3578 -0.4892
0.3538 -0.4290
0.3716 -0.4526
0.3648 -0.4588
0.3695 -0.4662
0.3834 -0.4653
0.4032 -0.4440
0.4115 -0.4376
0.4294 -0.4454
0.4512 -0.4396
0.4597 -0.4262
0.4712 -0.4198
0.4800 -0.4035
0.5161 -0.3831
0.5519 -0.3873
ID ZA
0.2545 -0.3882
0.2702 -0.3981
0.2566 -0.4002
0.2545 -0.3882
ID NA
0.2885 -0.4967
0.3054 -0.4822
0.3129 -0.4969
0.3417 -0.5035
0.3578 -0.4892
0.3538 -0.4290
0.3550 -0.3805
0.3718 -0.3817
0.3704 -0.3112
0.3339 -0.3089
0.3299 -0.2985
0.2494 -0.3005
0.2353 -0.2911
0.2136 -0.2967
0.2091 -0.3138
0.2545 -0.3882
0.2702 -0.3981
0.2566 -0.4002
0.2653 -0.4451
0.2885 -0.4967
ID BW
0.3550 -0.3805
0.3718 -0.3817
0.3704 -0.3112
0.4115 -0.3119
0.4166 -0.3222
0.4423 -0.3100
0.4634 -0.3393
0.4908 -0.3553
0.4934 -0.3721
0.5161 -0.3831
0.4800 -0.4035
0.4712 -0.4198
0.4597 -0.4262
0.4512 -0.4396
0.4294 -0.4454
0.4115 -0.4376
0.4032 -0.4440
0.3834 -0.4653
0.3695 -0.4662
0.3648 -0.4588
0.3716 -0.4526
0.3538 -0.4290
ID ZW
0.3704 -0.3112
0.4115 -0.3119
0.4166 -0.3222
0.4423 -0.3100
0.4634 -0.3393
0.4908 -0.3553
0.4934 -0.3721
0.5161 -0.3831
0.5519 -0.3873
0.5856 -0.3426
0.5836 -0.2880
0.5512 -0.2742
0.5376 -0.2772
0.5377 -0.2653
0.5114 -0.2728
0.5074 -0.2843
0.4892 -0.2923
0.4725 -0.3115
0.4360 -0.3014
0.3704 -0.3112
ID ZM
0.5411 -0.1354
0.5845 -0.1606
0.5747 -0.2316
0.5794 -0.2391
0.5309 -0.2588
0.5377 -0.2653
0.5114 -0.2728
0.5074 -0.2843
0.4892 -0.2923
0.4725 -0.3115
0.4360 -0.3014
0.3913 -0.2775
0.3883 -0.2227
0.4218 -0.2194
0.4236 -0.1864
0.4494 -0.1925
0.4487 -0.2044
0.4726 -0.2089
0.4800 -0.1991
0.4831 -0.2107
0.5004 -0.2145
0.5149 -0.2299
0.5250 -0.2302
0.5227 -0.2089
0.5070 -0.2098
0.4988 -0.1979
0.5049 -0.1766
0.4983 -0.1583
0.5070 -0.1452
0.5411 -0.1354
ID CD
0.4236 -0.1864
0.4494 -0.1925
0.4487 -0.2044
0.4726 -0.2089
0.4800 -0.1991
0.4831 -0.2107
0.5004 -0.2145
0.5149 -0.2299
0.5250 -0.2302
0.5227 -0.2089
0.5070 -0.2098
0.4988 -0.1979
0.5049 -0.1766
0.4983 -0.1583
0.5070 -0.1452
0.5411 -0.1354
0.5201 -0.1047
0.5203 -0.0721
0.5088 -0.0405
0.5138 -0.0251
0.5192 -0.0166
0.5254 0.0175
0.5484 0.0422
0.5411 0.0480
0.5440 0.0675
0.5180 0.0873
0.4974 0.0785
0.4491 0.0969
0.4047 0.0873
0.3981 0.0775
0.3636 0.0778
0.3543 0.0941
0.3388 0.0899
0.3286 0.0785
0.3290 0.0597
0.3185 0.0400
0.3049 -0.0145
0.2869 -0.0391
0.2866 -0.0574
0.2574 -0.0834
0.2553 -0.0716
0.2334 -0.0794
0.2222 -0.0885
0.2182 -0.0932
0.2175 -0.1080
0.2880 -0.1018
0.3121 -0.1396
0.3403 -0.1384
0.3468 -0.1152
0.3660 -0.1183
0.3656 -0.1265
0.3862 -0.1244
0.3845 -0.1627
0.3927 -0.1780
0.3922 -0.1899
0.4236 -0.1864
ID AO
0.2334 -0.0794
0.2222 -0.0885
0.2182 -0.0932
0.2129 -0.0808
0.2281 -0.0740
0.2334 -0.0794
ID AO
0.2175 -0.1080
0.2880 -0.1018
0.3121 -0.1396
0.3403 -0.1384
0.3468 -0.1152
0.3660 -0.1183
0.3656 -0.1265
0.3862 -0.1244
0.3845 -0.1627
0.3927 -0.1780
0.3922 -0.1899
0.4236 -0.1864
0.4218 -0.2194
0.3883 -0.2227
0.3913 -0.2775
0.4360 -0.3014
0.3704 -0.3112
0.3339 -0.3089
0.3299 -0.2985
0.2494 -0.3005
0.2353 -0.2911
0.2136 -0.2967
0.2080 -0.2700
0.2290 -0.2187
0.2414 -0.2100
0.2452 -0.1854
0.2307 -0.1576
0.2393 -0.1435
0.2175 -0.1080
ID CG
0.3290 0.0597
0.3185 0.0400
0.3049 -0.0145
0.2869 -0.0391
0.2866 -0.0574
0.2574 -0.0834
0.2553 -0.0716
0.2334 -0.0794
0.2222 -0.0885
0.2182 -0.0932
0.2129 -0.0808
0.1988 -0.0663
0.2138 -0.0559
0.2072 -0.0401
0.2236 -0.0398
0.2218 -0.0298
0.2311 -0.0288
0.2307 -0.0408
0.2508 -0.0391
0.2604 -0.0113
0.2477 -0.0017
0.2477 0.0086
0.2567 0.0147
0.2527 0.0265
0.2365 0.0230
0.2379 0.0417
0.2834 0.0326
0.2883 0.0457
0.2971 0.0620
0.3290 0.0597
ID GQ
0.2012 0.0417
0.2012 0.0213
0.1719 0.0209
0.1772 0.0426
0.2012 0.0417
ID GA
0.1988 -0.0663
0.2138 -0.0559
0.2072 -0.0401
0.2236 -0.0398
0.2218 -0.0298
0.2311 -0.0288
0.2307 -0.0408
0.2508 -0.0391
0.2604 -0.0113
0.2477 -0.0017
0.2477 0.0086
0.2567 0.0147
0.2527 0.0265
0.2365 0.0230
0.2379 0.0417
0.2012 0.0417
0.2012 0.0213
0.1719 0.0209
0.1644 0.0209
0.1550 0.0147
0.1988 -0.0663
ID CF
0.2883 0.0457
0.2971 0.0620
0.3290 0.0597
0.3286 0.0785
0.3388 0.0899
0.3543 0.0941
0.3636 0.0778
0.3981 0.0775
0.4047 0.0873
0.4491 0.0969
0.4974 0.0785
0.4248 0.1571
0.4133 0.1618
0.4138 0.1775
0.3834 0.1894
0.3854 0.1836
0.3656 0.1618
0.3355 0.1604
0.3311 0.1480
0.2979 0.1332
0.2901 0.1408
0.2780 0.1370
0.2580 0.1070
0.2662 0.0716
0.2883 0.0457
ID TD
0.4138 0.1775
0.3834 0.1894
0.3854 0.1836
0.3656 0.1618
0.3355 0.1604
0.3311 0.1480
0.2979 0.1332
0.2901 0.1408
0.2780 0.1370
0.2478 0.1751
0.2772 0.1787
0.2686 0.1929
0.2656 0.2264
0.2503 0.2299
0.2418 0.2443
0.2400 0.2426
0.2379 0.2559
0.2742 0.2981
0.2819 0.3627
0.2691 0.3822
0.2548 0.4009
0.2880 0.4086
0.4262 0.3379
0.4222 0.2793
0.4047 0.2793
0.3840 0.2269
0.4138 0.1775
0.4133 0.1618
0.4138 0.1775
ID CM
0.1772 0.0426
0.2012 0.0417
0.2379 0.0417
0.2379 0.0417
0.2834 0.0326
0.2883 0.0457
0.2662 0.0716
0.2580 0.1070
0.2780 0.1370
0.2478 0.1751
0.2772 0.1787
0.2686 0.1929
0.2656 0.2264
0.2503 0.2299
0.2531 0.2203
0.2615 0.2142
0.2585 0.2042
0.2443 0.1963
0.2056 0.1208
0.1983 0.1201
0.1917 0.1293
0.1827 0.1269
0.1576 0.1035
0.1510 0.0831
0.1745 0.0632
0.1772 0.0426
ID NG
0.2418 0.2443
0.2503 0.2299
0.2531 0.2203
0.2615 0.2142
0.2585 0.2042
0.2443 0.1963
0.2056 0.1208
0.1983 0.1201
0.1917 0.1293
0.1827 0.1269
0.1576 0.1035
0.1510 0.0831
0.1086 0.0791
0.0789 0.1129
0.0506 0.1134
0.0524 0.1583
0.0677 0.1829
0.0656 0.2128
0.0761 0.2391
0.1098 0.2438
0.1251 0.2334
0.1405 0.2361
0.1693 0.2269
0.1854 0.2368
0.2044 0.2382
0.2225 0.2295
0.2418 0.2443
ID NE
0.0803 0.3403
0.0785 0.2885
0.0651 0.2740
0.0272 0.2726
0.0204 0.2651
0.0087 0.2677
0.0328 0.2248
0.0656 0.2128
0.0761 0.2391
0.1098 0.2438
0.1251 0.2334
0.1405 0.2361
0.1693 0.2269
0.1854 0.2368
0.2044 0.2382
0.2225 0.2295
0.2418 0.2443
0.2400 0.2426
0.2379 0.2559
0.2742 0.2981
0.2819 0.3627
0.2691 0.3822
0.2548 0.4009
0.2019 0.4159
0.0803 0.3403
ID BJ
0.0506 0.1134
0.0524 0.1583
0.0677 0.1829
0.0656 0.2128
0.0328 0.2248
0.0361 0.2019
0.0274 0.2042
0.0204 0.1932
0.0192 0.1885
0.0274 0.1758
0.0361 0.1134
0.0506 0.1134
ID TG
0.0204 0.1932
0.0192 0.1885
0.0274 0.1758
0.0361 0.1134
0.0141 0.1264
0.0051 0.1967
0.0204 0.1932
ID GH
0.0141 0.1264
0.0051 0.1967
-0.0449 0.1946
-0.0459 0.1745
-0.0382 0.1504
-0.0545 0.1204
-0.0476 0.0946
-0.0297 0.0852
0.0141 0.1264
ID CI
-0.0459 0.1745
-0.0382 0.1504
-0.0545 0.1204
-0.0476 0.0946
-0.0838 0.0953
-0.1264 0.0820
-0.1243 0.1086
-0.1449 0.1213
-0.1419 0.1349
-0.1374 0.1826
-0.1281 0.1894
-0.1180 0.1826
-0.1112 0.1908
-0.1042 0.1934
-0.1030 0.1838
-0.0899 0.1876
-0.0728 0.1745
-0.0459 0.1745
ID BF
0.0087 0.2677
-0.0316 0.2527
-0.0412 0.2543
-0.0482 0.2503
-0.0436 0.2443
-0.0545 0.2426
-0.0553 0.2340
-0.0672 0.2370
-0.0728 0.2196
-0.0798 0.2147
-0.0944 0.2107
-0.0899 0.1876
-0.0728 0.1745
-0.0459 0.1745
-0.0449 0.1946
0.0051 0.1967
0.0141 0.1264
0.0051 0.1967
0.0204 0.1932
0.0192 0.1885
0.0274 0.2042
0.0361 0.2019
0.0328 0.2248
0.0087 0.2677
ID GN
-0.2238 0.1658
-0.2082 0.1796
-0.1916 0.1751
-0.1789 0.1501
-0.1419 0.1349
-0.1374 0.1826
-0.1374 0.1826
-0.1553 0.2217
-0.1623 0.2166
-0.1766 0.2189
-0.1834 0.2094
-0.1868 0.2185
-0.1970 0.2217
-0.2321 0.2264
-0.2313 0.2213
-0.2393 0.2176
-0.2342 0.2117
-0.2334 0.2072
-0.2520 0.2065
-0.2585 0.1929
ID LR
-0.1979 0.1243
-0.1789 0.1501
-0.1419 0.1349
-0.1449 0.1213
-0.1243 0.1086
-0.1264 0.0820
ID SL
-0.2238 0.1658
-0.2082 0.1796
-0.1916 0.1751
-0.1789 0.1501
-0.1979 0.1243
-0.2213 0.1382
-0.2238 0.1658
ID PT
-0.1281 0.6505
-0.1210 0.6841
-0.1293 0.6952
-0.1219 0.6959
-0.1065 0.7283
-0.1131 0.7351
-0.1536 0.7339
-0.1639 0.6756
-0.1529 0.6742
-0.1562 0.6479
ID ES
-0.1281 0.6505
-0.1210 0.6841
-0.1293 0.6952
-0.1219 0.6959
-0.1065 0.7283
-0.1131 0.7351
-0.1536 0.7339
-0.1618 0.7528
-0.1353 0.7653
-0.0297 0.7596
0.0065 0.7479
0.0201 0.7500
0.0358 0.7421
0.0567 0.7423
0.0592 0.7334
0.0396 0.7215
0.0197 0.7168
-0.0044 0.6906
0.0059 0.6789
-0.0124 0.6582
-0.0346 0.6435
-0.0742 0.6440
-0.0941 0.6313
-0.1030 0.6318
-0.1110 0.6461
ID MC
0.1240 0.7636
0.1323 0.7650
0.1361 0.7730
0.1234 0.7735
ID FR
-0.0297 0.7596
0.0065 0.7479
0.0201 0.7500
0.0358 0.7421
0.0567 0.7423
0.0557 0.7508
0.0716 0.7601
0.1026 0.7535
0.1161 0.7561
0.1240 0.7636
0.1234 0.7735
0.1216 0.7789
0.1248 0.7833
0.1180 0.7887
0.1281 0.7946
0.1236 0.8032
0.1218 0.8121
0.1070 0.8063
0.1244 0.8308
0.1346 0.8325
0.1470 0.8573
0.1124 0.8662
0.1044 0.8660
0.0860 0.8700
0.0869 0.8767
0.0750 0.8748
0.0450 0.8936
0.0254 0.8919
0.0236 0.8800
0.0009 0.8756
0.0067 0.8660
-0.0198 0.8660
-0.0227 0.8741
-0.0356 0.8724
-0.0239 0.8552
-0.0432 0.8505
-0.0534 0.8560
-0.0860 0.8508
-0.0782 0.8394
-0.0869 0.8440
-0.0710 0.8322
-0.0429 0.8283
-0.0227 0.8062
-0.0251 0.8109
ID LU
0.1124 0.8662
0.1044 0.8660
0.1089 0.8770
ID BE
0.1089 0.8770
0.1044 0.8660
0.0860 0.8700
0.0869 0.8767
0.0750 0.8748
0.0450 0.8936
0.0572 0.8992
0.0698 0.8954
0.0916 0.9009
0.1033 0.8952
0.1012 0.8905
0.1082 0.8875
ID NL
0.0572 0.8992
0.0698 0.8954
0.0916 0.9009
0.1033 0.8952
0.1012 0.8905
0.1082 0.8875
0.1119 0.8948
0.1061 0.9062
0.1208 0.9090
0.1272 0.9163
0.1213 0.9207
0.1260 0.9224
0.1306 0.9369
0.1004 0.9322
0.1008 0.9200
0.0885 0.9292
0.0733 0.9081
ID DE
0.1124 0.8662
0.1089 0.8770
0.1119 0.8948
0.1061 0.9062
0.1208 0.9090
0.1272 0.9163
0.1213 0.9207
0.1260 0.9224
0.1306 0.9369
0.1464 0.9381
0.1593 0.9447
0.1515 0.9596
0.1768 0.9594
0.1801 0.9517
0.1997 0.9516
0.1993 0.9446
0.2351 0.9556
0.2491 0.9437
0.2562 0.9310
0.2494 0.9236
0.2567 0.9189
0.2595 0.9098
0.2567 0.9041
0.2641 0.8969
0.2604 0.9020
0.2147 0.8782
0.2213 0.8653
0.2443 0.8522
0.2255 0.8412
0.2304 0.8327
0.2007 0.8299
0.1845 0.8330
0.1810 0.8283
0.1695 0.8316
0.1709 0.8415
0.1527 0.8364
0.1477 0.8318
0.1346 0.8325
0.1470 0.8573
0.1124 0.8662
ID LI
0.1695 0.8316
0.1709 0.8415
0.1527 0.8364
ID CH
0.1695 0.8316
0.1527 0.8364
0.1477 0.8318
0.1346 0.8325
0.1244 0.8308
0.1070 0.8063
0.1218 0.8121
0.1236 0.8032
0.1408 0.8042
0.1489 0.8100
0.1592 0.8029
0.1653 0.8138
0.1702 0.8112
0.1789 0.8111
0.1841 0.8189
0.1838 0.8226
0.1772 0.8203
0.1670 0.8245
ID AT
0.2443 0.8522
0.2255 0.8412
0.2304 0.8327
0.2007 0.8299
0.1845 0.8330
0.1810 0.8283
0.1695 0.8316
0.1670 0.8245
0.1772 0.8203
0.1838 0.8226
0.1841 0.8189
0.1943 0.8175
0.1988 0.8203
0.2154 0.8233
0.2196 0.8172
0.2419 0.8130
0.2573 0.8105
0.2656 0.8172
0.2864 0.8184
0.2918 0.8329
0.3019 0.8390
0.2971 0.8508
0.2652 0.8573
0.2590 0.8500
ID IT
0.1323 0.7650
0.1361 0.7730
0.1234 0.7735
0.1216 0.7789
0.1248 0.7833
0.1180 0.7887
0.1281 0.7946
0.1236 0.8032
0.1408 0.8042
0.1489 0.8100
0.1592 0.8029
0.1653 0.8138
0.1702 0.8112
0.1789 0.8111
0.1841 0.8189
0.1943 0.8175
0.1988 0.8203
0.2154 0.8233
0.2196 0.8172
0.2419 0.8130
0.2412 0.8004
0.2142 0.7922
0.2178 0.7732
0.2424 0.7601
0.2503 0.7453
0.2618 0.7357
0.2845 0.7330
0.2848 0.7306
0.2822 0.7261
0.3252 0.7058
0.3243 0.6967
0.3163 0.6994
0.3145 0.7041
0.3066 0.7053
0.2976 0.7069
0.2918 0.6946
0.3035 0.6898
0.3026 0.6796
0.2911 0.6806
0.2918 0.6738
0.2855 0.6675
0.2698 0.6650
0.2676 0.6559
0.2709 0.6505
0.2657 0.6435
0.2543 0.6452
0.2504 0.6505
0.2450 0.6500
0.2214 0.6613
0.2242 0.6701
0.2359 0.6715
0.2454 0.6668
0.2777 0.6734
0.2777 0.6801
0.2863 0.6815
0.2763 0.7025
0.2634 0.7051
0.2480 0.7168
0.2410 0.7235
0.2305 0.7247
0.1862 0.7530
0.1775 0.7714
0.1531 0.7760
0.1429 0.7665
ID SI
0.2412 0.8004
0.2419 0.8130
0.2419 0.8130
0.2573 0.8105
0.2656 0.8172
0.2864 0.8184
0.2917 0.8150
0.2777 0.8115
0.2769 0.8047
0.2702 0.7956
ID HR
0.2917 0.8150
0.2777 0.8115
0.2769 0.8047
0.2702 0.7956
0.2485 0.7847
0.2541 0.7914
0.2630 0.7896
0.2622 0.7812
0.2826 0.7625
0.3110 0.7530
0.2860 0.7768
0.2781 0.7861
0.2839 0.7935
0.3285 0.7914
0.3350 0.7866
0.3325 0.8050
0.3255 0.8027
0.3056 0.8071
ID BA
0.3110 0.7530
0.2860 0.7768
0.2781 0.7861
0.2839 0.7935
0.3285 0.7914
0.3350 0.7866
0.3409 0.7872
0.3372 0.7786
0.3463 0.7733
0.3397 0.7704
0.3451 0.7625
0.3337 0.7616
0.3243 0.7476
ID YU
0.3325 0.8050
0.3350 0.7866
0.3409 0.7872
0.3372 0.7786
0.3463 0.7733
0.3397 0.7704
0.3451 0.7625
0.3337 0.7616
0.3243 0.7476
0.3409 0.7347
0.3399 0.7413
0.3469 0.7485
0.3554 0.7455
0.3630 0.7368
0.3938 0.7434
0.3943 0.7505
0.4051 0.7579
0.3943 0.7667
0.3981 0.7760
0.3955 0.7791
0.4015 0.7812
0.3964 0.7851
0.3875 0.7805
0.3789 0.7851
0.3792 0.7917
0.3586 0.8080
ID HU
0.3586 0.8080
0.3255 0.8027
0.3056 0.8071
0.2917 0.8150
0.2864 0.8184
0.2918 0.8329
0.3019 0.8390
0.3117 0.8356
0.3280 0.8376
0.3297 0.8426
0.3388 0.8430
0.3397 0.8409
0.3421 0.8447
0.3481 0.8430
0.3556 0.8477
0.3593 0.8514
0.3738 0.8517
0.3789 0.8482
0.3880 0.8488
0.3885 0.8463
0.3992 0.8418
0.3831 0.8318
0.3705 0.8115
ID RO
0.3992 0.8418
0.3831 0.8318
0.3705 0.8115
0.3586 0.8080
0.3792 0.7917
0.3789 0.7851
0.3875 0.7805
0.3964 0.7851
0.4015 0.7812
0.3955 0.7791
0.3981 0.7760
0.4030 0.7721
0.3997 0.7675
0.4452 0.7646
0.4739 0.7735
0.4996 0.7668
0.5017 0.7695
0.5017 0.7759
0.5087 0.7842
0.5176 0.7861
0.5192 0.7917
0.5148 0.7980
0.5022 0.7929
0.4909 0.7968
0.4926 0.8130
0.4903 0.8242
0.4658 0.8456
0.4352 0.8349
0.4287 0.8409
0.4051 0.8433
ID BG
0.3943 0.7505
0.4051 0.7579
0.3943 0.7667
0.3981 0.7760
0.4030 0.7721
0.3997 0.7675
0.4452 0.7646
0.4739 0.7735
0.4996 0.7668
0.5005 0.7618
0.4991 0.7598
0.4917 0.7593
0.4886 0.7572
0.4888 0.7492
0.4826 0.7467
0.4856 0.7404
0.4886 0.7374
0.4809 0.7350
0.4711 0.7388
0.4658 0.7376
0.4601 0.7313
0.4553 0.7322
0.4564 0.7266
0.4410 0.7240
0.4284 0.7289
0.4009 0.7262
0.4020 0.7306
0.3976 0.7383
ID MK
0.3630 0.7368
0.3938 0.7434
0.3976 0.7383
0.4020 0.7306
0.4009 0.7262
0.3937 0.7219
0.3859 0.7213
0.3766 0.7175
0.3650 0.7175
0.3614 0.7175
0.3568 0.7262
ID AL
0.3409 0.7347
0.3399 0.7413
0.3469 0.7485
0.3554 0.7455
0.3630 0.7368
0.3568 0.7262
0.3614 0.7175
0.3650 0.7175
0.3675 0.7129
0.3626 0.7093
0.3605 0.7042
0.3544 0.7012
0.3554 0.6979
0.3491 0.6963
0.3479 0.7009
0.3364 0.7082
0.3351 0.7126
0.3397 0.7208
0.3381 0.7301
0.3412 0.7304
0.3421 0.7322
ID GR
0.4601 0.7313
0.4553 0.7322
0.4564 0.7266
0.4410 0.7240
0.4284 0.7289
0.4009 0.7262
0.3937 0.7219
0.3859 0.7213
0.3766 0.7175
0.3650 0.7175
0.3675 0.7129
0.3626 0.7093
0.3605 0.7042
0.3544 0.7012
0.3554 0.6979
0.3491 0.6963
0.3577 0.6881 
0.3612 0.6876
0.3661 0.6811
0.3629 0.6793
0.3621 0.6767
0.3652 0.6774
0.3661 0.6785
0.3671 0.6785
0.3731 0.6715
0.3836 0.6727
0.3997 0.6709
0.4104 0.6680
0.4011 0.6667
0.3892 0.6706
0.3766 0.6692
0.3717 0.6638
0.3740 0.6597
0.3808 0.6568
0.3797 0.6519
0.3825 0.6452
0.3864 0.6447
0.3864 0.6489
0.3894 0.6480
0.3950 0.6443
0.3932 0.6400
0.3972 0.6384
0.3981 0.6461
0.4055 0.6415
0.4072 0.6471
0.4006 0.6576
0.4081 0.6547
0.4142 0.6566
0.4130 0.6597
0.4090 0.6597
0.4063 0.6645
0.4137 0.6664
0.4244 0.6601
0.4233 0.6683
0.4168 0.6706
0.4002 0.6804
0.4067 0.6811
0.4186 0.6732
0.4221 0.6718
0.4265 0.6667
0.4329 0.6662
0.4284 0.6685
0.4238 0.6813
0.4175 0.6792
0.4118 0.6830
0.4055 0.6837 
0.4030 0.6860
0.4051 0.6888
0.4118 0.6855
0.3988 0.7000
0.3985 0.7073
0.4016 0.7100
0.4097 0.7044
0.4109 0.7003
0.4163 0.7005
0.4126 0.7035
0.4151 0.7047
0.4217 0.7000
0.4226 0.7024
0.4195 0.7056
0.4282 0.7024
0.4181 0.7122
0.4308 0.7166
0.4419 0.7175
0.4594 0.7154
0.4627 0.7178
0.4637 0.7219
0.4706 0.7254
0.4681 0.7296
ID MD
0.4909 0.7968
0.4926 0.8130
0.4903 0.8242
0.4658 0.8456
0.4875 0.8487
0.5071 0.8435
0.5147 0.8395
0.5117 0.8326
0.5190 0.8293
0.5197 0.8225
0.5271 0.8207
0.5280 0.8137
0.5110 0.8158
0.5084 0.8067
0.5019 0.7987
ID UA
0.4875 0.8487
0.5071 0.8435
0.5147 0.8395
0.5117 0.8326
0.5190 0.8293
0.5197 0.8225
0.5271 0.8207
0.5280 0.8137
0.5110 0.8158
0.5084 0.8067
0.5019 0.7987
0.4909 0.7968
0.5022 0.7929
0.5148 0.7980
0.5192 0.7917
0.5271 0.8022
0.5397 0.8085
0.5425 0.8143
0.5691 0.8151
0.5677 0.8143
0.5586 0.8141
0.5626 0.8122
0.5575 0.8106
0.5673 0.8094
0.5682 0.8067
0.5897 0.8067
0.5918 0.8041
0.5819 0.8013
0.5708 0.7957
0.5705 0.7940
0.5787 0.7938
0.5890 0.7889
0.5868 0.7808
0.5945 0.7772
0.6043 0.7800
0.6046 0.7831
0.6155 0.7835
0.6246 0.7896
0.6300 0.7866
0.6384 0.7878
0.6447 0.7948
0.6326 0.7959
0.6226 0.7940
0.6158 0.7950
0.6092 0.8074
0.6312 0.8171
0.6580 0.8216
0.6697 0.8242
0.6730 0.8339
0.6813 0.8384
0.6979 0.8377
0.7009 0.8501
0.6963 0.8522
0.7035 0.8554
0.6967 0.8584
0.7012 0.8605
0.7059 0.8634
0.7024 0.8697
0.6888 0.8727
0.6723 0.8767
0.6694 0.8745
0.6610 0.8783
0.6593 0.8851
0.6417 0.8914
0.6277 0.8823
0.6230 0.8871
0.6230 0.8928
0.6158 0.8976
0.6013 0.8984
0.6030 0.9095
0.5934 0.9173
0.5673 0.9177
0.5586 0.9124
0.5437 0.9130
0.5350 0.9039
0.5385 0.8972
0.5294 0.9016
0.5159 0.9009
0.5138 0.9046
0.5043 0.9036
0.4305 0.9095
0.4254 0.9051
0.4146 0.9047
0.4263 0.8920
0.4224 0.8893
0.4265 0.8862
0.4016 0.8696
0.4011 0.8629
0.3909 0.8508
0.4051 0.8433
0.4287 0.8409
0.4352 0.8349
0.4658 0.8456
ID SK
0.2590 0.8500
0.2652 0.8573
0.2971 0.8508
0.3019 0.8390
0.3117 0.8356
0.3280 0.8376
0.3297 0.8426
0.3388 0.8430
0.3397 0.8409
0.3421 0.8447
0.3481 0.8430
0.3556 0.8477
0.3593 0.8514
0.3738 0.8517
0.3789 0.8482
0.3880 0.8488
0.3909 0.8508
0.4011 0.8629
0.3752 0.8666
0.3678 0.8631
0.3596 0.8668
0.3551 0.8622
0.3475 0.8626
0.3479 0.8659
0.3454 0.8683
0.3337 0.8683
0.3262 0.8676
0.3101 0.8557
0.3038 0.8570
ID CZ
0.3337 0.8683
0.3262 0.8676
0.3101 0.8557
0.3038 0.8570
0.2971 0.8508
0.2652 0.8573
0.2590 0.8500
0.2443 0.8522
0.2213 0.8653
0.2147 0.8782
0.2604 0.9020
0.2690 0.8939
0.2725 0.8909
0.2908 0.8858
0.2887 0.8832
0.2950 0.8797
0.3001 0.8801
0.2980 0.8841
0.3117 0.8827
0.3136 0.8785
0.3285 0.8755
ID PL
0.2491 0.9437
0.2562 0.9310
0.2494 0.9236
0.2567 0.9189
0.2595 0.9098
0.2567 0.9041
0.2641 0.8969
0.2604 0.9020
0.2690 0.8939
0.2725 0.8909
0.2908 0.8858
0.2887 0.8832
0.2950 0.8797
0.3001 0.8801
0.2980 0.8841
0.3117 0.8827
0.3136 0.8785
0.3285 0.8755
0.3337 0.8683
0.3454 0.8683
0.3479 0.8659
0.3475 0.8626
0.3551 0.8622
0.3596 0.8668
0.3678 0.8631
0.3752 0.8666
0.4011 0.8629
0.4016 0.8696
0.4265 0.8862
0.4224 0.8893
0.4263 0.8920
0.4146 0.9047
0.4167 0.9133
0.4084 0.9172
0.4254 0.9250
0.4158 0.9446
0.4125 0.9497
0.4034 0.9527
0.3488 0.9543
0.3304 0.9534
0.3262 0.9600
0.2957 0.9585
0.2859 0.9518
ID RU
0.4034 0.9527
0.3488 0.9543
0.3514 0.9630
0.3734 0.9630
0.3754 0.9693
0.3892 0.9649
0.4007 0.9651
0.4039 0.9611
0.4000 0.9558
ID LT
0.3754 0.9693
0.3892 0.9649
0.4007 0.9651
0.4039 0.9611
0.4000 0.9558
0.4034 0.9527
0.4125 0.9497
0.4158 0.9446
0.4380 0.9459
0.4522 0.9513
0.4562 0.9620
0.4632 0.9663
0.4692 0.9655
0.4734 0.9690
0.4676 0.9704
0.4676 0.9763
0.4629 0.9763
0.4553 0.9838
0.4434 0.9854
0.4401 0.9893
0.4284 0.9859
0.3894 0.9873
ID LV
0.4676 0.9704
0.4676 0.9763
0.4629 0.9763
0.4553 0.9838
0.4434 0.9854
0.4401 0.9893
0.4284 0.9859
0.3894 0.9873
0.3713 0.9963
0.3771 0.9978
0.3762 1.0034
0.3832 1.0097
0.4007 1.0113
0.4020 1.0087
0.4104 1.0031
0.4121 0.9996
0.4287 1.0026
0.4312 1.0145
0.4448 1.0180
0.4655 1.0071
0.4809 1.0097
0.4900 1.0048
0.4854 0.9954
0.4959 0.9847
0.4851 0.9788
ID EE
0.4312 1.0145
0.4448 1.0180
0.4655 1.0071
0.4809 1.0097
0.4888 1.0138
0.4826 1.0215
0.4826 1.0301
0.4944 1.0416
0.4518 1.0447
0.4273 1.0412
0.4263 1.0369
0.4147 1.0376
0.4156 1.0267
0.4195 1.0209
0.4338 1.0222
ID EE
0.4090 1.0309
0.4037 1.0349
0.3894 1.0325
0.3962 1.0297
ID EE
0.4121 1.0272
0.3841 1.0250
0.3880 1.0201
0.4037 1.0204
ID BY
0.5586 0.9124
0.5437 0.9130
0.5350 0.9039
0.5385 0.8972
0.5294 0.9016
0.5159 0.9009
0.5138 0.9046
0.5043 0.9036
0.4305 0.9095
0.4254 0.9051
0.4146 0.9047
0.4167 0.9133
0.4084 0.9172
0.4254 0.9250
0.4158 0.9446
0.4380 0.9459
0.4522 0.9513
0.4562 0.9620
0.4632 0.9663
0.4692 0.9655
0.4734 0.9690
0.4676 0.9704
0.4676 0.9763
0.4851 0.9788
0.4959 0.9847
0.5176 0.9809
0.5159 0.9760
0.5250 0.9782
0.5341 0.9788
0.5439 0.9737
0.5460 0.9651
0.5413 0.9620
0.5411 0.9597
0.5493 0.9567
0.5717 0.9418
0.5768 0.9357
0.5677 0.9310
0.5525 0.9317
0.5493 0.9292
0.5546 0.9250
ID DK
0.1515 0.9596
0.1768 0.9594
0.1718 0.9742
0.1794 0.9775
0.1843 0.9844
0.1937 0.9847
0.1955 0.9908
0.1862 0.9905
0.1829 0.9978
0.1909 1.0048
0.1900 1.0101
0.1792 1.0096
0.1697 1.0022
0.1547 1.0005
0.1459 0.9959
0.1456 0.9742
0.1566 0.9704
ID DK
0.1776 0.9649
0.1913 0.9646
0.1892 0.9739
0.1741 0.9726
ID DK
0.1951 0.9771
0.2187 0.9832
0.2237 0.9744
0.2199 0.9724
0.2216 0.9683
0.2219 0.9630
0.2149 0.9581
0.2047 0.9569
0.1966 0.9593
0.1969 0.9619
0.2047 0.9613
0.2091 0.9651
0.2007 0.9674
ID GB
-0.1245 0.9654
-0.1388 0.9549
-0.1257 0.9485
-0.1222 0.9540
-0.1079 0.9476
-0.0916 0.9520
-0.1030 0.9666
ID GB
-0.0887 0.8759
-0.0715 0.8835
-0.0650 0.8808
-0.0575 0.8873
-0.0481 0.8890
-0.0385 0.8861
-0.0181 0.8867
0.0009 0.8893
0.0283 0.8972
0.0274 0.8989
0.0181 0.8995
0.0122 0.9018
0.0265 0.9100
0.0359 0.9190
0.0324 0.9246
0.0210 0.9284
0.0128 0.9293
0.0090 0.9258
0.0032 0.9275
0.0108 0.9325
0.0061 0.9546
-0.0181 0.9572
-0.0341 0.9800
-0.0432 0.9823
-0.0572 0.9809
-0.0394 0.9858
-0.0446 0.9885
-0.0274 1.0068
-0.0306 1.0106
-0.0548 1.0115
-0.0653 1.0112
-0.0706 1.0144
-0.0508 1.0226
-0.0513 1.0273
-0.0747 1.0264
-0.0869 1.0273
-0.0898 1.0173
-0.1000 1.0147
-0.0948 1.0039
-0.1035 1.0054
-0.1067 1.0121
-0.1155 1.0063
-0.1021 1.0004
-0.1021 0.9966
-0.1091 0.9928
-0.1053 0.9855
-0.0960 0.9887
-0.1079 0.9791
-0.1050 0.9745
-0.0980 0.9707
-0.0843 0.9724
-0.0890 0.9777
-0.0758 0.9727
-0.0863 0.9654
-0.0852 0.9602
-0.0554 0.9631
-0.0595 0.9555
-0.0510 0.9433
-0.0510 0.9351
-0.0732 0.9368
-0.0773 0.9255
-0.0674 0.9272
-0.0726 0.9176
-0.0916 0.9097
-0.0805 0.9056
-0.0592 0.9021
-0.0481 0.9042
-0.0502 0.8983
-0.0718 0.8963
-0.0849 0.8873
ID IE
-0.1245 0.9654
-0.1388 0.9549
-0.1257 0.9485
-0.1222 0.9540
-0.1079 0.9476
-0.1006 0.9284
-0.1088 0.9170
-0.1569 0.9027
-0.1794 0.9106
-0.1791 0.9153
-0.1654 0.9205
-0.1587 0.9330
-0.1759 0.9362
-0.1703 0.9447
-0.1732 0.9456
-0.1750 0.9508
-0.1642 0.9540
-0.1566 0.9517
ID SE
0.2295 0.9707
0.2549 0.9721
0.2540 0.9788
0.2573 0.9823
0.2841 0.9850
0.2960 1.0071
0.3001 1.0267
0.3264 1.0380
0.3357 1.0477
0.3343 1.0535
0.3077 1.0634
0.3106 1.0938
0.3605 1.1142
0.3821 1.1290
0.3768 1.1363
0.4016 1.1521
0.4101 1.1506
0.4302 1.1521
0.4188 1.1608
0.4241 1.1710
0.4174 1.1891
0.4075 1.1958
0.3885 1.2002
0.3675 1.2098
0.3459 1.1973
0.3179 1.1935
0.2567 1.1428
0.2503 1.1355
0.2354 1.1290
0.2278 1.0792
0.2257 1.0678
0.2013 1.0284
0.2272 0.9934
0.2237 0.9861
ID NO
0.2013 1.0284
0.2257 1.0678
0.2278 1.0792
0.2354 1.1290
0.2503 1.1355
0.2567 1.1428
0.3179 1.1935
0.3459 1.1973
0.3856 1.2128
0.3967 1.2049
0.4086 1.2025
0.4241 1.2052
0.4427 1.2014
0.4562 1.2081
0.4626 1.2233
0.4918 1.2273
0.5157 1.2212
0.5200 1.2180
0.5323 1.2203
0.5437 1.2177
0.5469 1.2218
0.5113 1.2265
0.5510 1.2300
0.4877 1.2451
0.4748 1.2410
0.4454 1.2291
0.4498 1.2349
0.4594 1.2442
0.3882 1.2323
0.3418 1.2291
0.2357 1.1941
0.2885 1.1985
0.2249 1.1562
0.1884 1.1279
0.1732 1.1200
0.1458 1.1168
0.1251 1.1042
0.0916 1.0897
0.0907 1.0579
0.0951 1.0386
0.1097 1.0401
0.0997 1.0316
0.1024 1.0249
0.1242 1.0165
0.1540 1.0229
0.1695 1.0319
0.1832 1.0348
0.1867 1.0480
0.1931 1.0386
ID FI
0.4302 1.1521
0.4188 1.1608
0.4241 1.1710
0.4174 1.1891
0.4075 1.1958
0.3885 1.2002
0.3675 1.2098
0.3856 1.2128
0.3967 1.2049
0.4086 1.2025
0.4241 1.2052
0.4427 1.2014
0.4562 1.2081
0.4626 1.2233
0.4918 1.2273
0.5157 1.2212
0.5200 1.2180
0.5323 1.2203
0.5437 1.2177
0.5469 1.2218
0.5040 1.1947
0.5297 1.1859
0.5130 1.1719
0.5314 1.1509
0.5250 1.1369
0.5294 1.1334
0.5396 1.1232
0.5273 1.1153
0.5568 1.1010
0.4865 1.0602
0.4118 1.0485
0.3800 1.0608
0.3730 1.0987
0.3789 1.1066
0.3952 1.1077
0.4358 1.1346
0.4492 1.1390
0.4445 1.1480
ID RU
0.6697 0.8242
0.6730 0.8339
0.6813 0.8384
0.6979 0.8377
0.7009 0.8501
0.6963 0.8522
0.7035 0.8554
0.6967 0.8584
0.7012 0.8605
0.7059 0.8634
0.7024 0.8697
0.6888 0.8727
0.6723 0.8767
0.6694 0.8745
0.6610 0.8783
0.6593 0.8851
0.6417 0.8914
0.6277 0.8823
0.6230 0.8871
0.6230 0.8928
0.6158 0.8976
0.6013 0.8984
0.6030 0.9095
0.5934 0.9173
0.5673 0.9177
0.5586 0.9124
0.5546 0.9250
0.5493 0.9292
0.5525 0.9317
0.5677 0.9310
0.5768 0.9357
0.5717 0.9418
0.5493 0.9567
0.5411 0.9597
0.5413 0.9620
0.5460 0.9651
0.5439 0.9737
0.5341 0.9788
0.5250 0.9782
0.5159 0.9760
0.5176 0.9809
0.4959 0.9847
0.4854 0.9954
0.4900 1.0048
0.4809 1.0097
0.4888 1.0138
0.4826 1.0215
0.4826 1.0301
0.4944 1.0416
0.4932 1.0480
0.5145 1.0497
0.5314 1.0485
0.5259 1.0535
0.5122 1.0538
0.5025 1.0625
0.5568 1.1010
0.5273 1.1153
0.5396 1.1232
0.5294 1.1334
0.5250 1.1369
0.5314 1.1509
0.5130 1.1719
0.5297 1.1859
0.5040 1.1947
0.5469 1.2218
0.5113 1.2265
0.5510 1.2300
0.5661 1.2262
0.5935 1.2165
0.6221 1.2125
0.7219 1.1880
0.7292 1.1766
0.7140 1.1652
0.6773 1.1567
0.6256 1.1632
0.5728 1.1745
0.5915 1.1629
0.6064 1.1600
0.6145 1.1506
0.6055 1.1463
0.6137 1.1325
0.6373 1.1258
0.6528 1.1191
0.6714 1.1223
0.6667 1.1279
0.6545 1.1276
0.6431 1.1375
0.6495 1.1419
0.6988 1.1317
0.7125 1.1355
0.6980 1.1483
0.7429 1.1652
0.7662 1.1600
0.7831 1.1705
0.7691 1.1778
0.7785 1.1958
0.7621 1.2020
0.8085 1.2002
0.8231 1.1877
0.7998 1.1856
0.7933 1.1783
0.8088 1.1710
0.8385 1.1728
0.8412 1.1842
0.9470 1.2078
0.9500 1.1985
0.9377 1.1938
1.0354 1.2081
1.0404 1.1996
1.0517 1.1982
1.0541 1.2023
1.0678 1.2057
1.0582 1.2183
1.0363 1.2265
1.0404 1.2340
1.0774 1.2215
1.1159 1.2212
1.2031 1.1967
1.2151 1.2046
1.1754 1.2197
1.1743 1.2478
1.2028 1.2545
1.2192 1.2778
1.2772 1.2740
1.2658 1.2521
1.2795 1.2402
1.2731 1.2081
1.2897 1.2002
1.2819 1.1862
1.2550 1.1670
1.2209 1.1722
1.2145 1.1667
1.2647 1.1603
1.2720 1.1667
1.2918 1.1719
1.3122 1.1917
1.3067 1.1973
1.3102 1.2028
1.3417 1.2072
1.3580 1.1944
1.3703 1.1950
1.3647 1.2060
1.3309 1.2125
1.2973 1.2090
1.2927 1.2250
1.3008 1.2372
1.2828 1.2495
1.2889 1.2585
1.3090 1.2635
1.3078 1.2763
1.3271 1.2717
1.3309 1.2661
1.3221 1.2486
1.3755 1.2451
1.3408 1.2515
1.3347 1.2571
1.3510 1.2603
1.3653 1.2574
1.3682 1.2606
1.3530 1.2655
1.3647 1.2717
1.4642 1.2574
1.4438 1.2641
1.4195 1.2685
1.4108 1.2862
1.5310 1.2935
1.4965 1.3058
1.6969 1.3361
1.7004 1.3291
1.7485 1.3338
1.7340 1.3399
1.7713 1.3402
1.7730 1.3469
1.8343 1.3600
1.8725 1.3560
1.8509 1.3490
1.8865 1.3466
1.8737 1.3396
1.8915 1.3388
1.8941 1.3422
1.9755 1.3422
1.9994 1.3268
1.9740 1.3105
1.8635 1.2816
1.9253 1.2883
1.9355 1.2962
1.9816 1.2933
1.9915 1.2862
2.0259 1.2912
2.0918 1.2871
2.0825 1.2819
2.2222 1.2661
2.2222 1.2848
2.2473 1.2862
2.2712 1.2728
2.2721 1.2635
2.2630 1.2536
2.2975 1.2393
2.3266 1.2571
2.3503 1.2489
2.4491 1.2515
2.4445 1.2673
2.4655 1.2758
2.6302 1.2609
2.6183 1.2553
2.6830 1.2378
2.7507 1.2431
2.8087 1.2320
2.8018 1.2203
2.9254 1.2148
2.9502 1.2247
2.9700 1.2215
2.9660 1.2157
2.9467 1.2171
2.9762 1.2028
2.9937 1.2069
2.9896 1.2250
3.0870 1.2224
3.0552 1.1798
3.0494 1.1626
3.0435 1.1734
2.9983 1.1699
2.9683 1.1559
2.9893 1.1436
3.0085 1.1445
3.0109 1.1250
3.0298 1.1226
3.0701 1.1360
3.0762 1.1439
3.0963 1.1474
3.1185 1.1430
3.1246 1.1573
3.1424 1.1524
3.1290 1.1474
3.1442 1.1360
3.1328 1.1311
3.1098 1.1305
3.1500 1.0952
3.1418 1.0891
3.0981 1.0935
2.9937 1.0576
2.9811 1.0468
2.9662 1.0573
2.9482 1.0608
2.9240 1.0535
2.9126 1.0453
2.9097 1.0564
2.8904 1.0456
2.8779 1.0500
2.8607 1.0450
2.8557 1.0319
2.8394 1.0170
2.8464 1.0106
2.8490 1.0130
2.8627 1.0103
2.8534 1.0030
2.8627 0.9823
2.8569 0.9785
2.8464 0.9835
2.8394 0.9791
2.8335 0.9657
2.8426 0.9575
2.8292 0.9526
2.8222 0.9552
2.8038 0.9473
2.7994 0.9348
2.7799 0.9252
2.7676 0.9036
2.7440 0.8910
2.7242 0.9675
2.7312 0.9937
2.7501 1.0019
2.7460 1.0092
2.7641 1.0156
2.7988 1.0345
2.8481 1.0625
2.8685 1.0658
2.8700 1.0768
2.8741 1.0894
2.8933 1.0935
2.8817 1.0978
2.8595 1.0932
2.8580 1.0771
2.8458 1.0777
2.8166 1.0617
2.8026 1.0652
2.8087 1.0815
2.7609 1.0806
2.7440 1.0719
2.7032 1.0433
2.7186 1.0383
2.7183 1.0357
2.6510 1.0287
2.6445 1.0345
2.6650 1.0360
2.6527 1.0436
2.6168 1.0456
2.6113 1.0369
2.5028 1.0383
2.4631 1.0121
2.3695 0.9610
2.3963 0.9567
2.3952 0.9441
2.4039 0.9450
2.4054 0.9517
2.4141 0.9526
2.4141 0.9467
2.4097 0.9403
2.4284 0.9514
2.4488 0.9520
2.4797 0.9348
2.4760 0.9088
2.4690 0.9047
2.4541 0.8473
2.4392 0.8371
2.4278 0.8237
2.3680 0.7621
2.3328 0.7499
2.3071 0.7586
2.2893 0.7432
2.2840 0.7493
2.2977 0.7548
2.2998 0.7729
2.2934 0.7863
2.3030 0.7895
2.3091 0.7951
2.3325 0.7892
2.3319 0.7974
2.3497 0.8292
2.3593 0.8377
2.3581 0.8479
2.3249 0.8417
2.3208 0.8362
2.2960 0.8371
2.2873 0.8578
2.2555 0.8692
2.2365 0.8724
2.2181 0.9129
2.2009 0.9293
2.1683 0.9383
2.1198 0.9333
2.1038 0.9225
2.1140 0.9205
2.1166 0.9132
2.0898 0.8838
2.0895 0.8773
2.0653 0.8686
2.0458 0.8735
2.0376 0.8753
2.0215 0.8744
2.0052 0.8808
1.9792 0.8698
1.9425 0.8595
1.9031 0.8627
1.8917 0.8703
1.8917 0.8756
1.8795 0.8767
1.8713 0.8826
1.8463 0.8858
1.8247 0.8785
1.7943 0.8855
1.7929 0.8986
1.7366 0.9117
1.7135 0.8928
1.7240 0.8838
1.7188 0.8759
1.7068 0.8715
1.6581 0.8770
1.6537 0.8867
1.6187 0.8913
1.5703 0.8753
1.5724 0.8709
1.5391 0.8619
1.5278 0.8622
1.5184 0.8724
1.5103 0.8668
1.4936 0.8706
1.4750 0.8881
1.4578 0.8940
1.4487 0.8899
1.4236 0.8928
1.4248 0.8969
1.4128 0.8977
1.4117 0.8934
1.4041 0.8899
1.3641 0.9377
1.3399 0.9482
1.3487 0.9552
1.3049 0.9383
1.2865 0.9380
1.2915 0.9476
1.2475 0.9497
1.2413 0.9701
1.2308 0.9657
1.2200 0.9707
1.0719 0.9473
1.0707 0.9389
1.0885 0.9304
1.0736 0.9304
1.0660 0.9228
1.0690 0.9173
1.0532 0.9109
1.0792 0.9001
1.0765 0.8910
1.0649 0.8887
1.0541 0.8937
1.0436 0.8864
1.0302 0.8922
1.0273 0.8951
1.0135 0.8957
1.0124 0.8928
1.0077 0.8910
1.0030 0.8960
0.9914 0.8960
0.9768 0.8864
0.9365 0.9033
0.9237 0.9018
0.9147 0.9077
0.9053 0.9015
0.8922 0.9062
0.8531 0.8881
0.8584 0.8779
0.8473 0.8744
0.8327 0.8838
0.8260 0.8622
0.8152 0.8490
0.8269 0.8464
0.8304 0.8383
0.8458 0.8362
0.8587 0.8210
0.8485 0.8184
0.8616 0.8129
0.8345 0.8000
0.8196 0.7808
0.8342 0.7703
0.8333 0.7569
0.8502 0.7353
0.8388 0.7230
0.8295 0.7251
0.8205 0.7365
0.8138 0.7341
0.8015 0.7400
0.8015 0.7452
0.7808 0.7519
0.7741 0.7475
0.7665 0.7473
0.7671 0.7510
0.7534 0.7577
0.7292 0.7586
0.7158 0.7662
0.7003 0.7621
0.6662 0.7840
0.6583 0.7831
0.6533 0.7878
0.6434 0.7919
0.6484 0.7971
0.6606 0.7957
0.6708 0.8100
0.6621 0.8181
0.6872 0.8280
0.6726 0.8263
ID MN
2.0376 0.8753
2.0215 0.8744
2.0052 0.8808
1.9792 0.8698
1.9425 0.8595
1.9031 0.8627
1.8917 0.8703
1.8917 0.8756
1.8795 0.8767
1.8713 0.8826
1.8463 0.8858
1.8247 0.8785
1.7943 0.8855
1.7929 0.8986
1.7366 0.9117
1.7135 0.8928
1.7240 0.8838
1.7188 0.8759
1.7068 0.8715
1.6581 0.8770
1.6537 0.8867
1.6187 0.8913
1.5703 0.8753
1.5724 0.8709
1.5391 0.8619
1.5563 0.8444
1.5878 0.8359
1.5948 0.8161
1.5916 0.7933
1.6368 0.7928
1.6745 0.7782
1.6893 0.7490
1.7745 0.7516
1.8439 0.7309
1.8827 0.7432
1.9314 0.7461
1.9492 0.7613
1.9653 0.7674
1.9545 0.7767
1.9650 0.7913
1.9935 0.7843
2.0294 0.7980
2.0469 0.8114
2.1003 0.8193
2.0831 0.8438
2.0352 0.8359
2.0309 0.8464
ID CN
2.2840 0.7493
2.2977 0.7548
2.2998 0.7729
2.2934 0.7863
2.3030 0.7895
2.3091 0.7951
2.3325 0.7892
2.3319 0.7974
2.3497 0.8292
2.3593 0.8377
2.3581 0.8479
2.3249 0.8417
2.3208 0.8362
2.2960 0.8371
2.2873 0.8578
2.2555 0.8692
2.2365 0.8724
2.2181 0.9129
2.2009 0.9293
2.1683 0.9383
2.1198 0.9333
2.1038 0.9225
2.1140 0.9205
2.1166 0.9132
2.0898 0.8838
2.0895 0.8773
2.0653 0.8686
2.0458 0.8735
2.0309 0.8464
2.0352 0.8359
2.0831 0.8438
2.1003 0.8193
2.0469 0.8114
2.0294 0.7980
1.9935 0.7843
1.9650 0.7913
1.9545 0.7767
1.9653 0.7674
1.9492 0.7613
1.9314 0.7461
1.8827 0.7432
1.8439 0.7309
1.7745 0.7516
1.6893 0.7490
1.6745 0.7782
1.6368 0.7928
1.5916 0.7933
1.5948 0.8161
1.5878 0.8359
1.5563 0.8444
1.5278 0.8622
1.5030 0.8496
1.4986 0.8272
1.4557 0.8292
1.4475 0.8009
1.4540 0.7983
1.4432 0.7933
1.4003 0.7907
1.4204 0.7577
1.4061 0.7449
1.3670 0.7210
1.3472 0.7210
1.3388 0.7122
1.3280 0.7088
1.3239 0.7169
1.3008 0.7070
1.2930 0.6930
1.3032 0.6773
1.3154 0.6778
1.3192 0.6539
1.3183 0.6504
1.3309 0.6440
1.3385 0.6367
1.3306 0.6335
1.3376 0.6280
1.3478 0.6315
1.3647 0.6242
1.3956 0.6329
1.4079 0.6248
1.3869 0.5935
1.3942 0.5778
1.3901 0.5702
1.3828 0.5655
1.3869 0.5527
1.4251 0.5320
1.4236 0.5346
1.4452 0.5268
1.5438 0.4900
1.5546 0.4964
1.5630 0.4941
1.5604 0.4853
1.5820 0.4979
1.6059 0.4935
1.6237 0.4903
1.6357 0.5028
1.6613 0.5151
1.6736 0.5110
1.6902 0.5186
1.6937 0.5005
1.7051 0.4996
1.7124 0.5052
1.7310 0.4812
1.7342 0.4629
1.7118 0.4352
1.7109 0.4203
1.7360 0.4282
1.7369 0.4101
1.7462 0.4072
1.7398 0.3917
1.7544 0.3873
1.7725 0.3847
1.7763 0.3751
1.7888 0.3736
1.7867 0.3853
1.7792 0.3935
1.7935 0.3970
1.8008 0.4022
1.8063 0.3940
1.8366 0.4045
1.8474 0.4162
1.8728 0.4010
1.8672 0.3943
1.8938 0.3809
1.9241 0.3786
1.9221 0.3620
1.9343 0.3614
1.9384 0.3730
1.9895 0.3905
1.9886 0.4075
1.9970 0.3952
2.0434 0.4051
2.1017 0.4483
2.1166 0.4885
2.1315 0.4970
2.1385 0.5279
2.1149 0.5288
2.1201 0.5367
2.1373 0.5448
2.1359 0.5585
2.1198 0.5720
2.1131 0.6029
2.0921 0.6134
2.1344 0.6463
2.1493 0.6449
2.1499 0.6568
2.1160 0.6618
2.0991 0.6533
2.0886 0.6542
2.0880 0.6627
2.0641 0.6732
2.0685 0.6866
2.0886 0.6883
2.0950 0.6980
2.1260 0.7158
2.1394 0.7146
2.1260 0.6968
2.1283 0.6778
2.1449 0.6915
2.1718 0.6991
2.2067 0.7158
2.2248 0.7344
2.2479 0.7260
2.2508 0.7397
2.2785 0.7534
ID CN
1.9431 0.3529
1.9165 0.3520
1.9058 0.3407
1.9072 0.3273
1.9370 0.3296
ID KP
2.1718 0.6991
2.2067 0.7158
2.2248 0.7344
2.2479 0.7260
2.2508 0.7397
2.2785 0.7534
2.2840 0.7493
2.2893 0.7432
2.2773 0.7271
2.2706 0.7158
2.2397 0.6956
2.2324 0.6880
2.2473 0.6773
2.2321 0.6726
2.2172 0.6606
2.1901 0.6676
2.1971 0.6924
ID KR
2.2473 0.6773
2.2321 0.6726
2.2172 0.6606
2.2137 0.6492
2.2161 0.6011
2.2671 0.6125
2.2668 0.6536
ID BT
1.6179 0.4748
1.5706 0.4699
1.5601 0.4754
1.5604 0.4853
1.5820 0.4979
1.6059 0.4935
ID NP
1.4251 0.5320
1.4236 0.5346
1.4452 0.5268
1.5438 0.4900
1.5420 0.4664
1.4831 0.4751
1.4858 0.4824
1.4735 0.4839
1.4554 0.4827
1.4041 0.5081
ID IN
1.3647 0.6242
1.3956 0.6329
1.4079 0.6248
1.3869 0.5935
1.3942 0.5778
1.3901 0.5702
1.3828 0.5655
1.3869 0.5527
1.4251 0.5320
1.4041 0.5081
1.4554 0.4827
1.4735 0.4839
1.4858 0.4824
1.4831 0.4751
1.5420 0.4664
1.5438 0.4900
1.5546 0.4964
1.5630 0.4941
1.5604 0.4853
1.5601 0.4754
1.5706 0.4699
1.6179 0.4748
1.6059 0.4935
1.6237 0.4903
1.6357 0.5028
1.6613 0.5151
1.6736 0.5110
1.6902 0.5186
1.6937 0.5005
1.7051 0.4996
1.7097 0.4915
1.7010 0.4812
1.6701 0.4675
1.6520 0.4212
1.6386 0.4250
1.6395 0.3967
1.6287 0.3923
1.6167 0.4197
1.6071 0.4054
1.5992 0.4247
1.6141 0.4276
1.6214 0.4451
1.5735 0.4486
1.5741 0.4585
1.5517 0.4661
1.5473 0.4570
1.5622 0.4471
1.5450 0.4349
1.5558 0.4261
1.5616 0.3800
1.5292 0.3844
1.5266 0.3605
1.5000 0.3500
1.4443 0.3019
1.4458 0.2905
1.4289 0.2908
1.4096 0.2768
1.4090 0.2357
1.4044 0.2106
1.4032 0.1826
1.3918 0.1838
1.3878 0.1654
1.3630 0.1441
1.3417 0.1709
1.3323 0.2036
1.3032 0.2575
1.2886 0.2937
1.2737 0.3535
1.2769 0.3663
1.2693 0.3798
1.2437 0.3631
1.2110 0.3929
1.2256 0.3964
1.2343 0.4040
1.2130 0.4002
1.1923 0.4156
1.2069 0.4296
1.2238 0.4279
1.2384 0.4311
1.2460 0.4299
1.2419 0.4530
1.2323 0.4556
1.2343 0.4690
1.2206 0.4728
1.2393 0.4944
1.2457 0.4865
1.2644 0.4915
1.2725 0.5072
1.2795 0.5125
1.3090 0.5510
1.3102 0.5594
1.3212 0.5667
1.3020 0.5825
1.2959 0.6020
1.3046 0.6145
1.3300 0.6058
1.3478 0.6099
ID BD
1.6287 0.3923
1.6167 0.4197
1.6071 0.4054
1.5992 0.4247
1.6141 0.4276
1.6214 0.4451
1.5735 0.4486
1.5741 0.4585
1.5517 0.4661
1.5473 0.4570
1.5622 0.4471
1.5450 0.4349
1.5558 0.4261
1.5616 0.3800
1.5794 0.3865
1.5907 0.3940
1.5896 0.4110
1.5978 0.3973
1.6033 0.3984
1.6097 0.3847
1.6196 0.3690
1.6237 0.3754
ID MM
1.7725 0.3847
1.7544 0.3873
1.7398 0.3917
1.7462 0.4072
1.7369 0.4101
1.7360 0.4282
1.7109 0.4203
1.7118 0.4352
1.7342 0.4629
1.7310 0.4812
1.7124 0.5052
1.7051 0.4996
1.7097 0.4915
1.7010 0.4812
1.6701 0.4675
1.6520 0.4212
1.6386 0.4250
1.6395 0.3967
1.6287 0.3923
1.6237 0.3754
1.6196 0.3690
1.6281 0.3570
1.6418 0.3509
1.6374 0.3377
1.6543 0.3246
1.6555 0.3112
1.6520 0.2844
1.6727 0.2777
1.6987 0.2934
1.6992 0.3036
1.7150 0.2733
1.7150 0.2613
1.7246 0.2345
1.7293 0.1928
1.7462 0.2129
1.7372 0.2365
1.7378 0.2468
1.7229 0.2619
1.7325 0.2914
1.7086 0.3296
1.7194 0.3485
1.7342 0.3503
1.7576 0.3625
ID TH
1.7293 0.1928
1.7462 0.2129
1.7372 0.2365
1.7378 0.2468
1.7229 0.2619
1.7325 0.2914
1.7086 0.3296
1.7194 0.3485
1.7342 0.3503
1.7576 0.3625
1.7628 0.3520
1.7631 0.3418
1.7789 0.3453
1.7792 0.3348
1.7692 0.3109
1.7900 0.3214
1.7987 0.3144
1.8162 0.3249
1.8250 0.3249
1.8390 0.3063
1.8390 0.2890
1.8495 0.2791
1.8512 0.2640
1.8477 0.2555
1.8066 0.2535
1.7967 0.2386
1.8019 0.2217
1.8022 0.2082
1.7867 0.2217
1.7678 0.2249
1.7692 0.2400
1.7555 0.2348
1.7544 0.2132
1.7398 0.1797
1.7520 0.1680
1.7587 0.1496
1.7678 0.1231
1.7809 0.1216
1.7946 0.1100
1.7862 0.1035
1.7730 0.0983
1.7728 0.1117
1.7593 0.1181
1.7544 0.1149
1.7319 0.1461
1.7270 0.1380
1.7235 0.1528
ID LA
1.7935 0.3970
1.7792 0.3935
1.7867 0.3853
1.7888 0.3736
1.7763 0.3751
1.7725 0.3847
1.7576 0.3625
1.7628 0.3520
1.7631 0.3418
1.7789 0.3453
1.7792 0.3348
1.7692 0.3109
1.7900 0.3214
1.7987 0.3144
1.8162 0.3249
1.8250 0.3249
1.8390 0.3063
1.8390 0.2890
1.8495 0.2791
1.8512 0.2640
1.8477 0.2555
1.8597 0.2453
1.8597 0.2537
1.8821 0.2587
1.8856 0.2689
1.8786 0.2774
1.8839 0.2823
1.8649 0.2925
1.8460 0.3232
1.8442 0.3316
1.8229 0.3404
1.8229 0.3506
1.8355 0.3439
1.8404 0.3558
1.8299 0.3590
1.8352 0.3625
1.8261 0.3695
1.8174 0.3660
1.8031 0.3730
1.8066 0.3818
1.7993 0.3832
ID VN
1.8821 0.2587
1.8856 0.2689
1.8786 0.2774
1.8839 0.2823
1.8649 0.2925
1.8460 0.3232
1.8442 0.3316
1.8229 0.3404
1.8229 0.3506
1.8355 0.3439
1.8404 0.3558
1.8299 0.3590
1.8352 0.3625
1.8261 0.3695
1.8174 0.3660
1.8031 0.3730
1.8066 0.3818
1.7993 0.3832
1.7935 0.3970
1.8008 0.4022
1.8063 0.3940
1.8366 0.4045
1.8474 0.4162
1.8728 0.4010
1.8672 0.3943
1.8938 0.3809
1.8582 0.3506
1.8547 0.3316
1.8670 0.3165
1.8719 0.3045
1.9095 0.2704
1.9162 0.2535
1.9139 0.2015
1.8815 0.1817
1.8731 0.1884
1.8664 0.1683
1.8410 0.1502
1.8410 0.1732
1.8343 0.1768
1.8311 0.1867
1.8530 0.1951
1.8614 0.1899
1.8547 0.2050
1.8646 0.2033
1.8646 0.2135
1.8853 0.2234
1.8853 0.2435
1.8786 0.2468
ID KH
1.8311 0.1867
1.8530 0.1951
1.8614 0.1899
1.8547 0.2050
1.8646 0.2033
1.8646 0.2135
1.8853 0.2234
1.8853 0.2435
1.8786 0.2468
1.8821 0.2587
1.8597 0.2537
1.8597 0.2453
1.8477 0.2555
1.8066 0.2535
1.7967 0.2386
1.8019 0.2217
1.8022 0.2082
1.8107 0.1916
1.8191 0.1867
ID MY
1.7946 0.1100
1.7862 0.1035
1.7730 0.0983
1.7728 0.1117
1.7593 0.1181
1.7544 0.1149
1.7596 0.0866
1.7780 0.0537
1.8165 0.0289
1.8232 0.0324
1.8296 0.0289
1.8247 0.0487
1.8147 0.0554
1.8130 0.0904
ID MY
1.9177 0.0356
1.9358 0.0187
1.9591 0.0201
1.9708 0.0300
2.0075 0.0280
2.0180 0.0510
2.0230 0.0595
2.0233 0.0726
2.0317 0.0758
2.0673 0.0770
2.0810 0.0785
2.0708 0.0852
2.0898 0.0948
2.0679 0.1053
2.0609 0.1035
2.0612 0.1152
2.0548 0.1269
2.0201 0.0875
2.0201 0.0811
2.0081 0.0744
2.0000 0.0863
2.0163 0.0837
2.0061 0.0718
1.9965 0.0747
1.9810 0.0615
1.9510 0.0534
1.9393 0.0321
ID BN
2.0000 0.0863
2.0163 0.0837
2.0061 0.0718
1.9965 0.0747
ID HK
2.0058 0.3914
2.0017 0.3844
2.0003 0.3879
ID MO
1.9895 0.3879
1.9871 0.3827
1.9819 0.3847
ID LK
1.4093 0.1776
1.4023 0.1709
1.3985 0.1476
1.4067 0.1044
1.4356 0.1120
1.4300 0.1467
ID TW
2.1263 0.4474
2.1029 0.4092
2.1155 0.3897
2.1306 0.4086
2.1303 0.4191
ID MV
1.2927 0.0656
1.2868 0.0618
1.2930 0.0604
ID MV
1.2895 0.0455
ID PH
2.1452 0.3235
2.1131 0.3293
2.1096 0.2867
2.0971 0.2870
2.1009 0.2648
2.1120 0.2444
2.1274 0.2392
2.1295 0.2424
2.1467 0.2336
2.1852 0.1975
2.1878 0.1858
2.1858 0.1808
2.1927 0.1773
2.1922 0.1975
2.2050 0.1986
2.1974 0.2173
2.1796 0.2228
2.1761 0.2430
2.1370 0.2505
2.1280 0.2695
2.1324 0.2812
2.1379 0.2809
2.1487 0.3013
2.1385 0.3083
ID PH
2.1079 0.2362
2.1225 0.2173
2.1303 0.2290
ID PH
2.1397 0.2085
2.1367 0.1870
2.1589 0.2048
ID PH
2.1650 0.1913
2.1569 0.1732
2.1618 0.1630
2.1545 0.1616
2.1461 0.1686
2.1435 0.1803
2.1522 0.1800
ID PH
2.1338 0.1254
2.1405 0.1205
2.1481 0.1336
2.1758 0.1278
2.1720 0.1213
2.1718 0.1097
2.1977 0.1006
2.2053 0.1123
2.1965 0.1172
2.2062 0.1289
2.2181 0.1202
2.2190 0.1383
2.2114 0.1636
2.1995 0.1706
2.2006 0.1622
2.1715 0.1479
2.1683 0.1531
2.1429 0.1368
ID PH
2.0501 0.1485
2.0536 0.1467
2.1000 0.1803
2.0933 0.1910
ID ID
1.8311 -0.0977
1.8544 -0.0960
1.8611 -0.0490
1.8710 -0.0490
1.8728 -0.0423
1.8600 -0.0373
1.8611 -0.0257
1.8480 -0.0207
1.8445 -0.0289
1.8544 -0.0341
1.8530 -0.0391
1.8381 -0.0373
1.8381 -0.0306
1.8331 -0.0122
1.8183 -0.0108
1.8130 -0.0041
1.8215 0.0073
1.7748 0.0487
1.7631 0.0435
1.7159 0.0930
1.6855 0.0977
1.6736 0.1024
1.6704 0.0957
1.6943 0.0677
1.7299 0.0300
1.7398 0.0102
1.7681 -0.0359
ID ID
1.9177 0.0356
1.9358 0.0187
1.9591 0.0201
1.9708 0.0300
2.0075 0.0280
2.0180 0.0510
2.0230 0.0595
2.0233 0.0726
2.0317 0.0758
2.0673 0.0770
2.0586 0.0572
2.0703 0.0420
2.0633 0.0373
2.0854 0.0219
2.0633 0.0172
2.0583 -0.0122
2.0414 -0.0271
2.0350 -0.0671
2.0081 -0.0683
2.0078 -0.0566
1.9810 -0.0496
1.9609 -0.0595
1.9559 -0.0461
1.9326 -0.0493
1.9276 -0.0192
1.9177 -0.0192
1.9093 0.0140
ID ID
2.1962 0.0277
2.1927 0.0330
2.1697 0.0201
2.1195 0.0262
2.1023 0.0166
2.0956 -0.0047
2.0872 -0.0233
2.0805 -0.0461
2.0822 -0.0595
2.0927 -0.0580
2.0915 -0.0948
2.1088 -0.0951
2.1079 -0.0481
2.1216 -0.0435
2.1184 -0.0566
2.1289 -0.0685
2.1306 -0.0787
2.1464 -0.0808
2.1484 -0.0942
2.1589 -0.0895
2.1583 -0.0659
2.1443 -0.0624
2.1475 -0.0522
2.1283 -0.0335
2.1592 -0.0160
2.1610 -0.0058
2.1298 -0.0102
2.1248 -0.0169
2.1143 -0.0198
2.1058 -0.0064
2.1111 0.0099
2.1750 0.0102
ID ID
2.2088 -0.0522
2.2216 -0.0659
2.2304 -0.0595
2.2248 -0.0493
ID ID
2.2426 -0.0446
2.2429 -0.0580
2.2753 -0.0575
2.2940 -0.0680
2.2899 -0.0510
ID ID
2.2350 0.0085
2.2528 0.0096
2.2531 0.0298
2.2441 0.0265
2.2423 0.0350
2.2549 0.0379
2.2552 0.0496
2.2333 0.0335
ID ID
2.4722 -0.0239
2.4675 -0.1522
2.4500 -0.1400
2.4124 -0.1450
2.4168 -0.1280
2.4299 -0.1184
2.4162 -0.0892
2.3400 -0.0580
2.3386 -0.0712
2.3252 -0.0642
2.3135 -0.0452
2.3432 -0.0397
2.3432 -0.0365
2.3135 -0.0370
2.3077 -0.0233
2.2948 -0.0230
2.2838 -0.0093
2.3129 -0.0003
2.3503 -0.0082
2.3546 -0.0385
2.3680 -0.0522
2.3797 -0.0528
2.4138 -0.0190
2.4477 -0.0356
ID ID
1.8579 -0.1027
1.8530 -0.1146
1.8880 -0.1347
1.9197 -0.1333
1.9501 -0.1470
2.0195 -0.1496
2.0262 -0.1412
2.0075 -0.1374
2.0055 -0.1307
1.9787 -0.1304
1.9784 -0.1237
2.0020 -0.1187
1.9413 -0.1097
1.9381 -0.1164
1.9046 -0.1164
1.8979 -0.1044
ID ID
2.0364 -0.1429
2.0297 -0.1496
2.1228 -0.1528
2.1892 -0.1458
2.1925 -0.1409
ID ID
2.1149 -0.1715
2.1047 -0.1765
2.0816 -0.1657
2.1041 -0.1610
ID ID
2.1621 -0.1706
2.1834 -0.1730
2.2321 -0.1453
2.1927 -0.1458
ID JP
2.4935 0.9508
2.4975 0.9368
2.4879 0.9345
2.4835 0.9027
2.4970 0.8928
2.4903 0.8887
2.4850 0.8523
2.4903 0.8059
2.4926 0.8056
2.5013 0.8196
2.5124 0.8146
2.5159 0.8094
2.5191 0.8207
2.5010 0.8365
2.5089 0.8625
2.5311 0.8578
2.5075 0.9085
2.5527 0.9293
2.5078 0.9491
ID JP
2.4812 0.7986
2.4789 0.7583
2.4625 0.7589
2.4480 0.7437
2.4538 0.7260
2.4713 0.7341
2.4637 0.7417
2.4669 0.7464
2.4727 0.7405
2.4862 0.7490
2.5107 0.7353
2.5541 0.7572
2.5480 0.7770
2.5302 0.7732
2.5063 0.7834
2.4949 0.7951
ID JP
2.4786 0.7245
2.4553 0.7207
2.4515 0.6875
2.3739 0.6271
2.3263 0.6233
2.2686 0.5892
2.2838 0.5527
2.3010 0.5504
2.3158 0.5758
2.4526 0.6137
2.4690 0.6250
2.4625 0.6382
2.4908 0.6974
ID KZ
1.4061 0.7449
1.4204 0.7577
1.4003 0.7907
1.4432 0.7933
1.4540 0.7983
1.4475 0.8009
1.4557 0.8292
1.4986 0.8272
1.5030 0.8496
1.5278 0.8622
1.5184 0.8724
1.5103 0.8668
1.4936 0.8706
1.4750 0.8881
1.4578 0.8940
1.4487 0.8899
1.4236 0.8928
1.4248 0.8969
1.4128 0.8977
1.4117 0.8934
1.4041 0.8899
1.3641 0.9377
1.3399 0.9482
1.3487 0.9552
1.3049 0.9383
1.2865 0.9380
1.2915 0.9476
1.2475 0.9497
1.2413 0.9701
1.2308 0.9657
1.2200 0.9707
1.0719 0.9473
1.0707 0.9389
1.0885 0.9304
1.0736 0.9304
1.0660 0.9228
1.0690 0.9173
1.0532 0.9109
1.0792 0.9001
1.0765 0.8910
1.0649 0.8887
1.0541 0.8937
1.0436 0.8864
1.0302 0.8922
1.0273 0.8951
1.0135 0.8957
1.0124 0.8928
1.0077 0.8910
1.0030 0.8960
0.9914 0.8960
0.9768 0.8864
0.9365 0.9033
0.9237 0.9018
0.9147 0.9077
0.9053 0.9015
0.8922 0.9062
0.8531 0.8881
0.8584 0.8779
0.8473 0.8744
0.8327 0.8838
0.8260 0.8622
0.8152 0.8490
0.8269 0.8464
0.8304 0.8383
0.8458 0.8362
0.8587 0.8210
0.8485 0.8184
0.8616 0.8129
0.9010 0.8272
0.9313 0.8234
0.9295 0.8003
0.9039 0.7957
0.8855 0.7788
0.8814 0.7750
0.8957 0.7741
0.9053 0.7572
0.9319 0.7481
0.9211 0.7426
0.9246 0.7341
0.9351 0.7397
0.9596 0.7440
0.9745 0.7257
0.9879 0.7262
0.9855 0.7901
1.0296 0.8015
1.0905 0.7633
1.1413 0.7659
1.1655 0.7548
1.1614 0.7359
1.1708 0.7373
1.1757 0.7198
1.1915 0.7228
1.1929 0.7158
1.2040 0.7152
1.2434 0.7405
1.2507 0.7557
1.2857 0.7464
1.3032 0.7624
1.3291 0.7531
1.3883 0.7525
1.3930 0.7449
ID KG
1.2434 0.7405
1.2507 0.7557
1.2857 0.7464
1.3032 0.7624
1.3291 0.7531
1.3883 0.7525
1.3930 0.7449
1.4061 0.7449
1.3670 0.7210
1.3472 0.7210
1.3388 0.7122
1.3280 0.7088
1.3239 0.7169
1.3008 0.7070
1.2930 0.6930
1.2189 0.6942
1.2247 0.7055
1.2375 0.7015
1.2425 0.7064
1.2825 0.7190
1.2574 0.7295
1.2539 0.7210
1.2320 0.7257
ID TJ
1.3192 0.6539
1.3154 0.6778
1.3032 0.6773
1.2930 0.6930
1.2189 0.6942
1.2247 0.7055
1.2375 0.7015
1.2425 0.7064
1.2320 0.7105
1.2413 0.7131
1.2332 0.7190
1.2148 0.7131
1.2034 0.6930
1.1842 0.6956
1.1815 0.6889
1.1938 0.6834
1.1988 0.6679
1.1885 0.6530
1.1944 0.6478
1.2335 0.6574
1.2282 0.6662
1.2448 0.6773
1.2559 0.6662
1.2533 0.6478
1.2845 0.6571
ID UZ
0.9879 0.7262
0.9855 0.7901
1.0296 0.8015
1.0905 0.7633
1.1413 0.7659
1.1655 0.7548
1.1614 0.7359
1.1708 0.7373
1.1757 0.7198
1.1915 0.7228
1.1929 0.7158
1.2040 0.7152
1.2434 0.7405
1.2320 0.7257
1.2539 0.7210
1.2574 0.7295
1.2825 0.7190
1.2425 0.7064
1.2320 0.7105
1.2413 0.7131
1.2332 0.7190
1.2148 0.7131
1.2034 0.6930
1.1842 0.6956
1.1815 0.6889
1.1938 0.6834
1.1988 0.6679
1.1885 0.6530
1.1678 0.6557
1.1687 0.6673
1.0938 0.7064
1.0853 0.7254
1.0588 0.7289
1.0564 0.7408
1.0293 0.7510
1.0007 0.7333
1.0057 0.7230
ID TM
1.1678 0.6557
1.1687 0.6673
1.0938 0.7064
1.0853 0.7254
1.0588 0.7289
1.0564 0.7408
1.0293 0.7510
1.0007 0.7333
1.0057 0.7230
0.9211 0.7426
0.9246 0.7341
0.9351 0.7397
0.9596 0.7440
0.9745 0.7257
0.9879 0.7262
0.9327 0.7225
0.9357 0.7347
0.9491 0.7350
0.9497 0.7300
0.9642 0.7187
0.9310 0.7172
0.9307 0.7017
0.9441 0.6988
0.9482 0.6568
0.9648 0.6592
0.9663 0.6676
1.0103 0.6705
1.0465 0.6592
1.0736 0.6440
1.0798 0.6256
1.0917 0.6186
1.1124 0.6303
1.1314 0.6364
1.1340 0.6516
1.1515 0.6595
1.1614 0.6525
ID AF
1.0798 0.6256
1.0917 0.6186
1.1124 0.6303
1.1314 0.6364
1.1340 0.6516
1.1515 0.6595
1.1614 0.6525
1.1885 0.6530
1.1944 0.6478
1.2335 0.6574
1.2282 0.6662
1.2448 0.6773
1.2559 0.6662
1.2533 0.6478
1.2845 0.6571
1.3192 0.6539
1.3183 0.6504
1.2737 0.6428
1.2536 0.6341
1.2617 0.6183
1.2478 0.6075
1.2510 0.5991
1.2384 0.5965
1.2265 0.5988
1.2349 0.5851
1.2250 0.5857
1.2101 0.5565
1.1967 0.5588
1.1643 0.5469
1.1652 0.5285
1.0978 0.5154
1.0713 0.5238
1.0868 0.5504
1.0692 0.5553
1.0634 0.5970
ID PK
1.1923 0.4156
1.2069 0.4296
1.2238 0.4279
1.2384 0.4311
1.2460 0.4299
1.2419 0.4530
1.2323 0.4556
1.2343 0.4690
1.2206 0.4728
1.2393 0.4944
1.2457 0.4865
1.2644 0.4915
1.2725 0.5072
1.2795 0.5125
1.3090 0.5510
1.3102 0.5594
1.3212 0.5667
1.3020 0.5825
1.2959 0.6020
1.3046 0.6145
1.3300 0.6058
1.3478 0.6099
1.3647 0.6242
1.3478 0.6315
1.3376 0.6280
1.3306 0.6335
1.3385 0.6367
1.3309 0.6440
1.3183 0.6504
1.2737 0.6428
1.2536 0.6341
1.2617 0.6183
1.2478 0.6075
1.2510 0.5991
1.2384 0.5965
1.2265 0.5988
1.2349 0.5851
1.2250 0.5857
1.2101 0.5565
1.1967 0.5588
1.1643 0.5469
1.1652 0.5285
1.0978 0.5154
1.0713 0.5238
1.0824 0.5040
1.0993 0.4988
1.1007 0.4804
1.1101 0.4786
1.1045 0.4705
1.0859 0.4640
1.0800 0.4442
1.1667 0.4471
1.1818 0.4232

ID IR
0.9482 0.6568
0.9648 0.6592
0.9663 0.6676
1.0103 0.6705
1.0465 0.6592
1.0736 0.6440
1.0798 0.6256
1.0634 0.5970
1.0692 0.5553
1.0868 0.5504
1.0713 0.5238
1.0824 0.5040
1.0993 0.4988
1.1007 0.4804
1.1101 0.4786
1.1045 0.4705
1.0859 0.4640
1.0800 0.4442
1.0025 0.4568
1.0022 0.4684
0.9925 0.4763
0.9669 0.4673
0.9053 0.4874
0.8910 0.5180
0.8642 0.5308
0.8531 0.5268
0.8371 0.5437
0.8426 0.5609
0.8353 0.5702
0.8108 0.5816
0.7974 0.6005
0.8105 0.6186
0.8129 0.6288
0.7951 0.6341
0.7884 0.6554
0.7752 0.6933
0.7875 0.6983
0.7971 0.6854
0.8126 0.6851
0.8237 0.6860
0.8502 0.6968
0.8511 0.6799
0.8604 0.6755
0.8695 0.6592
0.8829 0.6548
0.9097 0.6414
0.9511 0.6452
ID AZ
0.7875 0.6983
0.7971 0.6854
0.8126 0.6851
0.8041 0.6948
ID AZ
0.8237 0.6860
0.8502 0.6968
0.8511 0.6799
0.8604 0.6755
0.8712 0.6898
0.8712 0.7035
0.8840 0.7061
0.8829 0.7128
0.8735 0.7155
0.8502 0.7353
0.8388 0.7230
0.8295 0.7251
0.8205 0.7365
0.8138 0.7341
0.8161 0.7318
0.8245 0.7239
0.8187 0.7201
0.8030 0.7289
0.7898 0.7260
0.8123 0.7073
ID AM
0.7898 0.7260
0.8123 0.7073
0.8237 0.6860
0.8126 0.6851
0.8041 0.6948
0.7811 0.7061
0.7656 0.7029
0.7680 0.7222
ID GE
0.7898 0.7260
0.8030 0.7289
0.8187 0.7201
0.8245 0.7239
0.8161 0.7318
0.8138 0.7341
0.8015 0.7400
0.8015 0.7452
0.7808 0.7519
0.7741 0.7475
0.7665 0.7473
0.7671 0.7510
0.7534 0.7577
0.7292 0.7586
0.7158 0.7662
0.7003 0.7621
0.7108 0.7542
0.7321 0.7478
0.7312 0.7286
ID TR
0.7312 0.7286
0.7680 0.7222
0.7656 0.7029
0.7811 0.7061
0.7875 0.6983
0.7752 0.6933
0.7884 0.6554
0.7510 0.6565
0.6921 0.6458
0.6740 0.6466
0.6487 0.6481
0.6405 0.6315
0.6309 0.6332
0.6320 0.6370
0.6373 0.6414
0.6355 0.6460
0.6227 0.6440
0.6113 0.6440
0.5979 0.6364
0.5720 0.6320
0.5679 0.6417
0.5448 0.6460
0.5396 0.6364
0.5168 0.6338
0.4833 0.6478
0.4594 0.7155
0.4626 0.7178
0.4638 0.7219
0.4705 0.7254
0.4681 0.7295
0.4600 0.7312
0.4658 0.7376
0.4710 0.7388
0.4810 0.7350
0.4885 0.7373
0.5011 0.7298
0.5495 0.7210
0.5743 0.7324
0.6201 0.7417
0.6700 0.7207
ID SY
0.6921 0.6458
0.6740 0.6466
0.6487 0.6481
0.6405 0.6315
0.6309 0.6332
0.6338 0.6113
0.6437 0.6078
0.6420 0.5991
0.6291 0.5833
0.6271 0.5760
0.6516 0.5664
0.6845 0.5868
0.7254 0.6023
0.7289 0.6402
0.7385 0.6449
ID LB
0.6338 0.6113
0.6437 0.6078
0.6420 0.5991
0.6291 0.5833
0.6177 0.5673
ID IL
0.6177 0.5673
0.6007 0.5499
0.6126 0.5185
0.6291 0.5833
0.6271 0.5760
ID JO
0.6271 0.5760
0.6516 0.5664
0.6845 0.5868
0.6901 0.5655
0.6530 0.5530
0.6702 0.5355
0.6633 0.5294
0.6472 0.5268
0.6341 0.5127
ID IQ
0.8531 0.5268
0.8371 0.5437
0.8426 0.5609
0.8353 0.5702
0.8108 0.5816
0.7974 0.6005
0.8105 0.6186
0.8129 0.6288
0.7951 0.6341
0.7884 0.6554
0.7510 0.6565
0.7385 0.6449
0.7289 0.6402
0.7254 0.6023
0.6845 0.5868
0.6901 0.5655
0.7589 0.5425
0.7586 0.5340
0.7706 0.5355
0.7691 0.5200
0.7875 0.5171
0.7986 0.5218
0.8173 0.5168
0.8289 0.5314
0.8458 0.5227
ID KW
0.7875 0.5171
0.7986 0.5218
0.8173 0.5168
0.8289 0.5314
0.8458 0.5227
0.8447 0.5160
0.8540 0.5034
0.8388 0.5005
0.8374 0.5122
0.8033 0.5037
ID SA
0.8540 0.5034
0.8388 0.5005
0.8374 0.5122
0.8033 0.5037
0.7875 0.5171
0.7691 0.5200
0.7706 0.5355
0.7586 0.5340
0.7589 0.5425
0.6901 0.5655
0.6530 0.5530
0.6702 0.5355
0.6633 0.5294
0.6472 0.5268
0.6341 0.5127
0.6119 0.4938
0.6551 0.4486
0.6595 0.4276
0.6787 0.4188
0.6860 0.3762
0.7000 0.3582
0.7181 0.3509
0.7309 0.3205
0.7508 0.2896
0.7630 0.2963
0.7583 0.3042
0.7648 0.3135
0.8152 0.2957
0.8129 0.2768
0.8575 0.3252
0.9138 0.3363
0.9645 0.3523
0.9777 0.3862
0.9698 0.4042
0.9645 0.3990
0.9132 0.4080
0.9088 0.4212
0.8945 0.4366
0.8826 0.4675
0.8619 0.4842
ID YE
0.7508 0.2896
0.7630 0.2963
0.7583 0.3042
0.7648 0.3135
0.8152 0.2957
0.8129 0.2768
0.8575 0.3252
0.9138 0.3363
0.9354 0.2923
0.9199 0.2861
0.9202 0.2762
0.8671 0.2584
0.8572 0.2473
0.8033 0.2365
0.8000 0.2310
0.7706 0.2240
0.7613 0.2316
0.7525 0.2727
ID OM
0.9354 0.2923
0.9138 0.3363
0.9645 0.3523
0.9777 0.3862
0.9698 0.4042
0.9812 0.4395
0.9923 0.4398
1.0054 0.4238
1.0255 0.4191
1.0491 0.3961
1.0319 0.3611
1.0246 0.3625
1.0176 0.3541
1.0179 0.3340
0.9972 0.3302
0.9958 0.3168
0.9765 0.3162
0.9715 0.3007
0.9491 0.2998
ID AE
0.9088 0.4212
0.9132 0.4080
0.9645 0.3990
0.9698 0.4042
0.9812 0.4395
0.9923 0.4398
1.0264 0.4632
0.9558 0.4302
0.9158 0.4247
ID QA
0.9088 0.4212
0.8945 0.4366
0.9059 0.4358
0.9083 0.4527
0.8948 0.4568
ID BH
0.8913 0.4530
0.8928 0.4600
0.8867 0.4643
0.8875 0.4544
ID CY
0.6084 0.6262
0.5711 0.6163
0.5714 0.6093
0.5970 0.6140
ID GR
0.4215 0.6291
0.4133 0.6166
0.4392 0.6105
0.4661 0.6110
0.4649 0.6195
ID FR
0.1747 0.7548
0.1517 0.7490
0.1572 0.7283
0.1712 0.7309
ID IT
0.1674 0.7230
0.1482 0.7160
0.1508 0.6845
0.1569 0.6822
0.1750 0.6854
0.1773 0.7070
ID MT
0.2616 0.6323
0.2616 0.6271
0.2555 0.6271
0.2514 0.6306
ID RU
1.0200 1.2393
0.9543 1.2393
0.9056 1.2565
0.9004 1.2667
0.9316 1.2717
1.0375 1.3347
1.0798 1.3414
1.1220 1.3376
1.1775 1.3501
1.2218 1.3490
1.1990 1.3358
1.0783 1.3175
0.9870 1.2734
0.9858 1.2559
ID RU
1.7488 1.3630
1.8495 1.3665
1.8789 1.3746
1.8112 1.3878
ID RU
1.7334 1.3805
1.7587 1.3787
1.7681 1.3994
1.7532 1.4015
1.7366 1.4058
1.7541 1.4122
1.7025 1.4207
1.6543 1.4158
1.6255 1.3988
ID RU
0.4640 1.4073
0.2943 1.4102
0.2937 1.4035
0.2450 1.4032
0.1779 1.4009
0.1636 1.3784
0.2176 1.3694
0.2532 1.3457
0.2969 1.3443
0.3264 1.3813
0.3453 1.3606
0.4034 1.3665
0.3200 1.3915
0.4104 1.3901
ID RU
2.4590 1.3003
2.4713 1.2874
2.5086 1.2793
2.5226 1.2848
2.4897 1.3005
ID RU
2.4404 1.3081
2.5512 1.3137
2.5454 1.3172
2.6113 1.3061
2.6378 1.3061
2.6559 1.3157
2.4383 1.3332
2.4100 1.3157
2.4170 1.3140
ID RU
3.1418 1.2352
3.0800 1.2419
3.1092 1.2542
3.1480 1.2466
ID IS
-0.3270 1.1150
-0.2485 1.1346
-0.2290 1.1480
-0.2742 1.1678
-0.3526 1.1603
-0.3681 1.1573
-0.3917 1.1678
-0.4273 1.1527
-0.3818 1.1506
-0.4130 1.1392
-0.3885 1.1366
-0.3821 1.1296
-0.3973 1.1241
ID GL
-0.7825 1.0535
-0.7505 1.0582
-0.6918 1.1518
-0.6516 1.1524
-0.5585 1.1970
-0.5393 1.1947
-0.4489 1.2069
-0.3643 1.2387
-0.3838 1.2647
-0.3022 1.3175
-0.3156 1.3624
-0.3576 1.3749
-0.1943 1.4359
-0.3526 1.4423
-0.5028 1.4685
-1.1888 1.4108
-1.1640 1.4035
-1.1582 1.3863
-1.2746 1.3799
-1.2224 1.3367
-1.0765 1.3402
-0.9815 1.2559
-0.9447 1.2536
-0.9654 1.2282
-0.9357 1.2168
-0.9030 1.2233
-0.8983 1.2092
-0.9293 1.2081
-0.9433 1.1626
-0.8616 1.0800
-0.8181 1.0684
ID PG
2.4722 -0.0414
2.4675 -0.1522
2.5124 -0.1575
2.5232 -0.1339
2.5617 -0.1406
2.5915 -0.1770
2.6405 -0.1878
2.6454 -0.1776
2.6186 -0.1555
2.6052 -0.1552
2.5967 -0.1415
2.5804 -0.1187
2.5920 -0.1190
2.5920 -0.1103
2.5570 -0.0939
2.5538 -0.0817
2.5422 -0.0709
ID RE
0.9736 -0.3754
0.9806 -0.3713
0.9777 -0.3631
0.9666 -0.3643
ID MU
1.0016 -0.3605
1.0144 -0.3573
1.0130 -0.3459
ID SC
0.9651 -0.0834
0.9739 -0.0808
0.9669 -0.0782
ID KM
0.7892 -0.2272
0.7942 -0.2237
0.7907 -0.2205
ID KM
0.7822 -0.2158
0.7735 -0.2144
0.7820 -0.2109
0.7650 -0.2065
0.7598 -0.1998
0.7563 -0.2033
ID AR
-1.1894 -0.9602
-1.1885 -0.9138
-1.2445 -0.9059
-1.2617 -0.8998
-1.2536 -0.8823
-1.2714 -0.8846
-1.2731 -0.8584
-1.2571 -0.8455
-1.2367 -0.7773
-1.2498 -0.7732
-1.2472 -0.6834
-1.2332 -0.6737
-1.2390 -0.6455
-1.2276 -0.6271
-1.2113 -0.5819
-1.2259 -0.5530
-1.2160 -0.5011
-1.1894 -0.4693
-1.1917 -0.4314
-1.1734 -0.4206
-1.1705 -0.3958
-1.1541 -0.3824
-1.1270 -0.3870
-1.1206 -0.3990
-1.1121 -0.3838
-1.0920 -0.3850
-1.0649 -0.4133
-1.0468 -0.4171
-1.0025 -0.4457
-1.0226 -0.4722
-0.9800 -0.4818
-0.9552 -0.4638
-0.9511 -0.4483
-0.9380 -0.4468
-0.9327 -0.4538
-0.9348 -0.4678
-0.9672 -0.4894
-1.0030 -0.5291
-1.0173 -0.5655
-1.0135 -0.5965
-0.9946 -0.6177
-0.9995 -0.6294
-0.9835 -0.6370
-0.9864 -0.6501
-0.9981 -0.6647
-1.0418 -0.6784
-1.0833 -0.6816
-1.0833 -0.7117
-1.1334 -0.7163
-1.1305 -0.7350
-1.1077 -0.7362
-1.1107 -0.7508
-1.1317 -0.7618
-1.1413 -0.7843
-1.1591 -0.7872
-1.1740 -0.8056
-1.1626 -0.8187
-1.1419 -0.8245
-1.1463 -0.8409
-1.1743 -0.8578
-1.1804 -0.8756
-1.1955 -0.8805
-1.1871 -0.9106
-1.1646 -0.9424
-1.1042 -0.9532
-1.1635 -0.9631
ID UY
-1.0030 -0.5291
-1.0173 -0.5655
-1.0135 -0.5965
-0.9640 -0.6108
-0.9415 -0.6064
-0.9293 -0.5880
-0.9269 -0.5661
-0.9651 -0.5378
-0.9727 -0.5393
-0.9893 -0.5230
-0.9975 -0.5294
ID PY
-1.0920 -0.3850
-1.0649 -0.4133
-1.0468 -0.4171
-1.0025 -0.4457
-1.0226 -0.4722
-0.9800 -0.4818
-0.9552 -0.4638
-0.9511 -0.4483
-0.9433 -0.4182
-0.9648 -0.4177
-0.9678 -0.3943
-0.9835 -0.3809
-0.9911 -0.3894
-1.0106 -0.3809
-1.0028 -0.3634
-1.0144 -0.3442
-1.0442 -0.3357
-1.0765 -0.3430
ID CL
-1.1894 -0.9602
-1.1885 -0.9138
-1.2445 -0.9059
-1.2617 -0.8998
-1.2536 -0.8823
-1.2714 -0.8846
-1.2731 -0.8584
-1.2571 -0.8455
-1.2367 -0.7773
-1.2498 -0.7732
-1.2472 -0.6834
-1.2332 -0.6737
-1.2390 -0.6455
-1.2276 -0.6271
-1.2113 -0.5819
-1.2259 -0.5530
-1.2160 -0.5011
-1.1894 -0.4693
-1.1917 -0.4314
-1.1734 -0.4206
-1.1705 -0.3958
-1.1836 -0.3975
-1.2104 -0.3057
-1.2268 -0.3229
-1.2200 -0.3450
-1.2483 -0.5028
-1.2396 -0.5189
-1.2478 -0.5294
-1.2463 -0.5699
-1.2825 -0.6504
-1.2868 -0.6580
-1.2775 -0.6857
-1.3183 -0.8170
-1.2988 -0.9164
-1.2405 -0.9535
ID BO
-1.2104 -0.3057
-1.1836 -0.3975
-1.1705 -0.3958
-1.1541 -0.3824
-1.1270 -0.3870
-1.1206 -0.3990
-1.1121 -0.3838
-1.0920 -0.3850
-1.0765 -0.3430
-1.0442 -0.3357
-1.0144 -0.3442
-1.0010 -0.3162
-1.0042 -0.3039
-1.0162 -0.2987
-1.0138 -0.2815
-1.0468 -0.2780
-1.0552 -0.2333
-1.1404 -0.1978
-1.1390 -0.1657
-1.1632 -0.1674
-1.1815 -0.1826
-1.2081 -0.1875
-1.2011 -0.2147
-1.2104 -0.2675
-1.1990 -0.2832
ID PE
-1.2081 -0.1875
-1.2011 -0.2147
-1.2104 -0.2675
-1.1990 -0.2832
-1.2268 -0.3229
-1.3040 -0.2692
-1.3326 -0.2403
-1.3294 -0.2301
-1.3878 -0.1240
-1.4169 -0.1021
-1.4213 -0.0738
-1.3997 -0.0540
-1.3980 -0.0639
-1.4055 -0.0656
-1.3982 -0.0723
-1.3784 -0.0872
-1.3583 -0.0473
-1.3271 -0.0359
-1.3140 -0.0108
-1.3160 0.0038
-1.3014 -0.0009
-1.2944 -0.0143
-1.2801 -0.0192
-1.2731 -0.0391
-1.2588 -0.0391
-1.2483 -0.0341
-1.2448 -0.0391
-1.2378 -0.0341
-1.2238 -0.0440
-1.2329 -0.0607
-1.2189 -0.0656
-1.2687 -0.0840
-1.2868 -0.1289
-1.2702 -0.1508
-1.2743 -0.1625
-1.2597 -0.1590
-1.2571 -0.1741
-1.2297 -0.1607
-1.2314 -0.1893
ID EC
-1.3980 -0.0639
-1.4055 -0.0656
-1.3982 -0.0723
-1.3784 -0.0872
-1.3583 -0.0473
-1.3271 -0.0359
-1.3140 -0.0108
-1.3160 0.0038
-1.3285 0.0088
-1.3393 0.0088
-1.3822 0.0271
-1.3971 0.0137
-1.4120 -0.0125
-1.4085 -0.0356
-1.3936 -0.0405
-1.4035 -0.0557
ID EC
-1.5800 -0.0009
-1.5969 -0.0041
-1.5928 -0.0140
-1.5843 -0.0158
ID CO
-1.3822 0.0271
-1.3393 0.0088
-1.3285 0.0088
-1.3160 0.0038
-1.3014 -0.0009
-1.2944 -0.0143
-1.2801 -0.0192
-1.2731 -0.0391
-1.2588 -0.0391
-1.2483 -0.0341
-1.2448 -0.0391
-1.2378 -0.0341
-1.2238 -0.0440
-1.2329 -0.0607
-1.2189 -0.0656
-1.2078 0.0158
-1.2130 0.0093
-1.2218 0.0006
-1.2218 0.0122
-1.2078 0.0122
-1.2081 0.0222
-1.2183 0.0222
-1.2186 0.0338
-1.1856 0.0338
-1.1719 0.0370
-1.1702 0.0455
-1.1807 0.0522
-1.1757 0.0618
-1.1850 0.0954
-1.1716 0.1120
-1.1804 0.1135
-1.2116 0.1103
-1.2224 0.1219
-1.2524 0.1219
-1.2638 0.1318
-1.2588 0.1435
-1.2798 0.1622
-1.2717 0.1738
-1.2743 0.1873
-1.2454 0.2126
-1.2425 0.2196
-1.2606 0.2211
-1.2582 0.2126
-1.2775 0.2042
-1.3043 0.1975
-1.3183 0.1907
-1.3183 0.1671
-1.3414 0.1555
-1.3367 0.1403
-1.3510 0.1587
-1.3542 0.1505
-1.3475 0.1385
-1.3600 0.1301
-1.3495 0.1053
-1.3443 0.0685
-1.3732 0.0405
ID VE
-1.1719 0.0370
-1.1702 0.0455
-1.1807 0.0522
-1.1757 0.0618
-1.1850 0.0954
-1.1716 0.1120
-1.1804 0.1135
-1.2116 0.1103
-1.2224 0.1219
-1.2524 0.1219
-1.2638 0.1318
-1.2588 0.1435
-1.2798 0.1622
-1.2717 0.1738
-1.2743 0.1873
-1.2454 0.2126
-1.2495 0.1940
-1.2536 0.1721
-1.2475 0.1604
-1.2405 0.1654
-1.2413 0.1773
-1.2425 0.1940
-1.2233 0.2024
-1.2241 0.2126
-1.2148 0.2091
-1.2128 0.2042
-1.1970 0.2059
-1.1909 0.1940
-1.1885 0.1855
-1.1503 0.1873
-1.1500 0.1805
-1.1223 0.1805
-1.1247 0.1940
-1.0608 0.1907
-1.0617 0.1604
-1.0462 0.1502
-1.0576 0.1353
-1.0509 0.1269
-1.0675 0.1184
-1.0722 0.1053
-1.0570 0.0919
-1.0803 0.0735
-1.0838 0.0770
-1.0938 0.0720
-1.0955 0.0653
-1.1057 0.0720
-1.1314 0.0785
-1.1174 0.0636
-1.1174 0.0505
-1.1037 0.0402
-1.1407 0.0105
-1.1460 0.0204
-1.1562 0.0155
-1.1681 0.0254
ID GY
-1.0462 0.1502
-1.0576 0.1353
-1.0509 0.1269
-1.0675 0.1184
-1.0722 0.1053
-1.0570 0.0919
-1.0436 0.0919
-1.0468 0.0820
-1.0383 0.0720
-1.0447 0.0653
-1.0465 0.0502
-1.0380 0.0321
-1.0246 0.0222
-0.9879 0.0370
-0.9981 0.0618
-1.0048 0.0618
-1.0115 0.0720
-1.0083 0.0869
-0.9981 0.0936
-0.9984 0.1085
-1.0086 0.1219
-1.0202 0.1202
-1.0188 0.1304
ID SR
-0.9879 0.0370
-0.9981 0.0618
-1.0048 0.0618
-1.0115 0.0720
-1.0083 0.0869
-0.9981 0.0936
-0.9984 0.1085
-0.9398 0.1018
-0.9482 0.0869
-0.9398 0.0668
-0.9497 0.0437
-0.9398 0.0671
-0.9500 0.0852
-0.9383 0.1035
ID GF
-0.9497 0.0437
-0.9398 0.0671
-0.9500 0.0852
-0.9383 0.1035
-0.9150 0.0936
-0.8983 0.0752
-0.9150 0.0470
-0.9231 0.0388
-0.9365 0.0452
-0.9430 0.0388
ID FK
-0.9984 -0.8942
-1.0500 -0.8934
-1.0628 -0.9109
-1.0246 -0.9100
ID GS
-0.6586 -0.9441
-0.6306 -0.9564
-0.6212 -0.9502
-0.6431 -0.9392
ID BR
-0.9293 -0.5880
-0.9269 -0.5661
-0.9651 -0.5378
-0.9727 -0.5393
-0.9893 -0.5230
-0.9975 -0.5294
-1.0030 -0.5291
-0.9672 -0.4894
-0.9348 -0.4678
-0.9327 -0.4538
-0.9380 -0.4468
-0.9511 -0.4483
-0.9433 -0.4182
-0.9648 -0.4177
-0.9678 -0.3943
-0.9835 -0.3809
-0.9911 -0.3894
-1.0106 -0.3809
-1.0028 -0.3634
-1.0144 -0.3442
-1.0010 -0.3162
-1.0042 -0.3039
-1.0162 -0.2987
-1.0138 -0.2815
-1.0468 -0.2780
-1.0552 -0.2333
-1.1404 -0.1978
-1.1390 -0.1657
-1.1632 -0.1674
-1.1815 -0.1826
-1.2081 -0.1875
-1.2314 -0.1893
-1.2297 -0.1607
-1.2571 -0.1741
-1.2597 -0.1590
-1.2743 -0.1625
-1.2702 -0.1508
-1.2868 -0.1289
-1.2687 -0.0840
-1.2189 -0.0656
-1.2130 0.0093
-1.2218 0.0006
-1.2218 0.0122
-1.2078 0.0122
-1.2081 0.0222
-1.2183 0.0222
-1.2186 0.0338
-1.1856 0.0338
-1.1719 0.0370
-1.1702 0.0455
-1.1681 0.0254
-1.1562 0.0155
-1.1460 0.0204
-1.1407 0.0105
-1.1037 0.0402
-1.1174 0.0505
-1.1174 0.0636
-1.1314 0.0785
-1.1057 0.0720
-1.0955 0.0653
-1.0938 0.0720
-1.0838 0.0770
-1.0803 0.0735
-1.0570 0.0919
-1.0436 0.0919
-1.0468 0.0820
-1.0383 0.0720
-1.0447 0.0653
-1.0465 0.0502
-1.0380 0.0321
-1.0246 0.0222
-0.9398 0.1018
-0.9482 0.0869
-0.9398 0.0668
-0.9497 0.0437
-0.9430 0.0388
-0.9365 0.0452
-0.9231 0.0388
-0.9150 0.0470
-0.8983 0.0752
-0.8817 0.0379
-0.8683 0.0306
-0.8750 0.0070
-0.8435 -0.0029
-0.8435 -0.0102
-0.8237 -0.0079
-0.7820 -0.0222
-0.7650 -0.0408
-0.7516 -0.0382
-0.7382 -0.0478
-0.6959 -0.0502
-0.6443 -0.0855
-0.6201 -0.0881
-0.6128 -0.0977
-0.6108 -0.1525
-0.6338 -0.1823
-0.6423 -0.1884
-0.6565 -0.2135
-0.6717 -0.2266
-0.6737 -0.2199
-0.6778 -0.2406
-0.6773 -0.2806
-0.6822 -0.3112
-0.6942 -0.3421
-0.7160 -0.3868
-0.7268 -0.3876
-0.7315 -0.3996
-0.7890 -0.4124
-0.8105 -0.4180
-0.8464 -0.4457
-0.8455 -0.4772
-0.8523 -0.4988
-0.9053 -0.5580
ID PA
-1.3510 0.1587
-1.3542 0.1505
-1.3475 0.1385
-1.3600 0.1301
-1.3682 0.1432
-1.3650 0.1470
-1.3770 0.1569
-1.3848 0.1587
-1.3933 0.1470
-1.4026 0.1438
-1.3939 0.1304
-1.4108 0.1269
-1.4114 0.1336
-1.4315 0.1453
-1.4472 0.1470
-1.4458 0.1721
-1.4356 0.1689
-1.4324 0.1572
-1.4131 0.1572
-1.3875 0.1671
-1.3586 0.1604
ID CR
-1.4472 0.1470
-1.4458 0.1721
-1.4522 0.1773
-1.4601 0.1940
-1.4945 0.1975
-1.4986 0.1805
-1.4831 0.1706
-1.4776 0.1738
-1.4580 0.1572
-1.4636 0.1537
ID NI
-1.4601 0.1940
-1.4945 0.1975
-1.5114 0.2144
-1.5283 0.2298
-1.5027 0.2503
-1.4936 0.2450
-1.4805 0.2640
-1.4691 0.2570
-1.4525 0.2672
-1.4499 0.2503
-1.4548 0.2432
ID HN
-1.5283 0.2298
-1.5027 0.2503
-1.4936 0.2450
-1.4805 0.2640
-1.4691 0.2570
-1.4525 0.2672
-1.4709 0.2794
-1.5420 0.2794
-1.5522 0.2675
-1.5563 0.2552
-1.5458 0.2450
-1.5312 0.2468
-1.5310 0.2330
ID SV
-1.5563 0.2552
-1.5458 0.2450
-1.5312 0.2468
-1.5310 0.2330
-1.5502 0.2330
-1.5730 0.2400
ID GT
-1.5420 0.2794
-1.5522 0.2675
-1.5563 0.2552
-1.5730 0.2400
-1.5980 0.2450
-1.6118 0.2570
-1.6004 0.2847
-1.5779 0.2847
-1.5960 0.3036
-1.5826 0.3036
-1.5878 0.3159
-1.5528 0.3176
-1.5601 0.2829
-1.5493 0.2829
ID BZ
-1.5528 0.3176
-1.5601 0.2829
-1.5493 0.2829
-1.5347 0.2949
-1.5307 0.3246
-1.5438 0.3246
ID MX
-1.6118 0.2570
-1.6004 0.2847
-1.5779 0.2847
-1.5960 0.3036
-1.5826 0.3036
-1.5878 0.3159
-1.5528 0.3176
-1.5438 0.3246
-1.5307 0.3246
-1.5257 0.3418
-1.5248 0.3535
-1.5132 0.3646
-1.5146 0.3809
-1.5765 0.3739
-1.5797 0.3520
-1.6015 0.3331
-1.6520 0.3237
-1.6739 0.3325
-1.7030 0.3856
-1.7007 0.4360
-1.6949 0.4570
-1.7287 0.4640
-1.7378 0.4848
-1.7582 0.5139
-1.7897 0.5262
-1.7996 0.5092
-1.8229 0.5206
-1.8331 0.5378
-1.8591 0.5591
-1.8900 0.5603
-1.8888 0.5518
-1.9361 0.5512
-2.0058 0.5752
-2.0443 0.5734
-2.0175 0.5247
-1.9935 0.5005
-1.9921 0.4920
-2.0070 0.4871
-1.9635 0.4638
-1.9533 0.4489
-1.9600 0.4355
-1.9262 0.4171
-1.9192 0.4013
-1.9087 0.4104
-1.9448 0.4696
-1.9559 0.4743
-1.9749 0.5028
-1.9965 0.5279
-2.0026 0.5600
-1.9740 0.5486
-1.9626 0.5075
-1.9034 0.4629
-1.9142 0.4486
-1.8442 0.3943
-1.8369 0.3736
-1.8463 0.3599
-1.8445 0.3520
-1.8040 0.3223
-1.7812 0.3162
-1.6838 0.2774
-1.6555 0.2882
-1.6403 0.2850
ID CU
-1.4507 0.3768
-1.4365 0.3777
-1.4405 0.3859
-1.4475 0.3838
ID CU
-1.4820 0.3832
-1.4694 0.3841
-1.4645 0.3911
-1.4356 0.3926
-1.3863 0.3780
-1.3720 0.3800
-1.3717 0.3701
-1.3592 0.3637
-1.3504 0.3672
-1.3449 0.3590
-1.3519 0.3558
-1.3516 0.3509
-1.2900 0.3579
-1.3023 0.3660
-1.3670 0.3984
-1.4073 0.4072
-1.4615 0.4028
ID JM
-1.3268 0.3179
-1.3510 0.3141
-1.3688 0.3237
-1.3408 0.3275
ID KY
-1.4201 0.3351
-1.4152 0.3404
-1.4204 0.3404
ID BS
-1.3495 0.4171
-1.3551 0.4171
-1.3606 0.4235
-1.3516 0.4238
ID BS
-1.3606 0.4267
-1.3525 0.4320
-1.3595 0.4419
-1.3682 0.4349
ID BS
-1.3542 0.4535
-1.3449 0.4553
-1.3452 0.4652
-1.3507 0.4620
ID BS
-1.3711 0.4632
-1.3618 0.4649
-1.3714 0.4731
ID HT
-1.2883 0.3197
-1.2533 0.3211
-1.2530 0.3477
-1.2635 0.3494
-1.2722 0.3544
-1.2830 0.3445
-1.2705 0.3445
-1.2725 0.3328
-1.2638 0.3296
-1.3005 0.3296
ID DO
-1.2533 0.3211
-1.2530 0.3477
-1.2212 0.3468
-1.2160 0.3401
-1.2072 0.3415
-1.1917 0.3293
-1.1990 0.3197
-1.2043 0.3249
-1.2393 0.3226
-1.2448 0.3092
ID PR
-1.1728 0.3170
-1.1483 0.3156
-1.1442 0.3255
-1.1743 0.3252
ID TC
-1.2594 0.3841
-1.2486 0.3838
-1.2524 0.3792
ID VI
-1.1343 0.3115
-1.1238 0.3109
-1.1305 0.3197
ID VG
-1.1302 0.3264
-1.1372 0.3235
-1.1352 0.3284
ID AI
-1.1019 0.3229
-1.1089 0.3232
-1.1066 0.3299
ID TT
-1.0798 0.1800
-1.0643 0.1788
-1.0617 0.1937
-1.0742 0.1881
ID GD
-1.0783 0.2120
-1.0713 0.2115
-1.0745 0.2170
ID VC
-1.0739 0.2304
-1.0634 0.2295
-1.0666 0.2365
ID LC
-1.0695 0.2450
-1.0628 0.2395
-1.0623 0.2599
ID MQ
-1.0672 0.2567
-1.0620 0.2561
-1.0617 0.2610
-1.0719 0.2637
ID DM
-1.0733 0.2707
-1.0681 0.2683
-1.0678 0.2733
-1.0730 0.2739
ID GP
-1.0760 0.2858
-1.0690 0.2817
-1.0719 0.2905
ID MS
-1.0838 0.2998
-1.0768 0.2960
-1.0765 0.3010
ID AG
-1.0798 0.3077
-1.0742 0.3092
-1.0757 0.3159
ID KN
-1.0923 0.3071
-1.0978 0.3010
-1.0993 0.3077
ID AW
-1.2203 0.2252
-1.2168 0.2284
-1.2218 0.2368
-1.2288 0.2322
ID AN
-1.2087 0.2112
-1.2020 0.2126
-1.2034 0.2196
ID BM
-1.1317 0.5632
-1.1215 0.5658
-1.1349 0.5717
ID PM
-0.9826 0.8216
-0.9645 0.8170
-0.9567 0.8254
-0.9613 0.8272
-0.9678 0.8237
ID CA
-1.0360 0.8397
-1.0287 0.8298
-0.9759 0.8324
-0.9648 0.8304
-0.9514 0.8272
-0.9438 0.8380
-0.9421 0.8199
-0.9187 0.8167
-0.9138 0.8342
-0.9205 0.8505
-0.9368 0.8546
-0.9284 0.8592
-0.9412 0.8698
-0.9546 0.8668
-0.9765 0.8689
-0.9631 0.8718
-0.9809 0.8779
-0.9590 0.9015
-0.9838 0.8980
-1.0348 0.8374
ID US
-2.4596 1.2238
-2.4599 1.0608
-2.4328 1.0611
-2.4039 1.0366
-2.3666 1.0526
-2.3039 0.9946
-2.2741 0.9870
-2.2732 0.9715
-2.2823 0.9628
-2.2937 0.9707
-2.3182 0.9596
-2.3981 1.0267
-2.4456 1.0497
-2.5133 1.0532
-2.5769 1.0719
-2.5874 1.0570
-2.6195 1.0520
-2.6364 1.0401
-2.6556 1.0389
-2.6410 1.0725
-2.6979 1.0415
-2.6775 1.0360
-2.7670 0.9876
-2.8860 0.9502
-2.8954 0.9572
-2.8338 0.9829
-2.7673 1.0100
-2.7484 1.0325
-2.8254 1.0305
-2.8388 1.0573
-2.8656 1.0515
-2.8974 1.0649
-2.8828 1.0739
-2.9088 1.0795
-2.8715 1.1139
-2.8551 1.1063
-2.8458 1.1165
-2.8090 1.1203
-2.8163 1.1404
-2.8505 1.1296
-2.9111 1.1352
-2.9453 1.1524
-2.8586 1.1708
-2.8621 1.1617
-2.8006 1.1693
-2.8400 1.1734
-2.9132 1.2008
-2.8974 1.2119
-2.8709 1.2078
-2.8373 1.2352
-2.7361 1.2547
-2.6460 1.2370
-2.5048 1.2326
ID US
-2.6895 0.9940
-2.6585 1.0115
-2.6784 1.0223
-2.7029 1.0089
ID US
-2.2919 0.9179
-2.2977 0.9535
-2.3237 0.9514
ID CA
-1.1588 0.7709
-1.1395 0.7627
-1.0786 0.7887
-1.0398 0.8053
-1.0535 0.8225
-1.0695 0.8050
-1.1069 0.8053
ID CA
-1.1194 0.8167
-1.0894 0.8059
-1.0795 0.8155
-1.0984 0.8138
-1.1130 0.8219
ID CA
-1.1229 0.8735
-1.0879 0.8595
-1.0713 0.8607
-1.1054 0.8727
ID CA
-1.4105 0.9237
-1.4286 0.9284
-1.4268 0.9333
-1.4131 0.9310
ID CA
-1.3081 0.9809
-1.3755 0.9777
-1.3705 0.9873
-1.3816 0.9911
ID CA
-1.3895 1.0792
-1.3749 1.0911
-1.3895 1.0981
-1.3994 1.0873
ID CA
-1.4429 1.0891
-1.4213 1.1019
-1.4542 1.1040
-1.4630 1.0929
ID CA
-1.3685 1.1127
-1.3586 1.1042
-1.3446 1.1075
-1.3568 1.1127
ID CA
-1.3460 1.1165
-1.3341 1.1113
-1.3283 1.1139
ID CA
-1.5161 1.1194
-1.5172 1.1159
-1.4939 1.1177
-1.4928 1.1107
-1.4787 1.1080
-1.4531 1.1139
-1.4522 1.1241
-1.4058 1.1089
-1.3994 1.1200
-1.4149 1.1270
-1.4467 1.1422
-1.4779 1.1451
-1.4779 1.1535
-1.4948 1.1530
-1.5062 1.1253
ID CA
-1.3437 1.1789
-1.3175 1.1772
-1.3003 1.1996
-1.3364 1.1973
ID CA
-1.5202 1.2253
-1.3770 1.2174
-1.3735 1.2329
-1.2594 1.1792
-1.2962 1.1565
-1.2793 1.1465
-1.3469 1.1480
-1.3638 1.1311
-1.3233 1.1253
-1.3122 1.1287
-1.2384 1.1142
-1.2472 1.1051
-1.1244 1.0748
-1.1926 1.1177
-1.1244 1.0958
-1.1092 1.1110
-1.1812 1.1541
-1.1640 1.1635
-1.1025 1.1360
-1.0640 1.1672
-1.1745 1.2028
-1.1506 1.2116
-1.2463 1.2568
-1.2892 1.2550
-1.3233 1.2892
-1.4922 1.2930
-1.5528 1.2807
-1.5488 1.2402
ID CA
-1.7272 1.2495
-1.6855 1.2565
-1.6847 1.2965
-1.7509 1.2944
-1.7856 1.2720
-1.7392 1.2612
ID CA
-1.7835 1.2087
-1.7544 1.2276
-1.8145 1.2460
-1.7920 1.2772
-1.8150 1.2895
-1.8725 1.2956
-1.8795 1.2597
-1.9052 1.2819
-1.9880 1.2813
-2.0930 1.3087
-2.1650 1.3023
-2.1910 1.2615
-2.1461 1.2480
-2.0554 1.2577
-2.0492 1.2370
-1.9405 1.2320
-2.0396 1.2276
-2.0227 1.2157
-1.9810 1.2130
-1.9647 1.1973
-1.8468 1.2145
ID CA
-2.1595 0.8517
-2.1645 0.8654
-2.1962 0.8875
-2.2342 0.8940
-2.2438 0.8908
-2.1939 0.8616
ID CA
-1.9714 1.3017
-1.8075 1.3148
-1.8308 1.3344
-1.8652 1.3332
-1.8839 1.3478
-1.9189 1.3376
-1.9017 1.3265
-1.9906 1.3422
-2.0784 1.3262
ID CA
-1.9600 1.3545
-1.9078 1.3571
-1.9081 1.3813
-2.0180 1.3668
ID CA
-1.7357 1.3128
-1.6342 1.3078
-1.6313 1.3212
-1.7278 1.3481
-1.8215 1.3431
-1.7713 1.3242
-1.7445 1.3245
ID CA
-1.7692 1.3612
-1.7144 1.3635
-1.7249 1.3787
-1.7812 1.3898
-1.8360 1.3904
-1.8057 1.3705
ID CA
-1.6908 1.3805
-1.6753 1.3568
-1.6141 1.3563
-1.6409 1.3735
ID CA
-1.6015 1.3105
-1.3808 1.3046
-1.3825 1.3259
-1.5546 1.3277
-1.5508 1.3344
-1.3703 1.3355
-1.2282 1.4554
-1.6465 1.4245
-1.6718 1.3991
-1.6010 1.3694
-1.5178 1.3708
-1.5143 1.3554
-1.5817 1.3437
-1.6759 1.3501
-1.6695 1.3382
-1.6013 1.3306
ID CA
-2.4596 1.2238
-2.4599 1.0608
-2.4328 1.0611
-2.4039 1.0366
-2.3666 1.0526
-2.3039 0.9946
-2.2741 0.9870
-2.2732 0.9715
-2.2823 0.9628
-2.2843 0.9465
-2.2292 0.8995
-2.1802 0.8814
-2.1429 0.8625
-1.9927 0.8627
-1.8078 0.8625
-1.6628 0.8630
-1.6625 0.8718
-1.6505 0.8540
-1.5686 0.8444
-1.5423 0.8511
-1.4370 0.7971
-1.4312 0.7648
-1.4400 0.7478
-1.4554 0.7414
-1.4414 0.7315
-1.3755 0.7510
-1.3808 0.7653
-1.3335 0.7688
-1.3049 0.7913
-1.2352 0.7968
-1.2192 0.8222
-1.2025 0.8321
-1.1810 0.8266
-1.1810 0.8030
-1.1638 0.7907
-1.1264 0.7974
-1.1591 0.7750
-1.1448 0.7630
-1.0363 0.8056
-1.0579 0.8242
-1.0751 0.8053
-1.1092 0.8062
-1.1320 0.8277
-1.1180 0.8558
-1.1369 0.8668
-1.2244 0.8277
-1.1597 0.8770
-1.0389 0.8832
-1.0156 0.8975
-0.9867 0.8989
-1.0345 0.8380
-1.0281 0.8307
-0.9581 0.8202
-0.9406 0.8345
-0.9400 0.8187
-0.9190 0.8132
-0.9129 0.8318
-0.9339 0.8700
-0.9523 0.8625
-0.9823 0.8800
-0.9584 0.9083
-0.9642 0.9348
-1.0165 0.9695
-1.0488 0.9701
-1.1232 1.0649
-1.1486 1.0340
-1.1719 1.0252
-1.2098 1.0442
-1.2072 1.0675
-1.2772 1.0981
-1.3457 1.1007
-1.3670 1.0917
-1.3449 1.0515
-1.3644 1.0302
-1.3341 1.0074
-1.3460 0.9742
-1.3880 0.9570
-1.3717 0.9202
-1.3863 0.8980
-1.4312 0.9287
-1.4318 0.9672
-1.4837 0.9736
-1.5479 0.9949
-1.5826 1.0057
-1.6141 1.0022
-1.6263 1.0328
-1.6520 1.0334
-1.6430 1.0666
-1.5805 1.1045
-1.5382 1.1223
-1.5018 1.1655
-1.4438 1.1623
-1.4163 1.1716
-1.4099 1.1812
-1.4356 1.1973
-1.4125 1.1970
-1.4076 1.2101
-1.4452 1.2186
-1.4875 1.2218
-1.4837 1.2028
-1.5167 1.1915
-1.5079 1.1810
-1.5272 1.1772
-1.5278 1.1973
-1.5540 1.2136
-1.5692 1.1958
-1.5721 1.2160
-1.6179 1.2492
-1.6371 1.2594
-1.6345 1.2743
-1.5954 1.2734
-1.5709 1.2930
-1.6540 1.2997
-1.6596 1.2498
-1.6803 1.2483
-1.6809 1.2268
-1.6383 1.2195
-1.6415 1.1947
-1.6774 1.1935
-1.6631 1.2049
-1.6908 1.2250
-1.7325 1.2098
-1.6998 1.2017
-1.7176 1.1900
-1.8200 1.1923
-1.8343 1.2066
-1.8935 1.2031
-1.8772 1.1789
-1.9157 1.1932
-1.9612 1.1856
-2.0096 1.1891
-2.0049 1.1950
-1.9833 1.1973
-2.0125 1.2098
-2.0291 1.2060
-2.1414 1.2285
-2.1624 1.2162
-2.1636 1.2288
-2.1948 1.2200
-2.2345 1.2413
-2.3838 1.2107
-2.4243 1.2230
ID US
-2.1429 0.8625
-1.9927 0.8627
-1.8078 0.8625
-1.6628 0.8630
-1.6625 0.8718
-1.6505 0.8540
-1.5686 0.8444
-1.5423 0.8511
-1.4370 0.7971
-1.4312 0.7648
-1.4400 0.7478
-1.4554 0.7414
-1.4414 0.7315
-1.3755 0.7510
-1.3808 0.7653
-1.3335 0.7688
-1.3049 0.7913
-1.2352 0.7968
-1.2192 0.8222
-1.2025 0.8321
-1.1810 0.8266
-1.1810 0.8030
-1.1638 0.7907
-1.2230 0.7630
-1.2372 0.7490
-1.2233 0.7300
-1.2895 0.7108
-1.3277 0.6481
-1.3189 0.6326
-1.3309 0.6128
-1.4158 0.5477
-1.4195 0.5364
-1.3945 0.4722
-1.4041 0.4457
-1.4198 0.4433
-1.4464 0.4885
-1.4438 0.5072
-1.4610 0.5256
-1.5613 0.5352
-1.5572 0.5142
-1.5975 0.5136
-1.5989 0.5206
-1.6430 0.5224
-1.6812 0.5060
-1.7001 0.4801
-1.6949 0.4570
-1.7287 0.4640
-1.7378 0.4848
-1.7582 0.5139
-1.7897 0.5262
-1.7996 0.5092
-1.8229 0.5206
-1.8331 0.5378
-1.8591 0.5591
-1.8900 0.5603
-1.8888 0.5518
-1.9361 0.5512
-2.0058 0.5752
-2.0443 0.5734
-2.0528 0.5880
-2.1035 0.6075
-2.1633 0.6848
-2.1703 0.7128
-2.1744 0.7435
-2.1650 0.8175
-2.1788 0.8461
-2.1362 0.8453
ID ST
0.1088 -0.0018
0.1167 -0.0082
0.1146 0.0102
ID CV
-0.4381 0.2523
-0.4220 0.2575
-0.4331 0.2645
ID CV
-0.4025 0.2835
ID CV
-0.4037 0.2987
ID CV
-0.4255 0.2917
ID CV
-0.4410 0.2920
ID CV
0.4460 0.3063
ID SH
-0.0968 -0.2692
-0.1050 -0.2759
-0.0995 -0.2759
ID TF
0.9088 -0.8100
ID TF
1.2787 -0.9249
1.2959 -0.9275
ID TF
1.2055 -0.8668
1.2288 -0.8700
1.2387 -0.8546
1.2055 -0.8496
ID GI
-0.0825 0.6320
-0.0814 0.6317
-0.0814 0.6358
ID SM
0.1788 0.7919
0.1770 0.7869
0.1835 0.7922
ID PG
2.5988 -0.1012
2.5988 -0.0960
2.6437 -0.0945
2.6486 -0.0875
2.6553 -0.0857
2.6536 -0.0718
2.6720 -0.0735
2.6702 -0.0857
2.6620 -0.0962
2.6405 -0.1085
2.6221 -0.1085
ID PG
2.5824 -0.0356
2.5690 -0.0353
ID PG
2.6256 -0.0435
2.6387 -0.0417
ID PG
2.6454 -0.0452
2.6737 -0.0610
2.6836 -0.0715
2.6836 -0.0837
2.6755 -0.0805
2.6737 -0.0610
ID PG
2.7137 -0.0951
2.7072 -0.1041
2.7274 -0.1208
2.7306 -0.1138
ID SB
2.7390 -0.1152
2.7525 -0.1266
2.7525 -0.1164
ID SB
2.7443 -0.1356
ID SB
2.7510 -0.1353
ID SB
2.7612 -0.1365
2.7714 -0.1517
2.7545 -0.1473
ID SB
2.7764 0.1324
2.7953 0.1485
2.8018 0.1412
2.7845 0.1228
ID SB
2.7991 0.1721
2.8163 0.1709
2.8090 0.1613
2.7939 0.1607
ID SB
2.8137 0.1455
2.8263 0.1668
2.8263 0.1601
2.8222 0.1435
ID SB
2.8254 0.1858
2.8426 0.1896
2.8423 0.1794
2.8265 0.1738
ID NC
2.9266 0.3850
2.8770 0.3465
2.8706 0.3570
2.9202 0.3923
ID NC
2.9225 0.3655
2.9324 0.3692
2.9315 0.3628
ID NC
2.9391 0.3786
2.9464 0.3777
2.9455 0.3710
ID NC
2.9228 0.2698
2.9298 0.2707
2.9307 0.2590
2.9178 0.2535
ID VU
2.9289 0.2809
2.9350 0.2902
2.9403 0.2864
2.9339 0.2753
ID VU
2.9371 0.2715
2.9426 0.2710
2.9420 0.2660
ID VU
2.9415 0.2812
2.9505 0.2800
2.9438 0.2858
ID VU
2.9482 0.2923
ID VU
2.9464 0.3127
2.9569 0.3095
2.9493 0.3054
ID VU
2.9569 0.3264
2.9665 0.3302
ID VU
2.9657 0.3372
2.9697 0.3415
ID VU
2.9727 0.3494
ID NR
2.8543 0.0058
2.8440 0.0050
2.8490 0.0125
ID MH
2.8292 0.0700
2.8193 0.0691
2.8228 0.0825
ID FM
2.7003 0.0665
2.6918 0.0548
2.7134 0.0481
ID KI
2.9505 0.0350
2.9435 0.0230
2.9555 0.0248
ID KI
2.9896 0.1283
3.0050 0.1143
3.0042 0.1260
ID TV
3.0167 0.0808
3.0100 0.0942
3.0240 0.0901
ID WF
3.1028 0.1272
3.0960 0.1388
3.1106 0.1327
ID WS
3.0853 0.1073
3.1016 0.1251
3.0841 0.1228
ID AS
2.7452 0.0405
2.7565 0.0236
2.7373 0.0286
ID CK
2.7475 0.0793
2.7565 0.0948
2.7408 0.0895
ID TO
2.9940 0.2412
3.0018 0.2450
3.0243 0.2386
3.0214 0.2310
ID FJ
3.1459 0.2803
3.1296 0.2882
3.1310 0.2963
3.1480 0.2925
ID FJ
3.1214 0.2981
3.1310 0.3083
3.1325 0.3165
3.1153 0.3197
3.1010 0.3153
3.1071 0.3057
ID NU
2.9088 0.2082
2.9172 0.2228
2.8997 0.2179
ID PF
2.4503 0.1482
2.4620 0.1654
2.4287 0.1537
ID PN
2.1446 0.2593
2.1475 0.2747
2.1204 0.2590
ID US
2.7198 0.3296
2.7029 0.3401
2.7183 0.3579
2.7309 0.3474
ID US
2.7306 0.3617
2.7248 0.3652
2.7597 0.3835
2.7688 0.3765
ID US
2.7869 0.3821
2.7828 0.3911
2.7953 0.3932
ID CC
1.7045 0.2045
1.6957 0.2199
1.7118 0.2228
ID CX
1.8471 0.1639
1.8375 0.1671
1.8515 0.1759
ID PW
2.3333 0.1312
2.3511 0.1251
2.3765 0.1222
ID GU
2.5454 0.2392
2.5287 0.2327
2.5398 0.2517
ID MP
2.5547 0.2736
2.5439 0.2610
2.5603 0.2610
ID MP
2.5562 0.2893
2.5705 0.2990
2.5588 0.3150