ID 2900
-2039246 2162983
-2032209 2166688
-2028830 2168720
-2028438 2169577
-2028638 2170220
-2028789 2170416
-2035086 2175108
-2040574 2173069
-2040659 2172911
-2040688 2172857
-2040878 2172759
-2041461 2172810
-2041632 2172825
-2042441 2173150
-2044380 2174549
-2044596 2174705
-2045688 2175667
-2046155 2176579
-2048893 2191714
-2048704 2194798
-2046372 2209094
-2044517 2218213
-2044385 2218563
-2044348 2218660
-2027436 2231565
-2000198 2250116
-2000170 2250163
-1989477 2265954
-1983913 2271799
-1983635 2272087
-1982605 2272710
-1978772 2275035
-1977227 2275834
-1976471 2276226
-1974789 2276458
-1970684 2276453
-1968904 2276271
-1967129 2275802
-1966434 2275487
-1960100 2269978
-1959972 2268838
-1959274 2266782
-1958773 2265637
-1953569 2257688
-1953552 2257685
-1948946 2256767
-1948792 2256755
-1946954 2256607
-1946563 2256697
-1934562 2262488
-1931970 2264310
-1920620 2273162
-1915651 2268984
-1913458 2268109
-1905201 2265618
-1904452 2265457
-1901888 2265106
-1898328 2264804
-1895196 2264915
-1893667 2265281
-1885635 2271747
-1882188 2274961
-1881229 2275924
-1880554 2276793
-1880474 2276897
-1880390 2277107
-1880064 2277931
-1879483 2280187
-1877631 2301134
-1874530 2317412
-1874282 2317475
-1867633 2321729
-1867288 2322145
-1867187 2322332
-1866064 2325337
-1865462 2327283
-1866327 2331431
-1867198 2333948
-1870460 2340455
-1874757 2338111
-1899006 2334418
-1908542 2330244
-1916304 2331042
-1917420 2333934
-1917984 2334390
-1936887 2342677
-1946766 2345614
-1947879 2345858
-1950764 2345955
-1952621 2345723
-1954154 2345513
-1961293 2344172
-1962009 2344172
-1962953 2344305
-1965963 2345006
-1966281 2345154
-1989632 2362673
-1990524 2363494
-1992838 2367697
-1993043 2368564
-1993037 2370617
-1993036 2370994
-1992969 2372619
-1992931 2372941
-1992874 2373430
-1988313 2394414
-1984736 2405767
-1987024 2407322
-1998615 2415924
-1999962 2417244
-2009186 2431069
-2009340 2432097
-2009174 2434106
-2009037 2434814
-2009020 2434903
-2008936 2435036
-2008594 2435574
-2008570 2435611
-2008511 2435675
-2007572 2436693
-2007380 2436901
-2007324 2436918
-2004144 2437850
-2003836 2437941
-1964440 2446414
-1964343 2446429
-1959364 2447223
-1956881 2444908
-1956066 2444097
-1955800 2443749
-1955749 2443574
-1955819 2443410
-1956216 2443423
-1956561 2443220
-1956613 2443028
-1956509 2442642
-1955682 2441156
-1955074 2440630
-1949320 2437475
-1948722 2437439
-1947724 2437471
-1945591 2437600
-1943806 2438307
-1943620 2438773
-1943574 2439330
-1945101 2441762
-1945679 2442558
-1946997 2443522
-1948157 2443833
-1948803 2444337
-1948880 2444446
-1949005 2444983
-1949013 2445412
-1948827 2446073
-1947716 2449183
-1947498 2449759
-1947483 2449797
-1947114 2449921
-1945424 2450283
-1935368 2451565
-1929888 2452122
-1918444 2452395
-1918133 2452378
-1911229 2452005
-1904626 2450253
-1902192 2449472
-1898274 2445552
-1898358 2443527
-1898713 2442603
-1898888 2442243
-1904694 2433279
-1907452 2429918
-1908449 2427927
-1907705 2420011
-1878392 2407966
-1866974 2403894
-1851363 2410072
-1852313 2421001
-1859671 2429283
-1868558 2446490
-1869153 2453028
-1869149 2453271
-1869105 2453522
-1868768 2454271
-1868385 2454822
-1867882 2455384
-1867400 2455563
-1865348 2455783
-1861942 2455517
-1860918 2454061
-1859281 2446095
-1858518 2441058
-1858715 2440751
-1858970 2439819
-1859048 2439395
-1859047 2439202
-1858083 2435584
-1857741 2434967
-1856735 2433243
-1855424 2431182
-1854904 2430610
-1854138 2430477
-1852981 2430537
-1851350 2430861
-1850488 2431522
-1851381 2434170
-1852634 2435417
-1853660 2436787
-1853756 2438168
-1853831 2438605
-1854201 2444935
-1853597 2445705
-1847818 2452117
-1855719 2458768
-1872181 2463188
-1884555 2472518
-1885412 2473227
-1886651 2474552
-1887130 2475271
-1887249 2475628
-1887032 2476002
-1886524 2477375
-1886135 2478502
-1885735 2479841
-1885234 2482395
-1885152 2483388
-1885035 2484794
-1885035 2484795
-1884812 2487461
-1884789 2487725
-1884787 2487805
-1884712 2489949
-1884700 2491592
-1884900 2495596
-1885015 2497977
-1885037 2498449
-1885051 2498750
-1885115 2499135
-1885136 2499262
-1885394 2500831
-1885567 2501887
-1885830 2502866
-1885850 2502939
-1886279 2503991
-1887167 2505584
-1887179 2505604
-1896683 2522611
-1902461 2534279
-1921763 2560485
-1903335 2579076
-1863597 2572874
-1857262 2573743
-1847100 2578235
-1837692 2584278
-1834714 2587183
-1830358 2593629
-1824504 2603423
-1824207 2606076
-1822509 2608939
-1809970 2618731
-1794634 2627497
-1793825 2625696
-1787075 2622684
-1784214 2622697
-1775198 2624924
-1767070 2628724
-1746588 2642014
-1742182 2642842
-1740810 2638416
-1737914 2637521
-1723793 2635976
-1713022 2636591
-1703878 2640761
-1699781 2643983
-1688873 2654422
-1683749 2656858
-1668414 2643276
-1658706 2639699
-1657332 2638281
-1654825 2635357
-1652111 2630569
-1652057 2629591
-1654598 2625302
-1654821 2623448
-1653945 2621383
-1647419 2616322
-1643425 2618501
-1641817 2620841
-1630301 2620532
-1616963 2617153
-1616950 2617145
-1616640 2606133
-1616836 2603800
-1616444 2601676
-1601806 2589651
-1598062 2587563
-1569488 2589024
-1559208 2586837
-1556724 2585997
-1530040 2567284
-1517084 2563168
-1514877 2565074
-1503171 2563596
-1493537 2560077
-1488215 2555440
-1478795 2550233
-1472033 2550119
-1463304 2553642
-1457937 2558223
-1451858 2558921
-1441170 2555629
-1435622 2552659
-1430894 2548768
-1429232 2546542
-1422804 2542020
-1401875 2530462
-1401879 2467366
-1401880 2320172
-1401877 2100714
-1401876 2016400
-1401876 2011622
-1389012 2007095
-1373933 2005086
-1366081 2013887
-1349315 2015256
-1349139 2013371
-1352030 2000271
-1347621 1995231
-1333609 1981338
-1317258 1965862
-1305480 1954745
-1301729 1940614
-1302260 1936126
-1300037 1936391
-1295101 1941850
-1284134 1950110
-1276209 1952100
-1273880 1957638
-1274093 1966611
-1267025 1979311
-1261921 1980713
-1257846 1982911
-1255176 1984724
-1254335 1985297
-1247828 1989753
-1236865 1980824
-1234130 1977722
-1232251 1965679
-1225078 1959933
-1216458 1954969
-1214588 1951944
-1213338 1949928
-1212215 1946183
-1210976 1943823
-1208391 1940634
-1200521 1936770
-1195901 1934650
-1182721 1920086
-1182258 1917657
-1182186 1917279
-1182038 1915605
-1182022 1915431
-1179296 1911630
-1178744 1910914
-1173100 1904794
-1169192 1896813
-1150581 1871263
-1143800 1863415
-1139385 1856518
-1134032 1847674
-1132640 1842994
-1132079 1841110
-1129214 1836932
-1122235 1827873
-1119331 1825381
-1109407 1822521
-1100777 1818795
-1097345 1816820
-1088369 1816129
-1065426 1805668
-1062517 1801643
-1061888 1800650
-1061282 1799400
-1055879 1763358
-1056884 1755285
-1058536 1747504
-1059258 1745207
-1060098 1742911
-1060486 1742019
-1062046 1738863
-1069595 1727417
-1071245 1726075
-1077435 1727868
-1078644 1728346
-1079166 1728757
-1079836 1729628
-1080461 1730607
-1087600 1748195
-1087700 1748450
-1088132 1749976
-1088106 1750057
-1085189 1753566
-1082006 1756667
-1081844 1756950
-1084008 1769860
-1084854 1773398
-1086363 1778706
-1087996 1781689
-1089785 1783921
-1093958 1788711
-1098462 1793027
-1098877 1792965
-1099075 1792821
-1099117 1792658
-1092667 1785129
-1088280 1777940
-1087365 1775927
-1086147 1771942
-1085238 1758360
-1087975 1753512
-1090279 1750000
-1091128 1749607
-1091832 1749482
-1092638 1749655
-1098686 1751069
-1103284 1753486
-1108428 1756208
-1109659 1757308
-1113764 1761181
-1114307 1764776
-1111467 1771563
-1110119 1779214
-1109959 1780166
-1109986 1780392
-1112170 1784922
-1112879 1785797
-1114897 1772837
-1117250 1765101
-1118068 1762919
-1118544 1762986
-1123807 1765550
-1124059 1765711
-1125334 1766980
-1129728 1776140
-1129658 1776364
-1129156 1776238
-1128699 1775966
-1127686 1775159
-1127168 1775088
-1126697 1775460
-1124124 1780854
-1123865 1783283
-1127051 1785520
-1127370 1785290
-1131786 1782932
-1142692 1789691
-1144407 1792230
-1145355 1793783
-1146041 1795587
-1146383 1799576
-1145656 1800848
-1141816 1806584
-1141441 1806984
-1138876 1808181
-1136969 1822644
-1139986 1825765
-1157392 1840238
-1170676 1846850
-1176495 1849556
-1183693 1887310
-1184301 1883416
-1184367 1883306
-1184885 1883024
-1185455 1882974
-1186426 1883211
-1189774 1885102
-1200401 1900881
-1205245 1904843
-1218257 1907064
-1230158 1918602
-1236642 1944514
-1235406 1944591
-1235642 1945884
-1236836 1950202
-1237937 1953093
-1239533 1956450
-1244309 1963586
-1244428 1962937
-1244478 1960799
-1239238 1940128
-1232690 1924776
-1228934 1910161
-1228472 1907954
-1228085 1901302
-1228585 1901296
-1235050 1903211
-1235635 1903608
-1236885 1905062
-1238706 1908092
-1240881 1911926
-1254249 1916806
-1259820 1916098
-1258448 1912571
-1258107 1911566
-1257627 1909520
-1258974 1907677
-1259508 1907276
-1263872 1905392
-1276934 1900615
-1288745 1908140
-1294319 1911932
-1303780 1918971
-1313988 1929710
-1313668 1930698
-1313574 1931116
-1313530 1932053
-1313823 1933412
-1314424 1934364
-1315435 1935630
-1319835 1940634
-1323435 1942998
-1338256 1950464
-1354956 1959203
-1357167 1960442
-1358178 1961122
-1360640 1962781
-1369624 1968946
-1369828 1969366
-1369813 1969429
-1369795 1969502
-1369410 1970102
-1366262 1974601
-1365894 1974848
-1365590 1974937
-1364440 1974745
-1360515 1978943
-1359834 1995704
-1360404 1997200
-1361783 1997159
-1365831 1991245
-1367557 1988045
-1367503 1986542
-1367690 1986206
-1368393 1985488
-1379741 1978784
-1381005 1978073
-1381449 1977931
-1381820 1977822
-1382627 1977790
-1382780 1977793
-1384605 1977836
-1391654 1978450
-1394045 1978838
-1398569 1979888
-1399158 1980105
-1399790 1980338
-1413636 1987166
-1414138 1987502
-1414147 1987539
-1419364 1992537
-1429521 1996003
-1444377 1999712
-1445815 1999982
-1448816 2000344
-1451895 2000531
-1453708 2000425
-1454641 2000335
-1474541 1998050
-1476635 1997603
-1481876 1996093
-1486376 1999100
-1496820 2006099
-1508826 2014017
-1525223 2020377
-1531179 2021572
-1537125 2033921
-1543523 2041184
-1547342 2047923
-1550748 2055113
-1553538 2059490
-1553692 2060233
-1554453 2060484
-1565544 2058450
-1592021 2048341
-1594248 2046140
-1595574 2019528
-1594343 2013257
-1590585 2006754
-1591914 2004735
-1593513 2003744
-1596094 2002643
-1596844 2002404
-1602212 2002664
-1602924 2002866
-1602954 2003049
-1603351 2008955
-1602860 2014029
-1603155 2014641
-1603433 2014886
-1604268 2014792
-1604622 2014517
-1610698 2006567
-1612049 2004396
-1614646 2003763
-1614645 2004170
-1614909 2005096
-1616458 2006429
-1632149 2013303
-1643372 2005397
-1652146 1997246
-1651896 1995811
-1652048 1994567
-1654031 1992479
-1658801 1987804
-1661494 1985924
-1683064 1972820
-1684633 1972550
-1689533 1972085
-1701891 1971721
-1705599 1972002
-1706109 1972081
-1706349 1972267
-1710415 1976834
-1711941 1978573
-1711751 1981927
-1710667 1983520
-1707836 1987354
-1705988 1988068
-1700266 1989589
-1695500 1989977
-1689558 1992037
-1687286 1993699
-1683418 1999764
-1686460 2001386
-1690046 1999335
-1694039 1997670
-1695301 1997341
-1699039 1998694
-1700117 1999654
-1702764 2002535
-1703527 2003565
-1703939 2004701
-1704093 2005322
-1704195 2006447
-1704062 2006949
-1697862 2019003
-1697245 2020191
-1694584 2022915
-1694019 2023475
-1692090 2024796
-1691188 2025591
-1687971 2028919
-1687427 2029695
-1683163 2037915
-1682388 2040572
-1680850 2046469
-1680906 2046801
-1681736 2047628
-1682187 2048423
-1682305 2048803
-1683302 2055429
-1683319 2056338
-1683209 2056859
-1682471 2057273
-1678557 2059149
-1659531 2067601
-1653681 2070244
-1653002 2070311
-1652435 2069818
-1652175 2069351
-1651610 2067318
-1651149 2065964
-1650648 2064831
-1650239 2064251
-1649587 2063676
-1648839 2063279
-1646182 2062303
-1645154 2061936
-1641380 2062991
-1637369 2064130
-1636266 2065505
-1636191 2066754
-1636465 2067191
-1637227 2068085
-1637227 2068234
-1637646 2069295
-1638211 2070359
-1638862 2070605
-1640251 2072055
-1641327 2072985
-1643212 2074873
-1643859 2075344
-1644080 2075667
-1643808 2076185
-1641985 2078049
-1641233 2079023
-1641180 2079330
-1641092 2079836
-1643323 2081042
-1644819 2081497
-1646717 2081853
-1648062 2081757
-1648400 2081620
-1648594 2081666
-1648903 2082041
-1649344 2082104
-1649355 2082016
-1649597 2081946
-1650209 2081879
-1651808 2081982
-1652644 2081901
-1653810 2082016
-1654200 2082220
-1654468 2082484
-1655968 2084406
-1656721 2084515
-1656781 2084411
-1657194 2084372
-1657708 2084824
-1658077 2085571
-1658318 2085690
-1658520 2085561
-1658924 2084395
-1659215 2084000
-1659549 2083677
-1660164 2083304
-1663415 2082505
-1663849 2082334
-1664048 2082159
-1665389 2081701
-1666226 2081682
-1666523 2081949
-1666597 2081941
-1666722 2081886
-1666766 2081760
-1666799 2081587
-1666934 2081361
-1667210 2081135
-1667525 2081074
-1672303 2076098
-1682565 2073170
-1684272 2072364
-1686778 2070823
-1691894 2066635
-1701419 2058261
-1709337 2049051
-1709558 2048718
-1718727 2034694
-1721008 2028115
-1720604 2026984
-1720539 2026370
-1720930 2025108
-1722312 2023099
-1725611 2018683
-1725814 2018434
-1737516 2007859
-1740744 2006341
-1742579 2005542
-1746265 2005496
-1747437 2006713
-1749302 2007797
-1770413 1995638
-1770582 1995389
-1776102 1983114
-1775977 1979431
-1775944 1978460
-1775682 1977141
-1775481 1976453
-1773749 1977599
-1772110 1979281
-1771207 1979189
-1762012 1977504
-1761793 1977361
-1756570 1971886
-1756189 1971338
-1754526 1968662
-1751911 1963736
-1751610 1963032
-1758247 1952618
-1790778 1927203
-1812269 1915608
-1841747 1901242
-1853709 1895125
-1860431 1889363
-1863927 1885907
-1868327 1883239
-1870877 1882337
-1892669 1877623
-1913240 1873685
-1913709 1873573
-1930440 1866514
-1934374 1863243
-1934521 1863037
-1934686 1862466
-1934652 1861113
-1932094 1859679
-1930403 1858938
-1930122 1858984
-1929920 1858885
-1926928 1856310
-1926950 1855710
-1927407 1852524
-1937254 1842393
-1937841 1842034
-1937941 1841973
-1940510 1841810
-1944311 1843212
-1946769 1844851
-1947197 1845375
-1950498 1845902
-1972045 1843396
-1977449 1832084
-1977449 1832083
-1979634 1830556
-1982366 1830042
-1983409 1830132
-1983541 1830190
-1983396 1831887
-1983304 1832069
-1978913 1839330
-1976733 1841729
-1976632 1841783
-1975944 1841603
-1975998 1842076
-1976802 1843322
-1978629 1844775
-1981418 1846174
-1982320 1846195
-1982829 1846040
-2000211 1839406
-2004665 1836648
-2009047 1835026
-2017056 1833331
-2032198 1832544
-2032642 1832626
-2032676 1832632
-2033283 1832745
-2033739 1832830
-2038466 1835146
-2039513 1837164
-2037452 1841656
-2037020 1842198
-2045103 1840494
-2052013 1834427
-2058280 1826584
-2058503 1826339
-2061864 1825537
-2068699 1824644
-2068867 1824700
-2069279 1824901
-2073430 1827162
-2074910 1828558
-2088458 1825811
-2099608 1814215
-2099742 1814065
-2100328 1814283
-2100788 1814455
-2100880 1814489
-2112931 1818312
-2127869 1822252
-2131684 1822948
-2134955 1822899
-2136818 1822768
-2137823 1822380
-2139886 1821442
-2140774 1821038
-2140871 1820994
-2141175 1820741
-2141849 1819273
-2141890 1818652
-2141972 1818473
-2142769 1817822
-2145357 1816802
-2146793 1816630
-2152941 1817208
-2156030 1818540
-2157258 1819461
-2158642 1820903
-2159082 1822605
-2159380 1827331
-2159410 1828033
-2158727 1830315
-2158615 1830521
-2157744 1831313
-2145554 1836079
-2134283 1840097
-2117736 1842709
-2114111 1842349
-2106990 1839414
-2084965 1839667
-2084069 1840247
-2082965 1841380
-2058837 1858208
-2055144 1860084
-2051203 1861787
-2039295 1866323
-2028738 1866278
-2023286 1865744
-2015967 1862552
-2011508 1858653
-2002437 1859965
-1992225 1872281
-1991006 1873555
-1990320 1874029
-1984774 1877095
-1982858 1878131
-1971225 1883054
-1970777 1883214
-1940987 1891799
-1939778 1889290
-1939197 1888601
-1938801 1888259
-1936930 1887059
-1933188 1886513
-1932310 1887650
-1931979 1888932
-1931943 1889522
-1932290 1890197
-1932318 1894264
-1930849 1897333
-1930820 1897393
-1929582 1899710
-1928532 1900970
-1923622 1905365
-1920997 1907615
-1917971 1909904
-1917222 1910240
-1912921 1911787
-1910264 1912431
-1906275 1913993
-1905430 1914418
-1896966 1920322
-1893432 1925039
-1883099 1950272
-1879957 1958290
-1879855 1959773
-1879498 1961234
-1878077 1964377
-1877432 1965531
-1875623 1968364
-1875312 1968807
-1874474 1969683
-1874141 1969940
-1867542 1974273
-1855935 1987422
-1861156 1986858
-1864703 1986581
-1867118 1986127
-1871202 1985330
-1878701 1983631
-1881258 1982699
-1883059 1982168
-1887625 1981318
-1888742 1981112
-1890747 1980880
-1891914 1980837
-1893071 1981081
-1893316 1981133
-1893330 1981136
-1893958 1981425
-1894415 1981781
-1895359 1982815
-1895894 1983516
-1896487 1984638
-1896549 1984971
-1896514 1985190
-1896357 1985482
-1896248 1986132
-1896173 1987661
-1896191 1988478
-1896604 1989764
-1900533 1999675
-1900971 2000362
-1904989 1999321
-1905756 1998962
-1910843 1990600
-1910939 1986624
-1910449 1981990
-1909855 1978896
-1909612 1977994
-1909599 1977947
-1910303 1977307
-1913258 1974626
-1914409 1974310
-1915916 1974354
-1916350 1974438
-1917597 1975178
-1920147 1977078
-1920545 1977517
-1922018 1985604
-1922590 1989442
-1924040 1996546
-1924120 1996831
-1924531 1998300
-1928159 2009160
-1928773 2009750
-1929184 2009868
-1931103 2010051
-1931387 2010042
-1933126 2006189
-1935357 2003924
-1938577 2003370
-1943893 2009949
-1945598 2012497
-1947228 2016060
-1959725 2017309
-1968537 2016145
-1980787 2009598
-1988861 2008449
-1992769 2009511
-1992885 2009666
-1994474 2011780
-1994996 2012476
-1994667 2014051
-1989841 2018867
-1989702 2019163
-1988637 2021421
-1988604 2021490
-1986896 2029320
-1986493 2034661
-1989135 2040704
-1989143 2046765
-1987683 2048524
-1984796 2051661
-1980199 2054063
-1977121 2055345
-1975752 2056305
-1977008 2071429
-1979714 2092036
-1980304 2094869
-1981509 2098591
-1982189 2099277
-1982838 2099430
-1983503 2099129
-1985194 2097430
-1985693 2096646
-1985943 2096074
-1986008 2094734
-1986599 2092586
-1988166 2090258
-1989025 2090009
-1990712 2089818
-2008556 2088122
-2010145 2088211
-2013664 2088413
-2014756 2088558
-2015312 2088654
-2019539 2089384
-2022367 2090050
-2023494 2090397
-2025252 2091072
-2029264 2092998
-2032718 2095679
-2033478 2096469
-2033787 2097111
-2034075 2098168
-2034129 2098368
-2034136 2098565
-2034232 2101461
-2034056 2102487
-2033931 2102941
-2033773 2103250
-2033402 2103475
-2032756 2103638
-2037061 2117628
-2039238 2123925
-2041860 2126755
-2043551 2127972
-2044551 2129134
-2045731 2130943
-2052875 2143988
-2052902 2144040
-2053172 2145430
-2053240 2146415
-2053191 2146500
-2052958 2146754
-2051692 2147452
-2051288 2147487
-2050766 2147253
-2049992 2146700
-2049410 2146443
-2048802 2146434
-2045624 2147876
-2038275 2151406
-2037227 2154629
-2037615 2157622
-2039246 2162983
ID 2900
-1736346 1910174
-1738208 1904865
-1740008 1899609
-1740028 1899470
-1740688 1894500
-1739479 1890136
-1738988 1890302
-1738187 1890524
-1736995 1890579
-1735285 1890456
-1732784 1889938
-1732317 1889780
-1732273 1889765
-1732037 1889510
-1732492 1888125
-1732703 1887651
-1738816 1880605
-1758801 1866624
-1770003 1861620
-1794729 1851478
-1795296 1851499
-1799459 1852267
-1799695 1852325
-1799973 1852547
-1800010 1852576
-1807800 1870342
-1811570 1886920
-1808282 1894106
-1805692 1897216
-1778311 1911869
-1767278 1916077
-1766533 1915193
-1762101 1910211
-1752518 1900035
-1752238 1899775
-1752022 1899716
-1751297 1899703
-1744177 1905306
-1740464 1907993
-1736848 1910506
-1736526 1910431
-1736370 1910256
-1736346 1910174
ID 2900
-1175002 1803261
-1174098 1803827
-1173744 1803884
-1161829 1804163
-1160693 1803425
-1141173 1783056
-1136974 1778191
-1123306 1760643
-1117023 1749638
-1116162 1747103
-1115853 1745415
-1112382 1724764
-1112300 1724044
-1113182 1720601
-1113626 1719315
-1113913 1718776
-1117433 1717767
-1122917 1718553
-1133901 1732033
-1146255 1743105
-1146405 1743176
-1149934 1744825
-1151949 1745436
-1152327 1744697
-1143510 1727411
-1140381 1726999
-1140578 1727774
-1140120 1728399
-1137941 1728990
-1135525 1725148
-1135029 1724503
-1134323 1721026
-1134358 1720665
-1134304 1714619
-1134341 1714511
-1134893 1714232
-1137547 1714223
-1140090 1715092
-1140618 1715273
-1140736 1715372
-1151686 1728394
-1158463 1741491
-1159644 1749096
-1158893 1755812
-1158522 1758563
-1159386 1762272
-1172459 1774399
-1175002 1803261
ID 2900
-1265050 1878320
-1265653 1878328
-1266394 1878701
-1267730 1879372
-1271308 1882739
-1271375 1883202
-1271482 1889243
-1271493 1890824
-1271434 1891592
-1271419 1891622
-1270982 1892542
-1266645 1899281
-1264310 1901703
-1250238 1904915
-1249717 1904900
-1224785 1893634
-1224237 1893089
-1223695 1892279
-1222830 1889986
-1223019 1880212
-1223078 1880167
-1221880 1876808
-1219669 1870353
-1219216 1869025
-1217771 1863623
-1218045 1862629
-1219057 1861507
-1222457 1862066
-1231266 1866255
-1236848 1867321
-1240639 1862212
-1243844 1854298
-1247601 1854965
-1247779 1855064
-1249117 1855807
-1259465 1867893
-1261941 1872146
-1263105 1874374
-1265050 1878320
ID 2900
-1206012 1790311
-1206032 1790209
-1206045 1790148
-1206225 1790125
-1207226 1790522
-1210654 1793542
-1231447 1822083
-1243028 1853457
-1243040 1853770
-1238663 1862325
-1237738 1863632
-1236425 1865150
-1235741 1865615
-1233807 1865186
-1218035 1858538
-1216399 1854897
-1207985 1821380
-1207218 1817938
-1206948 1816364
-1205634 1796798
-1206012 1790311
ID 2900
-1218273 1903940
-1204695 1901740
-1202022 1900196
-1192273 1883398
-1189275 1874249
-1188506 1858834
-1188584 1858614
-1191021 1855391
-1197221 1847988
-1205120 1838883
-1205495 1838550
-1207501 1837937
-1208630 1838391
-1210034 1842513
-1211020 1848937
-1210895 1849707
-1211382 1864956
-1219692 1896859
-1220968 1899242
-1222214 1901076
-1222442 1901290
-1222844 1901312
-1223088 1901429
-1223544 1901963
-1224092 1903067
-1225403 1906665
-1226446 1911400
-1226378 1913434
-1226277 1913810
-1224409 1912110
-1221477 1909267
-1218828 1906547
-1218273 1903940
ID 2900
-2130335 2371352
-2130182 2370982
-2130099 2370783
-2129921 2370531
-2129190 2369491
-2128685 2368773
-2126276 2365834
-2120069 2361455
-2119411 2360806
-2118311 2359889
-2117700 2359666
-2117534 2359681
-2116833 2359818
-2115992 2360111
-2110704 2359267
-2108034 2359593
-2104831 2359547
-2104428 2359476
-2101699 2357908
-2101108 2357486
-2100518 2356782
-2088751 2331094
-2087962 2319714
-2099051 2317357
-2104649 2321375
-2111732 2336256
-2111894 2337523
-2112695 2339673
-2113870 2341936
-2114610 2343098
-2117317 2346309
-2120750 2348549
-2121251 2349111
-2121463 2349349
-2121877 2349698
-2122001 2349803
-2122146 2349926
-2122696 2350299
-2124029 2350978
-2124492 2351159
-2129804 2352329
-2130143 2352257
-2130419 2352088
-2130489 2352009
-2130630 2351559
-2131012 2351058
-2132461 2350527
-2135390 2350241
-2135448 2350266
-2136104 2350552
-2140777 2356558
-2140984 2359263
-2140956 2360596
-2140911 2361053
-2140272 2363720
-2138494 2366739
-2137538 2368277
-2130488 2377400
-2130330 2377430
-2128820 2376886
-2128750 2376697
-2128604 2375703
-2128781 2375071
-2130335 2371352
ID 2900
-2075502 2146162
-2067112 2138395
-2065599 2136825
-2065428 2135964
-2065530 2134825
-2070382 2119596
-2074142 2115548
-2084540 2114881
-2089702 2116293
-2098300 2122219
-2108383 2134866
-2108534 2135110
-2111652 2142090
-2111621 2148522
-2111357 2149039
-2109613 2149521
-2107877 2149579
-2082179 2146724
-2075502 2146162
ID 2900
-2224451 1822797
-2213289 1817869
-2213242 1817830
-2213123 1817735
-2210638 1814864
-2208284 1805951
-2208278 1805663
-2210080 1802658
-2211236 1801959
-2212668 1801094
-2232801 1794477
-2233023 1794462
-2240826 1794330
-2267545 1794699
-2268212 1795010
-2271471 1798052
-2272232 1798763
-2273017 1799994
-2273323 1800671
-2273197 1801035
-2267419 1802529
-2266784 1802663
-2265425 1802341
-2259773 1801620
-2250695 1800741
-2246165 1803812
-2239951 1810642
-2238212 1812744
-2238411 1812965
-2239345 1815094
-2239593 1815722
-2239754 1816131
-2240493 1818011
-2239616 1820040
-2237400 1821296
-2235763 1822226
-2234619 1822679
-2230908 1823002
-2229096 1823014
-2224451 1822797
ID 2900
-1143858 1821719
-1143558 1821007
-1143545 1820525
-1145459 1818691
-1148622 1815997
-1150697 1814678
-1162778 1810478
-1172753 1808603
-1174917 1808397
-1175998 1808471
-1176542 1808601
-1176811 1808895
-1177206 1812727
-1176384 1820478
-1180047 1830798
-1187225 1835379
-1191990 1839811
-1191730 1841747
-1191041 1842453
-1187548 1844123
-1163444 1841697
-1159798 1838573
-1159215 1837812
-1157803 1834818
-1157258 1833144
-1145384 1821903
-1143858 1821719
ID 2900
-1188278 1782149
-1191997 1786019
-1193206 1788857
-1200907 1821888
-1202088 1828093
-1202107 1828547
-1201932 1829086
-1201023 1830532
-1200002 1831854
-1198156 1833950
-1194312 1835182
-1193845 1835034
-1181386 1826647
-1181171 1826019
-1179261 1817040
-1179227 1816729
-1181299 1801364
-1188278 1782149
ID 2900
-1728778 1946420
-1734484 1936468
-1734823 1935705
-1734992 1931619
-1734535 1931328
-1731885 1931351
-1727148 1931495
-1724132 1932113
-1724020 1932093
-1720449 1928892
-1720345 1928737
-1720038 1927824
-1720033 1927793
-1720003 1927607
-1720561 1924310
-1721141 1922239
-1721703 1921375
-1724927 1918619
-1724993 1918562
-1749363 1913921
-1751703 1913573
-1752701 1913821
-1763232 1918857
-1764569 1920264
-1764585 1920280
-1764498 1920514
-1764282 1920800
-1764011 1921057
-1763917 1921146
-1760762 1924142
-1734137 1945986
-1728778 1946420
ID 2900
-2284077 1815628
-2280458 1816620
-2279037 1816738
-2277090 1816574
-2272374 1815788
-2271751 1815258
-2266846 1810705
-2266827 1810592
-2266861 1810279
-2267071 1809594
-2267380 1809205
-2272868 1803987
-2296875 1796774
-2300806 1795746
-2315178 1793302
-2320324 1792898
-2322546 1792987
-2305309 1805684
-2304035 1806455
-2297812 1808436
-2289475 1809940
-2284077 1815628
ID 2900
-1569126 2013585
-1570389 2012768
-1571027 2012356
-1572898 2010965
-1577958 2005374
-1582165 2000634
-1582392 1999895
-1582296 1999257
-1584597 1996254
-1592247 1992615
-1593483 1992362
-1594508 1992973
-1594799 1993423
-1594864 1993642
-1594863 1993646
-1594028 1996324
-1593578 1997192
-1572132 2021834
-1570245 2023128
-1569250 2023513
-1568880 2023351
-1564210 2019351
-1564115 2019057
-1564165 2018377
-1565309 2016931
-1566977 2014978
-1569126 2013585
ID 2900
-2005031 1824380
-2004995 1824348
-2004978 1824282
-2004904 1823981
-2004886 1823912
-2004853 1823052
-2005078 1821073
-2005475 1820499
-2006486 1819043
-2006508 1819024
-2006952 1818647
-2014507 1813844
-2022682 1817832
-2022930 1820750
-2021509 1826947
-2020665 1827925
-2019459 1829028
-2018679 1829743
-2017978 1829941
-2015702 1830084
-2015026 1829826
-2010956 1827757
-2005031 1824380
ID 2900
-1542044 2020931
-1544043 2018766
-1556100 2014514
-1556675 2014476
-1557028 2014577
-1557128 2014633
-1557276 2014715
-1558203 2016380
-1558286 2016854
-1558763 2021396
-1558591 2022932
-1558478 2023416
-1555856 2027156
-1555035 2028120
-1554470 2028376
-1552572 2029747
-1548099 2029001
-1544693 2027488
-1542044 2023703
-1542044 2020931
ID 2900
-1174599 1754571
-1174230 1758196
-1174076 1758600
-1173543 1759468
-1161469 1761422
-1159637 1759978
-1159389 1759759
-1159213 1759173
-1159315 1757895
-1159699 1756856
-1163459 1750717
-1167204 1747082
-1169198 1748902
-1174599 1754571
ID 2900
-1998110 1813241
-1992646 1816460
-1992310 1816538
-1992116 1816175
-1991717 1815054
-1992127 1809992
-1992877 1808246
-1993371 1807368
-1994522 1806215
-2007477 1799308
-2009058 1800814
-2004665 1809656
-2004384 1810140
-1999252 1813374
-1998951 1813439
-1998110 1813241
ID 2900
-1155816 1810863
-1155274 1811450
-1154421 1811997
-1153474 1812176
-1148542 1812817
-1147955 1812685
-1146392 1812063
-1145235 1811194
-1145019 1810891
-1144600 1809536
-1145055 1802946
-1146754 1801816
-1150375 1800271
-1151423 1800219
-1157107 1804040
-1157870 1804665
-1158108 1805793
-1156740 1809887
-1156524 1810272
-1155816 1810863
ID 2900
-1580445 2035737
-1580774 2033239
-1583139 2024168
-1586843 2015179
-1588215 2012760
-1588387 2012653
-1592898 2016945
-1593164 2017329
-1592920 2018153
-1592274 2019760
-1588843 2027307
-1587275 2030611
-1586955 2030977
-1581907 2035102
-1580536 2035803
-1580445 2035737
ID 2900
-1854280 1817421
-1853388 1817519
-1852605 1817344
-1851363 1816770
-1849563 1815694
-1849273 1813939
-1851645 1806348
-1853706 1804776
-1855408 1804817
-1859499 1806412
-1861559 1807892
-1862168 1809723
-1862198 1811085
-1861978 1812050
-1861432 1812942
-1860563 1813760
-1855794 1816746
-1854280 1817421
ID 2900
-1243107 1851470
-1241510 1845702
-1240804 1842678
-1240257 1840496
-1239484 1837820
-1239723 1834993
-1240148 1834552
-1245200 1832646
-1245234 1832656
-1245840 1832840
-1246173 1832940
-1246202 1832949
-1246223 1832975
-1246284 1833049
-1246299 1833067
-1247843 1851590
-1247588 1851949
-1247219 1852080
-1247179 1852087
-1244932 1852476
-1243977 1852253
-1243497 1851925
-1243107 1851470
ID 2900
-2240357 2227760
-2237782 2222027
-2232824 2217608
-2230179 2215078
-2228988 2211504
-2229180 2211125
-2230207 2211317
-2237665 2214741
-2238122 2215255
-2245764 2230609
-2245471 2231271
-2243340 2233998
-2241011 2235140
-2239993 2234608
-2239475 2233944
-2240357 2227760
