ID 01
626402.9 554372.5
660584.1 553730.1
665397.1 553781.2
707840.2 554098
708523.8 554100.6
749371.6 554376.5
773007.6 554383.4
775282.7 540629.5
780256.8 514441
780997.3 510584.8
782369.3 503451.3
787619.7 477163.7
791821.4 454432.7
794200.6 441529.8
795465.4 434629.1
800551.6 407141.9
804063.3 388322.6
805171.6 382265.6
811229 349261.8
811666.2 346886.6
816751 320632.5
821491.7 306973.5
826871.9 291730.5
834831.8 281081.3
836038.5 265640.9
834619.6 261785.9
834734.6 260865.7
835243.5 260173.1
841252.6 257950.1
843384.1 255833.3
844143.7 253894
843036.9 250511.4
842781.8 250231.7
830795.7 231329.8
830288.5 223082.9
823673 199807.0
825132 197496.8
833059.2 171005.6
829660.3 147588.2
828396.8 144751.6
827474.7 141960.3
828062.4 133990.7
828809.8 131681.0
829594.9 131121.4
830409.5 131065.6
831079.3 130780.3
835111.5 125461.4
835702.3 124139.7
836485.4 121847.1
838552.6 113608.2
792137.8 112263.1
791185.3 112233.3
739917.7 111034.2
725378.4 110927.2
706141.5 110738.6
677407.3 110591.0
668196.3 110737.4
632220 110797.6
590552.3 110575.8
587095.7 95993.33
588126.1 93755.76
596877.8 82417.21
599719.8 80075.45
600238 79826.46
601798.3 79425.86
604851 77476.28
608900.3 74472.76
609872 72460.9
610139.4 71137.41
610116.2 69307.49
606968.1 45272.54
604580.7 33277.52
598237.1 31085.64
584901.5 27689.95
571068.9 25462.62
567419.8 25231.21
555504.6 25532.19
555065.2 26209.74
560179.7 27544.45
573766.9 34582.85
559801.9 70582.49
558685.1 72430.74
558145.9 72958.08
553891.5 74933.02
552601.5 75480.95
551290.1 76038.24
550901.3 75844.23
546132.1 71621.16
542042.8 55679.73
532277.7 40348.78
526890.2 42631.75
519144.6 43472.43
516963.9 43326.54
515938.4 43068.56
513987.8 41307.53
513968.2 41289.83
512620.6 81896.76
511600.4 111035.4
511099.8 123898.6
509742.9 159564.4
508575 188630.6
508247.5 210455.3
512182.5 247348.7
513226.2 256324.3
516555.7 286177.6
520721.5 325066.9
521455.2 331950.1
525065.1 364875.8
528052.5 392103.6
530658.9 415484.8
534711.2 450214.2
535068.5 453343
538005.4 479334.6
539795.4 495092.4
541284.4 508227.2
545351.7 542647.4
536092.8 554182.1
555739.3 555244
590312.9 554818.6
625266.7 554400.6
626402.9 554372.5
