ID 1071
773007.6 554383.4
775282.7 540629.5
768450 528801.9
757225.6 514134.6
740102 499220.5
737368 497773.1
735241.8 497163.5
732493.9 497259.5
724539.6 504379
723973.9 510797.8
707596.5 510667.8
704615.6 514280.1
704570.4 525643.4
706472.8 536835.3
709978.6 548979.2
708523.8 554100.6
749371.6 554376.5
773007.6 554383.4
ID 1089
708523.8 554100.6
709978.6 548979.2
706472.8 536835.3
704570.4 525643.4
704615.6 514280.1
707596.5 510667.8
708604.4 510670.8
709746.1 509962.6
710103.8 508505.5
709018.7 504383.3
707439.5 501241.5
697960.9 497523.1
694718.4 496757.8
691715 497550.3
688761 499712.4
687180.5 504486.5
665157.9 504841
665397.1 553781.2
707840.2 554098
708523.8 554100.6
ID 1083
660584.1 553730.1
665397.1 553781.2
665157.9 504841
636187 519685.5
621910 527692.8
626402.9 554372.5
660584.1 553730.1
ID 1077
625266.7 554400.6
626402.9 554372.5
621910 527692.8
606724.6 532261.2
598447 535737
597771.6 535848.9
595765.9 535633
592047.9 534454.7
580903.2 529179.8
579112.5 526676.8
578599.8 526205.5
576095.9 525110.5
571888.7 524762.8
569248.2 525789.3
568517.7 526288.5
561805.6 532500.7
560877.6 534188.9
560341 536719.2
559835.6 537932.7
558624.1 539887.3
556741.5 541515.7
550571.9 544216.4
548969 543974.2
545351.7 542647.4
536092.8 554182.1
555739.3 555244
590312.9 554818.6
625266.7 554400.6
ID 1049
775282.7 540629.5
780256.8 514441
780997.3 510584.8
782369.3 503451.3
781837.3 503674
781454.3 503499.3
776660.9 498931
775536.7 492583
772122.9 486804.1
758953.4 473604.5
755740.9 473531.2
753316.8 471661.9
752581.3 470511.3
752662.7 466943.0
728468.9 466664.2
732493.9 497259.5
735241.8 497163.5
737368 497773.1
740102 499220.5
757225.6 514134.6
768450 528801.9
775282.7 540629.5
ID 1033
545351.7 542647.4
548969 543974.2
550571.9 544216.4
556741.5 541515.7
558624.1 539887.3
559835.6 537932.7
560341 536719.2
560877.6 534188.9
561805.6 532500.7
568517.7 526288.5
569248.2 525789.3
571888.7 524762.8
576095.9 525110.5
578599.8 526205.5
579112.5 526676.8
580903.2 529179.8
592047.9 534454.7
595765.9 535633
597771.6 535848.9
598447 535737
606724.6 532261.2
597282.5 506419.5
541284.4 508227.2
545351.7 542647.4
ID 1079
606724.6 532261.2
621910 527692.8
636187 519685.5
635884.5 478393.2
635909.1 476784.9
597264.2 477304.2
597282.5 506419.5
606724.6 532261.2
ID 1103
665157.9 504841
687180.5 504486.5
684506.8 477696
635884.5 478393.2
636187 519685.5
665157.9 504841
ID 1095
707596.5 510667.8
723973.9 510797.8
724539.6 504379
732493.9 497259.5
728468.9 466664.2
710405.7 455156.2
696439 472777
684506.8 477696
687180.5 504486.5
688761 499712.4
691715 497550.3
694718.4 496757.8
697960.9 497523.1
707439.5 501241.5
709018.7 504383.3
710103.8 508505.5
709746.1 509962.6
708604.4 510670.8
707596.5 510667.8
ID 1019
782369.3 503451.3
787619.7 477163.7
791821.4 454432.7
794200.6 441529.8
782115.6 438769.9
762750.9 441418
762881.1 443722
757078.6 456381.2
753031.1 457038.8
752662.7 466943.0
752581.3 470511.3
753316.8 471661.9
755740.9 473531.2
758953.4 473604.5
772122.9 486804.1
775536.7 492583
776660.9 498931
781454.3 503499.3
781837.3 503674
782369.3 503451.3
ID 1059
541284.4 508227.2
597282.5 506419.5
597264.2 477304.2
587599.2 477578.1
579840.3 477924.4
559499.9 478345.4
538005.4 479334.6
539795.4 495092.4
541284.4 508227.2
ID 1043
635884.5 478393.2
684506.8 477696
696439 472777
693551 472837.4
690767 472172.1
690362.5 471937.1
684030.7 459702.1
683476.5 458888.9
669816.1 444552.8
660888.4 438102.9
653467.5 432097.3
649657.6 427937
632239.4 442821.9
635909.1 476784.9
635884.5 478393.2
ID 1009
696439 472777
710405.7 455156.2
708671.5 452161.8
704450 437413.1
708566.3 437501.2
704529.4 429312.3
701879.9 426503.7
699035.9 424013.9
698300.1 424065.1
697524.9 424592.4
685415.5 421937.3
685424.7 417851.4
678493.7 419136.1
668567.5 426087.6
657014.7 426302
650579 423166.7
649657.6 427937
653467.5 432097.3
660888.4 438102.9
669816.1 444552.8
683476.5 458888.9
684030.7 459702.1
690362.5 471937.1
690767 472172.1
693551 472837.4
696439 472777
ID 1055
728468.9 466664.2
752662.7 466943.0
753031.1 457038.8
757078.6 456381.2
762881.1 443722
762750.9 441418
762629.8 437736.3
755141.7 439219.6
749584.6 439185.8
747942.4 438350.1
744805.4 434240.6
739240 429552.9
736846 428031.4
734288.5 426896.6
732788.1 426942.1
728559 433651.7
726551.1 433057.5
725463 433882.8
723244.1 436382.8
721643.3 441207.5
721072.4 442442.3
720208.6 443052.6
712920 443005.4
711620 442191.0
709214.7 439023.1
708525.5 437866.9
708566.3 437501.2
704450 437413.1
708671.5 452161.8
710405.7 455156.2
728468.9 466664.2
ID 1133
597264.2 477304.2
635909.1 476784.9
632239.4 442821.9
587425.9 443771.2
587599.2 477578.1
597264.2 477304.2
ID 1093
538005.4 479334.6
559499.9 478345.4
579840.3 477924.4
587599.2 477578.1
587425.9 443771.2
587430.3 434126.9
558225.4 434729.5
558262.1 446073.1
555045.4 449404.4
534711.2 450214.2
535068.5 453343
538005.4 479334.6
ID 1029
794200.6 441529.8
795465.4 434629.1
800551.6 407141.9
804063.3 388322.6
772521 389149.7
761182.5 389254.1
761191.6 387576.9
759627.6 385983.4
749861.9 385835.6
749859.2 386649.9
753146.9 389139.6
758231.2 395599.2
763054.9 395663.6
771116 403692.2
772672.5 406077.8
772471.7 419937.1
772361.5 431321.2
782115.6 438769.9
794200.6 441529.8
ID 1015
762750.9 441418
782115.6 438769.9
772361.5 431321.2
772471.7 419937.1
772672.5 406077.8
771116 403692.2
763054.9 395663.6
758231.2 395599.2
758316.2 398849.9
739712.2 398669.1
737262.3 401060.9
736757.9 405242.1
734370.6 408369.9
725594.2 408749.9
725499.2 411308.9
725942.3 412390.4
733562.1 418025.7
734100.7 425074.8
733815.1 425783.5
732788.1 426942.1
734288.5 426896.6
736846 428031.4
739240 429552.9
744805.4 434240.6
747942.4 438350.1
749584.6 439185.8
755141.7 439219.6
762629.8 437736.3
762750.9 441418
ID 1115
708566.3 437501.2
708525.5 437866.9
709214.7 439023.1
711620 442191.0
712920 443005.4
720208.6 443052.6
721072.4 442442.3
721643.3 441207.5
723244.1 436382.8
725463 433882.8
726551.1 433057.5
728559 433651.7
732788.1 426942.1
733815.1 425783.5
734100.7 425074.8
733562.1 418025.7
725942.3 412390.4
725499.2 411308.9
725594.2 408749.9
723996.7 408031
718784.2 398744.7
718780.8 398138.7
719535.2 396017.8
719913.9 395449.2
715307.5 387617
704323.4 376534.6
691310.5 393586.4
688862.2 394452.6
688019 395337.5
688025.3 401772.7
688801.9 403377.2
689605.1 403382.8
690392.9 405796.7
690357.2 413026.9
688672.7 417884.2
685424.7 417851.4
685415.5 421937.3
697524.9 424592.4
698300.1 424065.1
699035.9 424013.9
701879.9 426503.7
704529.4 429312.3
708566.3 437501.2
ID 1127
632239.4 442821.9
649657.6 427937
650579 423166.7
648997.2 419959.9
642042.4 408709
640036.2 405509
637786.2 402317.1
626666.7 392177.8
623836.1 390469.2
621653.5 389521.5
616886 389649.1
616844.4 397770.5
608757.3 399331.9
607081.1 399389
607060.9 409040
597372.8 409363.3
597076.3 428836.3
587412.8 429329.8
587430.3 434126.9
587425.9 443771.2
632239.4 442821.9
ID 1075
534711.2 450214.2
555045.4 449404.4
558262.1 446073.1
558225.4 434729.5
558191.6 428018.1
558558.5 401069.4
558522.4 390821.6
528052.5 392103.6
530658.9 415484.8
534711.2 450214.2
ID 1057
558225.4 434729.5
587430.3 434126.9
587412.8 429329.8
597076.3 428836.3
597372.8 409363.3
607060.9 409040
607081.1 399389
587776.7 400252.3
584530.1 396170.6
584518.3 390467.7
577605.1 390290.8
568354 390870.1
558522.4 390821.6
558558.5 401069.4
558191.6 428018.1
558225.4 434729.5
ID 1073
650579 423166.7
657014.7 426302
668567.5 426087.6
678493.7 419136.1
685424.7 417851.4
688672.7 417884.2
690357.2 413026.9
690392.9 405796.7
689605.1 403382.8
688801.9 403377.2
688025.3 401772.7
688019 395337.5
688862.2 394452.6
691310.5 393586.4
691294.7 391172.5
683238.5 384768.1
676740.6 384655.2
657487.4 369286.7
653454.4 363607.3
651414.4 362395.0
648604.5 361154.4
644091.7 360044.4
640467.2 360078.4
636445.6 364924.4
628368.7 370701.3
624945 374244.6
619327.5 381521.6
618151 387004.5
621653.5 389521.5
623836.1 390469.2
626666.7 392177.8
637786.2 402317.1
640036.2 405509
642042.4 408709
648997.2 419959.9
650579 423166.7
ID 1121
725594.2 408749.9
734370.6 408369.9
736757.9 405242.1
737262.3 401060.9
739712.2 398669.1
758316.2 398849.9
758231.2 395599.2
753146.9 389139.6
748219.9 389053.1
743049.2 375980.9
732468.7 366279.9
723750 355098.0
723734.5 344971.4
694177.6 344481.7
694421.3 351584.5
706399.8 365971.7
707862.2 372537.5
706747.1 374514.8
704323.4 376534.6
715307.5 387617
719913.9 395449.2
719535.2 396017.8
718780.8 398138.7
718784.2 398744.7
723996.7 408031
725594.2 408749.9
ID 1111
772521 389149.7
804063.3 388322.6
805171.6 382265.6
811229 349261.8
811666.2 346886.6
777984.1 346134.3
772339.7 345955.1
772521 389149.7
ID 1027
753146.9 389139.6
749859.2 386649.9
749861.9 385835.6
759627.6 385983.4
761191.6 387576.9
761182.5 389254.1
772521 389149.7
772339.7 345955.1
739178 343610.8
723734.5 344971.4
723750 355098.0
732468.7 366279.9
743049.2 375980.9
748219.9 389053.1
753146.9 389139.6
ID 1117
691310.5 393586.4
704323.4 376534.6
706747.1 374514.8
707862.2 372537.5
706399.8 365971.7
694421.3 351584.5
694177.6 344481.7
691806.8 335322.2
687267 335827.3
684449.4 337941.2
683030.3 340183.4
672796.6 340564.5
657737.6 340751.7
657794.6 338316.6
644091.7 360044.4
648604.5 361154.4
651414.4 362395.0
653454.4 363607.3
657487.4 369286.7
676740.6 384655.2
683238.5 384768.1
691294.7 391172.5
691310.5 393586.4
ID 1125
607081.1 399389
608757.3 399331.9
616844.4 397770.5
616886 389649.1
621653.5 389521.5
618151 387004.5
619327.5 381521.6
624945 374244.6
628368.7 370701.3
636445.6 364924.4
640467.2 360078.4
639451.1 360065.8
633224.9 358862.3
632427.5 358448.7
628047.3 354450.1
620346 347389.9
617588.9 343045.3
616955.8 333312.3
607294.6 332989.9
579844.2 333389.9
568514.4 349701.3
568354 390870.1
577605.1 390290.8
584518.3 390467.7
584530.1 396170.6
587776.7 400252.3
607081.1 399389
ID 1107
568354 390870.1
568514.4 349701.3
556260.8 341574.4
553074 340781.1
545665.2 337530.1
537176 332870.3
537213.9 332353.8
521455.2 331950.1
525065.1 364875.8
528052.5 392103.6
558522.4 390821.6
568354 390870.1
ID 1017
811666.2 346886.6
816751 320632.5
821491.7 306973.5
811054.8 306600.8
807629.1 304922.6
778746.8 304116.4
777984.1 346134.3
811666.2 346886.6
ID 1007
640467.2 360078.4
644091.7 360044.4
657794.6 338316.6
658283.8 331002.6
658407.8 314627.4
645016 314642.7
623406.2 313982.1
616928.8 313943.5
616893.4 318778.8
607374 318698.7
607294.6 332989.9
616955.8 333312.3
617588.9 343045.3
620346 347389.9
628047.3 354450.1
632427.5 358448.7
633224.9 358862.3
639451.1 360065.8
640467.2 360078.4
ID 1123
772339.7 345955.1
777984.1 346134.3
778746.8 304116.4
769368.1 289240.9
763756.7 287527.3
760037.3 277804.8
751674.7 277543.5
751408.7 277871.3
751195.3 278777.9
750638.5 301753.9
751802.6 304937.8
751722.4 306417.8
751484 306548.6
739901.5 306428.0
739178 343610.8
772339.7 345955.1
ID 1037
723734.5 344971.4
739178 343610.8
739901.5 306428.0
705214.2 305925.6
691806.8 335322.2
694177.6 344481.7
723734.5 344971.4
ID 1021
691806.8 335322.2
705214.2 305925.6
701902.5 300685.5
673672.6 300248.5
673786.5 295373.9
664108.4 295127.9
654689.6 295519.8
645200.7 302675.8
645016 314642.7
658407.8 314627.4
658283.8 331002.6
657794.6 338316.6
657737.6 340751.7
672796.6 340564.5
683030.3 340183.4
684449.4 337941.2
687267 335827.3
691806.8 335322.2
ID 1063
568514.4 349701.3
579844.2 333389.9
568886.5 317615.8
568820 315231.3
569720.6 306697.7
572430.8 295626.3
576536.1 289828.6
570636.6 279932.6
566800.7 280779.3
561290.7 291117.3
560378.1 291798.1
559578.3 291890.6
557883.8 291253.9
555988 290197.9
555230.4 289551
551993.3 288409.5
547905.8 287609.3
547629.3 287713.1
545648 290586
536521.9 314866.0
535358 323065.2
537213.9 332353.8
537176 332870.3
545665.2 337530.1
553074 340781.1
556260.8 341574.4
568514.4 349701.3
ID 1065
579844.2 333389.9
607294.6 332989.9
607374 318698.7
602597.3 308402.6
597636.2 294433.4
597698.7 275173.7
578499.8 275073.7
578422.5 279909.2
570636.6 279932.6
576536.1 289828.6
572430.8 295626.3
569720.6 306697.7
568820 315231.3
568886.5 317615.8
579844.2 333389.9
ID 1081
778746.8 304116.4
807629.1 304922.6
811054.8 306600.8
821491.7 306973.5
826871.9 291730.5
834831.8 281081.3
829452.7 276787.1
812411 273939.9
804124.4 269352.0
794350.3 269047.0
793737.3 278716.5
788964.9 278608.3
769413 287699.6
769368.1 289240.9
778746.8 304116.4
ID 1119
521455.2 331950.1
537213.9 332353.8
535358 323065.2
536521.9 314866.0
545648 290586
547629.3 287713.1
547905.8 287609.3
551993.3 288409.5
555230.4 289551
555988 290197.9
557883.8 291253.9
559578.3 291890.6
560378.1 291798.1
561290.7 291117.3
566800.7 280779.3
561954.9 279753.5
561135.3 279258.6
549821.9 269764.5
549179.8 268419.9
548608.9 263998.7
548768 263315.7
555669 260003.8
559445.8 256242.8
513226.2 256324.3
516555.7 286177.6
520721.5 325066.9
521455.2 331950.1
ID 1105
607374 318698.7
616893.4 318778.8
616928.8 313943.5
623406.2 313982.1
645016 314642.7
645200.7 302675.8
642648.7 292470.3
640602.2 285936.1
637270.2 277496.7
636384.6 275975.8
623497.2 275447.4
607222.7 275279.8
607369.1 255890.4
602535 255833.5
597698.7 275173.7
597636.2 294433.4
602597.3 308402.6
607374 318698.7
ID 1051
739901.5 306428.0
751484 306548.6
751722.4 306417.8
751802.6 304937.8
750638.5 301753.9
751195.3 278777.9
751408.7 277871.3
751674.7 277543.5
738922.7 269252.8
736568.3 267674.1
730148.9 268808.0
722913.9 270836.5
723379.5 271546.7
719387 276701.7
718707.6 277265.7
717382.7 277840.6
716336.6 278029.0
702422.2 267700.9
701902.5 300685.5
705214.2 305925.6
739901.5 306428.0
ID 1001
701902.5 300685.5
702422.2 267700.9
694437.7 260358.7
683376.2 266388.5
672079.1 266054
667892.1 265707.8
667540 265247.7
664491.9 259719.6
654689.6 295519.8
664108.4 295127.9
673786.5 295373.9
673672.6 300248.5
701902.5 300685.5
ID 1047
645200.7 302675.8
654689.6 295519.8
664491.9 259719.6
656006.1 227197.1
630402.4 227037.9
616690.6 242067.9
605769.2 251157.1
605220.1 251545.5
602618.6 251099.4
602535 255833.5
607369.1 255890.4
607222.7 275279.8
623497.2 275447.4
636384.6 275975.8
637270.2 277496.7
640602.2 285936.1
642648.7 292470.3
645200.7 302675.8
ID 1087
769368.1 289240.9
769413 287699.6
788964.9 278608.3
793737.3 278716.5
794350.3 269047.0
794772.4 249616.3
755035.7 248641.6
754301.2 248984.0
748932.8 253244.4
738922.7 269252.8
751674.7 277543.5
760037.3 277804.8
763756.7 287527.3
769368.1 289240.9
ID 1113
836038.5 265640.9
834619.6 261785.9
834734.6 260865.7
835243.5 260173.1
841252.6 257950.1
843384.1 255833.3
844143.7 253894
843036.9 250511.4
842781.8 250231.7
830795.7 231329.8
818610.2 230911.5
817952.5 231238.1
814490.7 235610
814227.2 236631.3
811545.4 240365.7
797158.9 239898.7
794772.4 249616.3
794350.3 269047.0
804124.4 269352.0
812411 273939.9
829452.7 276787.1
834831.8 281081.3
836038.5 265640.9
ID 1101
702422.2 267700.9
716336.6 278029.0
717382.7 277840.6
718707.6 277265.7
719387 276701.7
723379.5 271546.7
722913.9 270836.5
730148.9 268808.0
736568.3 267674.1
738922.7 269252.8
748932.8 253244.4
741956 228373
723697.2 218752.5
713221.3 218477.3
712982.7 228078.8
703288.3 227872.5
694437.7 260358.7
702422.2 267700.9
ID 1091
570636.6 279932.6
578422.5 279909.2
578499.8 275073.7
597698.7 275173.7
602535 255833.5
602618.6 251099.4
601226.1 251436.4
599551.6 251456.4
598674.8 251218.1
597794.7 249980.5
588300 236405.9
588189.7 222341.7
584146.5 220778
545806.6 220779.3
543407.6 221269.8
542676.8 221761.1
542027.8 222580.7
541670.9 223755.9
541620.6 227817.2
551099.8 253470.5
552506.9 254728.4
555053.7 256000.4
559445.8 256242.8
555669 260003.8
548768 263315.7
548608.9 263998.7
549179.8 268419.9
549821.9 269764.5
561135.3 279258.6
561954.9 279753.5
566800.7 280779.3
570636.6 279932.6
ID 1085
664491.9 259719.6
667540 265247.7
667892.1 265707.8
672079.1 266054
683376.2 266388.5
694437.7 260358.7
703288.3 227872.5
699422 218285.5
660725.4 217709.6
656006.1 227197.1
664491.9 259719.6
ID 1011
794772.4 249616.3
797158.9 239898.7
795551.4 239057.6
795467 229361.4
795718.8 225258.2
787823.2 223417.6
780153.6 221369.6
775098.3 213419.9
774313.2 210819.4
774315.3 209929.8
761693.6 209732.2
755438.4 219274.5
751709.4 228103.2
749987.7 228898.4
745934.2 229616
741956 228373
748932.8 253244.4
754301.2 248984.0
755035.7 248641.6
794772.4 249616.3
ID 1005
830795.7 231329.8
830288.5 223082.9
823673 199807.0
825132 197496.8
824296 198359.6
822765 199014.4
822205 199046.7
821726.3 198825.5
818914.5 195953.6
817080.5 191812
816520.7 190996.9
797551 191088.9
797697.8 181417.2
766211.6 180707.2
774315.3 209929.8
774313.2 210819.4
775098.3 213419.9
780153.6 221369.6
787823.2 223417.6
795718.8 225258.2
795467 229361.4
795551.4 239057.6
797158.9 239898.7
811545.4 240365.7
814227.2 236631.3
814490.7 235610
817952.5 231238.1
818610.2 230911.5
830795.7 231329.8
ID 1023
513226.2 256324.3
559445.8 256242.8
555053.7 256000.4
552506.9 254728.4
551099.8 253470.5
541620.6 227817.2
541670.9 223755.9
542027.8 222580.7
542676.8 221761.1
543407.6 221269.8
545806.6 220779.3
544233.4 188534.4
508575 188630.6
508247.5 210455.3
512182.5 247348.7
513226.2 256324.3
ID 1131
602618.6 251099.4
605220.1 251545.5
605769.2 251157.1
616690.6 242067.9
630402.4 227037.9
656006.1 227197.1
660725.4 217709.6
656143.5 203097.9
639052.6 202853.8
625294.2 203079.6
599912 202792.0
584146.5 220778
588189.7 222341.7
588300 236405.9
597794.7 249980.5
598674.8 251218.1
599551.6 251456.4
601226.1 251436.4
602618.6 251099.4
ID 1109
741956 228373
745934.2 229616
749987.7 228898.4
751709.4 228103.2
755438.4 219274.5
761693.6 209732.2
774315.3 209929.8
766211.6 180707.2
762331.2 180636.4
728478.5 180136.9
723697.2 218752.5
741956 228373
ID 1041
723697.2 218752.5
728478.5 180136.9
728773.1 171261.0
727585.8 170417.7
723955.6 170345.6
724153.4 160380.7
717694.6 160427.4
716236 162011.3
716064.2 168417.4
715849 170093.6
714081.2 170072.5
704474 169818.9
695047.3 169529.3
694885.1 183934.1
699712.2 184020.5
699920 190885.6
699422 218285.5
703288.3 227872.5
712982.7 228078.8
713221.3 218477.3
723697.2 218752.5
ID 1013
660725.4 217709.6
699422 218285.5
699920 190885.6
699712.2 184020.5
694885.1 183934.1
695047.3 169529.3
675832.5 169203.1
662739.5 169270.2
660444.5 171349.6
656275.3 181149
656285.8 194465.3
656143.5 203097.9
660725.4 217709.6
ID 1025
584146.5 220778
599912 202792.0
598261.5 201143.9
593663.7 188143.3
593757.5 173278.1
593978.8 162374.3
592990.8 159092.3
590768.2 156637.6
589580 156071.9
588332.4 156396.7
586511.4 158067
585326.6 158075.6
584258.5 157780
574892.1 151223.9
572936.1 147353.5
572895.1 146883.3
573026.6 145688.1
573322.5 145006.1
574757.4 143849.0
557437.7 132328.4
555674 138921.6
557418.9 143220.5
559291 145296
561371.6 147117.2
562554 150413.7
563157.7 153989.5
563106.8 154674.2
561372.1 165649.8
557974.7 169333.9
554560.6 170532.4
550759.7 172209.2
549563 173116.2
545063.6 177653.8
543933.1 183852
544233.4 188534.4
545806.6 220779.3
584146.5 220778
ID 1067
797697.8 181417.2
797551 191088.9
816520.7 190996.9
817080.5 191812
818914.5 195953.6
821726.3 198825.5
822205 199046.7
822765 199014.4
824296 198359.6
825132 197496.8
833059.2 171005.6
829660.3 147588.2
798244.2 147646.0
797697.8 181417.2
ID 1099
656143.5 203097.9
656285.8 194465.3
655702.2 194410.8
653468 193587.7
645102.4 189952.1
634607.7 182143
634186.4 180166.7
625680.6 161202
619326.1 155345
607782 141814.9
607010.5 140378.9
606924.4 139723.4
600956.2 139587.8
595347.8 136365.5
594382.2 136063.6
588961.1 137961.0
574757.4 143849.0
573322.5 145006.1
573026.6 145688.1
572895.1 146883.3
572936.1 147353.5
574892.1 151223.9
584258.5 157780
585326.6 158075.6
586511.4 158067
588332.4 156396.7
589580 156071.9
590768.2 156637.6
592990.8 159092.3
593978.8 162374.3
593757.5 173278.1
593663.7 188143.3
598261.5 201143.9
599912 202792.0
625294.2 203079.6
639052.6 202853.8
656143.5 203097.9
ID 1035
675832.5 169203.1
676218.1 132448.9
674650.5 131823.5
670329.9 132336.9
669641.9 133031.5
669341.7 133504.9
669335.5 134505.9
669866.9 139314.3
670098.7 140055.3
606924.4 139723.4
607010.5 140378.9
607782 141814.9
619326.1 155345
625680.6 161202
634186.4 180166.7
634607.7 182143
645102.4 189952.1
653468 193587.7
655702.2 194410.8
656285.8 194465.3
656275.3 181149
660444.5 171349.6
662739.5 169270.2
675832.5 169203.1
ID 1045
766211.6 180707.2
797697.8 181417.2
798244.2 147646.0
798339.6 144454.3
791862.5 139866.6
790419.3 139888.9
786153 140666.4
783798.9 141550.8
780613.5 142617.8
779116 142797.4
777508.6 142904.7
775232.9 142346.4
774655 141940.4
770522.5 133871.1
762843.5 133879.4
762331.2 180636.4
766211.6 180707.2
ID 1031
762331.2 180636.4
762843.5 133879.4
724532.8 132898.7
724153.4 160380.7
723955.6 170345.6
727585.8 170417.7
728773.1 171261.0
728478.5 180136.9
762331.2 180636.4
ID 1129
508575 188630.6
544233.4 188534.4
543933.1 183852
545063.6 177653.8
549563 173116.2
550759.7 172209.2
554560.6 170532.4
557974.7 169333.9
561372.1 165649.8
563106.8 154674.2
563157.7 153989.5
562554 150413.7
561371.6 147117.2
559291 145296
557418.9 143220.5
555674 138921.6
557437.7 132328.4
554918.6 128986.6
550163.1 126965.0
530626.4 125953.4
520837.2 123827.8
511099.8 123898.6
509742.9 159564.4
508575 188630.6
ID 1039
695047.3 169529.3
704474 169818.9
714081.2 170072.5
715849 170093.6
716064.2 168417.4
716236 162011.3
717694.6 160427.4
724153.4 160380.7
724532.8 132898.7
725378.4 110927.2
706141.5 110738.6
677407.3 110591.0
676218.1 132448.9
675832.5 169203.1
695047.3 169529.3
ID 1069
798244.2 147646.0
829660.3 147588.2
828396.8 144751.6
827474.7 141960.3
828062.4 133990.7
828809.8 131681.0
829594.9 131121.4
830409.5 131065.6
831079.3 130780.3
835111.5 125461.4
835702.3 124139.7
836485.4 121847.1
838552.6 113608.2
792137.8 112263.1
792224 121117.8
791971.7 134756.6
782451.5 134037.1
770522.5 133871.1
774655 141940.4
775232.9 142346.4
777508.6 142904.7
779116 142797.4
780613.5 142617.8
783798.9 141550.8
786153 140666.4
790419.3 139888.9
791862.5 139866.6
798339.6 144454.3
798244.2 147646.0
ID 1061
762843.5 133879.4
770522.5 133871.1
782451.5 134037.1
791971.7 134756.6
792224 121117.8
792137.8 112263.1
791185.3 112233.3
739917.7 111034.2
725378.4 110927.2
724532.8 132898.7
762843.5 133879.4
ID 1053
676218.1 132448.9
677407.3 110591.0
668196.3 110737.4
632220 110797.6
590552.3 110575.8
588961.1 137961.0
594382.2 136063.6
595347.8 136365.5
600956.2 139587.8
606924.4 139723.4
670098.7 140055.3
669866.9 139314.3
669335.5 134505.9
669341.7 133504.9
669641.9 133031.5
670329.9 132336.9
674650.5 131823.5
676218.1 132448.9
ID 1003
574757.4 143849.0
588961.1 137961.0
590552.3 110575.8
587095.7 95993.33
588126.1 93755.76
596877.8 82417.21
599719.8 80075.45
600238 79826.46
601798.3 79425.86
604851 77476.28
608900.3 74472.76
609872 72460.9
610139.4 71137.41
610116.2 69307.49
606968.1 45272.54
604580.7 33277.52
598237.1 31085.64
584901.5 27689.95
571068.9 25462.62
567419.8 25231.21
555504.6 25532.19
555065.2 26209.74
560179.7 27544.45
573766.9 34582.85
559801.9 70582.49
558685.1 72430.74
558145.9 72958.08
553891.5 74933.02
552601.5 75480.95
550909.2 79579.89
549608.4 83629.16
550013.9 85969.68
553614.7 96154.44
558336.9 103220.3
556846.1 118478.0
555539.7 127383.8
554918.6 128986.6
557437.7 132328.4
574757.4 143849.0
ID 1097
554918.6 128986.6
555539.7 127383.8
556846.1 118478.0
558336.9 103220.3
553614.7 96154.44
550013.9 85969.68
549608.4 83629.16
550909.2 79579.89
552601.5 75480.95
551290.1 76038.24
550901.3 75844.23
546132.1 71621.16
542042.8 55679.73
532277.7 40348.78
526890.2 42631.75
519144.6 43472.43
516963.9 43326.54
515938.4 43068.56
513987.8 41307.53
513968.2 41289.83
512620.6 81896.76
511600.4 111035.4
511099.8 123898.6
520837.2 123827.8
530626.4 125953.4
550163.1 126965.0
554918.6 128986.6
