ID 05
352550.5 825179.5
386523.3 825166.1
389212.3 825188.1
429380.2 825295.3
449317.5 825167
453162 825141.1
478323 825388
508997.1 825791.1
527674.4 826023.3
559540.9 826456.6
561940 826494.7
565486.5 826447.9
573011.5 815054.1
573787 813855.6
574000.9 805080.2
572940.3 802580.2
572289.8 801637.7
562095.7 793579
547158.9 770498.8
554366.1 770681.4
584073.8 771514.7
604478.4 772120.4
608789.9 761534.1
606350 761684.2
604667.6 761475
602661.9 760555.6
602404.5 760366.2
601803.6 759924.1
593113.1 743670.8
589590.4 720434.2
567792.4 708791.2
573591.3 702647.2
573895.7 701482.5
576383.2 676079.7
576362.5 675975.7
576335.3 675839
576318.3 675753.3
576131.2 675543
574708.7 673945.1
564760 667103.3
555520.1 664553.2
554272.7 661165.5
554351.4 659607.2
556005.6 644641.2
545623.2 641388.9
530573 619927
531266.7 607071
531805.8 597099.8
531031.8 595029.9
530961.5 594841.8
530758.7 594682.5
527449.4 592083.6
523370.6 590363.3
518526 589618.7
513675.7 588875.8
504217.6 573774.6
499732 565532.3
498270 562828.4
498515.5 561733.5
498551.5 561573
502579.6 558137.3
503458.3 555714.3
502736.5 552046.3
484271.2 543830.2
475479.8 512616.6
474839.1 510120.3
474954.5 509894.8
475458.4 508910
478169.7 506744.5
480669.9 504554.3
480697.3 504530.4
480674.3 504439.1
480374.2 503247.2
478704.7 501928
471730.6 499507.3
472853.3 495969.9
472976.6 495879.4
477580.1 492502.2
481318.7 489762.9
481956.1 487136.9
480729.2 485013.2
475852.5 483809.9
479984 470403.4
482889.6 464608.8
485203.9 461935.5
485130.8 453556.9
485129.9 453453.5
481679.5 441566.4
481596.8 441481.9
478723.1 438549.1
477934.8 437745.1
468687.3 437782.7
452728.2 437794
450427.5 437798
393542 437879.8
332253.4 438803.9
307614.4 439337
284265.9 439668
260729.7 440031.7
257884.9 440092.8
231356.2 440604.9
230457.6 440623.5
209118.4 441008.6
209673.7 468953.7
210253 500116.7
208118.1 502007.3
206425.4 502777.8
197504.6 504924.1
192267.7 504413.8
190912.6 504282.2
190426.2 503889.6
181217.5 499734.2
176326.4 502631
174989.4 503564.4
171302.3 506140.3
170706.5 506944.7
170059.7 508614.1
169409 510518.1
171016.0 544103
172331.4 571688.7
174020.8 606886
175213.3 631436.2
176369.4 654156.8
178936.1 703690.4
179056.4 705606.1
175996.2 732373.6
174484.9 745800.5
170075.3 784005.3
169284.2 790634.7
165282.3 828244.2
213763.0 827056.3
232619.8 826699.5
257945.6 826284.6
282058.3 825888.8
283785.4 825864.7
323407.2 825403.4
330745.8 825321.7
352550.5 825179.5
