ID 5021
527674.4 826023.3
559540.9 826456.6
561940 826494.7
565486.5 826447.9
573011.5 815054.1
573787 813855.6
574000.9 805080.2
572940.3 802580.2
572289.8 801637.7
562095.7 793579
551081 793299.3
551032 796581.8
544728.3 799722.7
515460.8 800264.3
507306.9 800043.6
508997.1 825791.1
527674.4 826023.3
ID 5121
508997.1 825791.1
507306.9 800043.6
507170.5 787017
485998.1 786994.7
482989.7 783282.4
477097.8 788764.5
466643.7 798663.7
466615.6 805804.2
464996.7 811608
461611.9 816676.7
458424.3 818348.5
453141.5 824036
453162 825141.1
478323 825388
508997.1 825791.1
ID 5135
453162 825141.1
453141.5 824036
458424.3 818348.5
461611.9 816676.7
464996.7 811608
466615.6 805804.2
466643.7 798663.7
460124.2 797171.8
458488 795617.8
458347.5 789399
458364.8 772637.2
458059.9 757828.8
448353.4 757981.2
448461.4 762908.8
426129.2 763360.2
427750.7 797953.8
439026.2 797622
449031.6 810323.3
449317.5 825167
453162 825141.1
ID 5049
449317.5 825167
449031.6 810323.3
439026.2 797622
427750.7 797953.8
385882.8 798805.2
386523.3 825166.1
389212.3 825188.1
429380.2 825295.3
449317.5 825167
ID 5005
352550.5 825179.5
386523.3 825166.1
385882.8 798805.2
385640.5 791009.9
380744.8 789249
380617.8 784624.7
382377.6 784570.1
382182.9 776387.9
372277.2 766946.4
362613.3 767185.1
362906.7 776830.4
363140.4 783307.3
361067.6 788583.1
356713.4 798411.1
352752.6 803421.8
351303.6 804516
352121.8 813209.5
352550.5 825179.5
ID 5089
330745.8 825321.7
352550.5 825179.5
352121.8 813209.5
351303.6 804516
352752.6 803421.8
356713.4 798411.1
361067.6 788583.1
363140.4 783307.3
362906.7 776830.4
324489.1 777882.8
319762 782808.8
323407.2 825403.4
330745.8 825321.7
ID 5009
323407.2 825403.4
319762 782808.8
314901.2 782962.4
282895.2 783995.2
283785.4 825864.7
323407.2 825403.4
ID 5015
283785.4 825864.7
282895.2 783995.2
266735.5 784637.7
260307.8 784875.2
257248.3 788180.4
254940.1 791644.5
254216.1 793284.4
254383.6 797427.9
253344.6 801840.5
251015.7 804645.9
236827.2 805273.2
232619.8 826699.5
257945.6 826284.6
282058.3 825888.8
283785.4 825864.7
ID 5007
213763.0 827056.3
232619.8 826699.5
236827.2 805273.2
230195.4 797450.7
219036.9 797950.7
209327.8 796215
190051.7 796021.8
185722.1 788102.8
184574.9 783339.7
170075.3 784005.3
169284.2 790634.7
165282.3 828244.2
213763.0 827056.3
ID 5055
507306.9 800043.6
515460.8 800264.3
544728.3 799722.7
551032 796581.8
551081 793299.3
562095.7 793579
547158.9 770498.8
545529.7 767017.1
503575.9 766812.3
502832.9 769883.8
506803.7 779393.2
508145.4 780275.3
510712.2 782488
512552.2 786588.7
512547.1 787003.4
507170.5 787017
507306.9 800043.6
ID 5075
466643.7 798663.7
477097.8 788764.5
482989.7 783282.4
485998.1 786994.7
507170.5 787017
512547.1 787003.4
512552.2 786588.7
510712.2 782488
508145.4 780275.3
506803.7 779393.2
502832.9 769883.8
503575.9 766812.3
487397.1 757443.8
472392.8 757863.6
458059.9 757828.8
458364.8 772637.2
458347.5 789399
458488 795617.8
460124.2 797171.8
466643.7 798663.7
ID 5065
427750.7 797953.8
426129.2 763360.2
413602.9 755080.1
409401.6 756758.5
392284.7 765995.9
394859.9 773133.1
394840 773624.4
393267.3 775687.2
392783.6 776099.2
382377.6 784570.1
380617.8 784624.7
380744.8 789249
385640.5 791009.9
385882.8 798805.2
427750.7 797953.8
ID 5087
236827.2 805273.2
251015.7 804645.9
253344.6 801840.5
254383.6 797427.9
254216.1 793284.4
254940.1 791644.5
257248.3 788180.4
260307.8 784875.2
266735.5 784637.7
267524.9 767135.7
264551.6 762442
262362.6 757668.5
262045.5 751236.5
262568.7 744558
246587.8 745378.3
227136.5 744733.3
222430.3 744953.1
222789.7 752978.8
224819.2 781566.5
230195.4 797450.7
236827.2 805273.2
ID 5143
170075.3 784005.3
184574.9 783339.7
185722.1 788102.8
190051.7 796021.8
209327.8 796215
219036.9 797950.7
230195.4 797450.7
224819.2 781566.5
222789.7 752978.8
222430.3 744953.1
207843.2 745655.8
196595.8 744731.1
174484.9 745800.5
170075.3 784005.3
ID 5137
382377.6 784570.1
392783.6 776099.2
393267.3 775687.2
394840 773624.4
394859.9 773133.1
392284.7 765995.9
409401.6 756758.5
413602.9 755080.1
414740.1 737047
378227.7 737866.4
362312.5 746397.6
362613.3 767185.1
372277.2 766946.4
382182.9 776387.9
382377.6 784570.1
ID 5093
604478.4 772120.4
608789.9 761534.1
606350 761684.2
604667.6 761475
602661.9 760555.6
602404.5 760366.2
601803.6 759924.1
593113.1 743670.8
589590.4 720434.2
567792.4 708791.2
555556.4 708775.6
555103.1 737776.6
554366.1 770681.4
584073.8 771514.7
604478.4 772120.4
ID 5129
314901.2 782962.4
319762 782808.8
324489.1 777882.8
362906.7 776830.4
362613.3 767185.1
362312.5 746397.6
343040.2 746744
342866.7 738702.3
326708.6 739264
313899.5 739625.3
314901.2 782962.4
ID 5101
314901.2 782962.4
313899.5 739625.3
294615.1 740287.2
262568.7 744558
262045.5 751236.5
262362.6 757668.5
264551.6 762442
267524.9 767135.7
266735.5 784637.7
282895.2 783995.2
314901.2 782962.4
ID 5031
554366.1 770681.4
555103.1 737776.6
540278 738007.3
504156.8 737665
487178.1 737847.4
487397.1 757443.8
503575.9 766812.3
545529.7 767017.1
547158.9 770498.8
554366.1 770681.4
ID 5063
458059.9 757828.8
472392.8 757863.6
471804.7 755934.5
470766.2 753350.2
468038.2 747747.1
459720.1 731451.7
457194.2 717392.7
444970.9 717496
437931.2 717747.4
418691 718095.7
414740.1 737047
413602.9 755080.1
426129.2 763360.2
448461.4 762908.8
448353.4 757981.2
458059.9 757828.8
ID 5067
472392.8 757863.6
487397.1 757443.8
487178.1 737847.4
487236.7 708372.2
487291.8 698535.5
468037.4 698742.1
467841.4 708528.7
459010.7 708371
459280.2 707722.3
437931.2 717747.4
444970.9 717496
457194.2 717392.7
459720.1 731451.7
468038.2 747747.1
470766.2 753350.2
471804.7 755934.5
472392.8 757863.6
ID 5141
362312.5 746397.6
378227.7 737866.4
377024.4 699195.8
356239.9 699788.9
356453.9 709454.3
322771.1 710500.2
322963.7 720071.2
326317.3 724429.3
326708.6 739264
342866.7 738702.3
343040.2 746744
362312.5 746397.6
ID 5111
487178.1 737847.4
504156.8 737665
540278 738007.3
555103.1 737776.6
555556.4 708775.6
535996.9 708818.8
526149.8 709461.6
516581.3 709441.2
495507.5 708359.7
487236.7 708372.2
487178.1 737847.4
ID 5047
227136.5 744733.3
246587.8 745378.3
244583.6 701744.4
215288.7 684365
211589.8 710141.5
213053.5 710790.5
214948.8 716052.8
216442.9 722315.5
217197.9 734012.4
227015.5 741516.4
228748.8 743070.9
228817.3 744664.1
227136.5 744733.3
ID 5071
246587.8 745378.3
262568.7 744558
294615.1 740287.2
294146.2 725736.9
289082.3 716542.6
283976.6 711664.3
282354.8 711696.9
281872.4 695889.6
265968.4 705755.3
262057.5 704397.7
255093 702512.1
244583.6 701744.4
246587.8 745378.3
ID 5033
222430.3 744953.1
227136.5 744733.3
228817.3 744664.1
228748.8 743070.9
227015.5 741516.4
217197.9 734012.4
216442.9 722315.5
214948.8 716052.8
213053.5 710790.5
211589.8 710141.5
206237.1 710891
205468.8 710804.5
204909.8 710515.7
204112 709885.6
203688.5 709056.9
204072.1 708122.4
205358.3 706915.7
205696.9 706197.3
206026.7 704992.2
205921.4 704203.6
205615.6 703505.4
204903.7 702960.5
199104.1 700642.8
197581.5 700241.4
191287.8 700051.2
189005.5 700868.5
187002.4 703533.7
186754.9 705026.8
187168.8 706471
187161.4 706904.4
186696.9 708047.2
183835.9 710444.3
182371.4 711133.4
181169.8 711416.3
180931.5 711322.7
179056.4 705606.1
175996.2 732373.6
174484.9 745800.5
196595.8 744731.1
207843.2 745655.8
222430.3 744953.1
ID 5023
414740.1 737047
418691 718095.7
418536.3 709381.3
413457.8 698574.5
389868.0 699062.8
377024.4 699195.8
378227.7 737866.4
414740.1 737047
ID 5115
326708.6 739264
326317.3 724429.3
322963.7 720071.2
322771.1 710500.2
318357.7 678104.6
306785.4 677359.9
283742.7 694753.8
281872.4 695889.6
282354.8 711696.9
283976.6 711664.3
289082.3 716542.6
294146.2 725736.9
294615.1 740287.2
313899.5 739625.3
326708.6 739264
ID 5145
418691 718095.7
437931.2 717747.4
459280.2 707722.3
451524.3 699094.8
451031.9 692499.7
451177.9 691806.8
453523.8 688354.2
450815.9 671341.3
448779 668862.6
418023.5 662203.4
405117.5 663899
400932.3 665536.3
389078.9 666187.8
389868.0 699062.8
413457.8 698574.5
418536.3 709381.3
418691 718095.7
ID 5035
567792.4 708791.2
573591.3 702647.2
573895.7 701482.5
576383.2 676079.7
576362.5 675975.7
576335.3 675839
576318.3 675753.3
576131.2 675543
574708.7 673945.1
564760 667103.3
555520.1 664553.2
554272.7 661165.5
554351.4 659607.2
556005.6 644641.2
545623.2 641388.9
545449.8 649303.6
545828 660223
545752.7 676387.7
536428.4 675808.5
535996.9 708818.8
555556.4 708775.6
567792.4 708791.2
ID 5037
535996.9 708818.8
536428.4 675808.5
487243.2 675660
487291.8 698535.5
487236.7 708372.2
495507.5 708359.7
516581.3 709441.2
526149.8 709461.6
535996.9 708818.8
ID 5147
459280.2 707722.3
459010.7 708371
467841.4 708528.7
468037.4 698742.1
487291.8 698535.5
487243.2 675660
477610.9 659406.6
469608.1 659526.5
465408.0 657403.2
464508.5 654021.8
464447.6 649319.2
457712.8 649306.7
458043.8 664749.3
449320.8 664733
448937 665992.5
448779 668862.6
450815.9 671341.3
453523.8 688354.2
451177.9 691806.8
451031.9 692499.7
451524.3 699094.8
459280.2 707722.3
ID 5029
322771.1 710500.2
356453.9 709454.3
356239.9 699788.9
349429.1 671515.4
344736.7 668028
343557.7 667636.6
342104.9 667441.8
334416.8 667003.4
305077.1 667827.2
318357.7 678104.6
322771.1 710500.2
ID 5131
179056.4 705606.1
180931.5 711322.7
181169.8 711416.3
182371.4 711133.4
183835.9 710444.3
186696.9 708047.2
187161.4 706904.4
187168.8 706471
186754.9 705026.8
187002.4 703533.7
189005.5 700868.5
191287.8 700051.2
197581.5 700241.4
199104.1 700642.8
204903.7 702960.5
205615.6 703505.4
205921.4 704203.6
206026.7 704992.2
205696.9 706197.3
205358.3 706915.7
204072.1 708122.4
203688.5 709056.9
204112 709885.6
204909.8 710515.7
205468.8 710804.5
206237.1 710891
211589.8 710141.5
215288.7 684365
214883.2 676275.1
205041.4 676753.5
204824.9 671910.2
203177.8 671963.5
197273.0 669790.2
194714.5 668329.6
194689.4 667519.4
196695.9 667400.1
196307.3 657537.6
193150.4 656399.5
177961.2 653800.8
176369.4 654156.8
178936.1 703690.4
179056.4 705606.1
ID 5083
244583.6 701744.4
255093 702512.1
262057.5 704397.7
265968.4 705755.3
281872.4 695889.6
283742.7 694753.8
283445.7 683122.2
264819.4 679812.9
248454.3 676487
244446.6 675079
244067.4 665302.9
244398.4 662293.3
225154.9 662954.8
210697.9 663677.8
204613.9 667032.4
204824.9 671910.2
205041.4 676753.5
214883.2 676275.1
215288.7 684365
244583.6 701744.4
ID 5045
389868.0 699062.8
389078.9 666187.8
388924.4 660171.5
379230.5 660440.3
375961.3 650883
357391.7 651443.1
350277.8 653763.4
348627.4 654333
347581.5 654973
346653.3 655836.4
345691.3 657605.2
345373.2 658979.6
345817.3 660272.2
346473.8 661019.9
347987.2 662117.7
349055.2 663131.7
349782.2 664110
350236.5 665061.2
350702.7 667725.3
350618.4 668766.5
349870 671100.5
349429.1 671515.4
356239.9 699788.9
377024.4 699195.8
389868.0 699062.8
ID 5149
283742.7 694753.8
306785.4 677359.9
318357.7 678104.6
305077.1 667827.2
297429.8 661443.7
290393.8 655269
287148.3 652012.4
282229.8 645925.3
282119.9 634389.3
272326.4 631211.5
243395.9 631861.3
244398.4 662293.3
244067.4 665302.9
244446.6 675079
248454.3 676487
264819.4 679812.9
283445.7 683122.2
283742.7 694753.8
ID 5123
536428.4 675808.5
545752.7 676387.7
545828 660223
545449.8 649303.6
496441.4 648976.7
487163.7 649443.3
482322.3 649386.7
482312.2 644445.6
477610.9 659406.6
487243.2 675660
536428.4 675808.5
ID 5117
418023.5 662203.4
448779 668862.6
448937 665992.5
449320.8 664733
458043.8 664749.3
457712.8 649306.7
457098.8 610558.6
437210 610940.1
437137.3 601273.4
434434.7 601146.8
429573.9 601383.3
433530.5 608575.3
433644.8 610244.7
433146.2 617388.1
427990.2 649945.3
417921.3 650131.4
418023.5 662203.4
ID 5105
305077.1 667827.2
334416.8 667003.4
342104.9 667441.8
343557.7 667636.6
344736.7 668028
349429.1 671515.4
349870 671100.5
350618.4 668766.5
350702.7 667725.3
350236.5 665061.2
349782.2 664110
349055.2 663131.7
347987.2 662117.7
346473.8 661019.9
345817.3 660272.2
345373.2 658979.6
345691.3 657605.2
346653.3 655836.4
347581.5 654973
348627.4 654333
350277.8 653763.4
347420.8 652005
340656.3 650642.1
331126.8 649217.2
330914.5 642835.3
332346.0 642796.9
331344.2 640870.7
324117.3 643068.9
311255.2 643602
301798.5 643581.4
301579.1 634020.4
282119.9 634389.3
282229.8 645925.3
287148.3 652012.4
290393.8 655269
297429.8 661443.7
305077.1 667827.2
ID 5085
389078.9 666187.8
400932.3 665536.3
405117.5 663899
418023.5 662203.4
417921.3 650131.4
427990.2 649945.3
433146.2 617388.1
433644.8 610244.7
433530.5 608575.3
429573.9 601383.3
427079.9 601458.8
397245.0 602161.6
397291.1 616809.7
392888.4 629120.9
393516.6 660121.8
388924.4 660171.5
389078.9 666187.8
ID 5127
204824.9 671910.2
204613.9 667032.4
210697.9 663677.8
225154.9 662954.8
244398.4 662293.3
243395.9 631861.3
240201.0 632044.7
232387.3 628315.4
227869.1 623367
223067.6 623381.4
223135.2 624988.1
215093.2 626516.7
187670.5 627644.5
183566.7 629981.5
175213.3 631436.2
176369.4 654156.8
177961.2 653800.8
193150.4 656399.5
196307.3 657537.6
196695.9 667400.1
194689.4 667519.4
194714.5 668329.6
197273.0 669790.2
203177.8 671963.5
204824.9 671910.2
ID 5095
457712.8 649306.7
464447.6 649319.2
464508.5 654021.8
465408.0 657403.2
469608.1 659526.5
477610.9 659406.6
482312.2 644445.6
482197.8 629764.2
487065.1 629719.7
486916.7 619909.4
486833.9 600513
491825.1 600407.9
491835 598684.8
491779.4 585626.4
486833.2 585618.2
486155 585610.2
483331.4 586825.6
481938.1 587861.3
473974.0 597079.1
467857.6 606532.4
465019.1 610418.3
457098.8 610558.6
457712.8 649306.7
ID 5119
388924.4 660171.5
393516.6 660121.8
392888.4 629120.9
397291.1 616809.7
397245.0 602161.6
380922.4 602558.2
377423.5 602649
377049.4 612360
362524.5 617443.4
349490.9 627137.2
340239.5 636657.8
332346.0 642796.9
330914.5 642835.3
331126.8 649217.2
340656.3 650642.1
347420.8 652005
350277.8 653763.4
357391.7 651443.1
375961.3 650883
379230.5 660440.3
388924.4 660171.5
ID 5077
482312.2 644445.6
482322.3 649386.7
487163.7 649443.3
496441.4 648976.7
545449.8 649303.6
545623.2 641388.9
530573 619927
486916.7 619909.4
487065.1 629719.7
482197.8 629764.2
482312.2 644445.6
ID 5125
332346.0 642796.9
340239.5 636657.8
349490.9 627137.2
362524.5 617443.4
377049.4 612360
377423.5 602649
362931.1 602948
349024.6 598447.6
343132.5 594340.8
338526.9 594029.8
327148.1 604024.6
327358.7 610499.1
325874.3 613663.4
316843.1 618749.5
311136.0 624274.7
311275.7 633965.1
301579.1 634020.4
301798.5 643581.4
311255.2 643602
324117.3 643068.9
331344.2 640870.7
332346.0 642796.9
ID 5051
301579.1 634020.4
311275.7 633965.1
311136.0 624274.7
316843.1 618749.5
325874.3 613663.4
327358.7 610499.1
327148.1 604024.6
315970.4 604396.1
312900.1 598095.3
312820.9 591461.7
270613.4 592790.1
272326.4 631211.5
282119.9 634389.3
301579.1 634020.4
ID 5097
272326.4 631211.5
270613.4 592790.1
270443.4 586433.1
263957.5 586671.4
221960.5 588398.1
223067.6 623381.4
227869.1 623367
232387.3 628315.4
240201.0 632044.7
243395.9 631861.3
272326.4 631211.5
ID 5107
530573 619927
531266.7 607071
531805.8 597099.8
531031.8 595029.9
530961.5 594841.8
530758.7 594682.5
527449.4 592083.6
523370.6 590363.3
518526 589618.7
513675.7 588875.8
504217.6 573774.6
499732 565532.3
498270 562828.4
498515.5 561733.5
498551.5 561573
481370.7 561443.8
486833.2 585618.2
491779.4 585626.4
491835 598684.8
491825.1 600407.9
486833.9 600513
486916.7 619909.4
530573 619927
ID 5113
175213.3 631436.2
183566.7 629981.5
187670.5 627644.5
215093.2 626516.7
223135.2 624988.1
223067.6 623381.4
221960.5 588398.1
192605.1 589595.7
192260.4 580042.5
193214.0 571500.3
172331.4 571688.7
174020.8 606886
175213.3 631436.2
ID 5001
427079.9 601458.8
429573.9 601383.3
434434.7 601146.8
437137.3 601273.4
437210 610940.1
457098.8 610558.6
465019.1 610418.3
467857.6 606532.4
473974.0 597079.1
481938.1 587861.3
483331.4 586825.6
486155 585610.2
486833.2 585618.2
481370.7 561443.8
476667 558612.4
475194 557334.9
474368.2 556160.5
474140.1 553647.5
474350.4 551998.6
476210.6 550005.8
480167.8 543384
478451.1 541277
467328.6 545048.5
461944 548589
453411 549638.8
451164.3 556910.8
451700.3 557095.5
452443.6 557749.8
451391.4 561973.4
443234 572204.8
442316.5 572904.5
437525 573329.8
426550.5 573865.4
427079.9 601458.8
ID 5069
397245.0 602161.6
427079.9 601458.8
426550.5 573865.4
437525 573329.8
442316.5 572904.5
443234 572204.8
451391.4 561973.4
452443.6 557749.8
451700.3 557095.5
451164.3 556910.8
445928.1 556117.1
439117.8 558625.2
425110.3 566047.7
422694.1 558368.8
404278.9 558240.9
404264.7 554997.9
378457.1 554818.6
378593.7 566630.5
380385.3 573449.4
380922.4 602558.2
397245.0 602161.6
ID 5053
380922.4 602558.2
380385.3 573449.4
378593.7 566630.5
378457.1 554818.6
368928.8 554548.4
360656.7 561876.6
354357.0 563988.6
337443.3 564685.4
338526.9 594029.8
343132.5 594340.8
349024.6 598447.6
362931.1 602948
377423.5 602649
380922.4 602558.2
ID 5059
327148.1 604024.6
338526.9 594029.8
337443.3 564685.4
318278.1 565525.6
308889.9 565965.7
305414.8 571622.2
275074.6 579801.2
270443.4 586433.1
270613.4 592790.1
312820.9 591461.7
312900.1 598095.3
315970.4 604396.1
327148.1 604024.6
ID 5061
221960.5 588398.1
221627.6 578758.4
222483.2 570238.6
232178.1 569761.7
231623.1 550375.3
230323.9 521418.6
218671.5 521992.7
218531.4 522001.4
208955.2 540672.9
208612.5 541823.3
207276.8 553597.7
206814.1 558884.9
206915.2 567285.3
207392.3 570606.4
206386.7 571101.2
193214.0 571500.3
192260.4 580042.5
192605.1 589595.7
221960.5 588398.1
ID 5109
221960.5 588398.1
263957.5 586671.4
263657.4 576966.4
266842 557845
268084.7 554046.3
273058.6 543956
265370.6 544081
231623.1 550375.3
232178.1 569761.7
222483.2 570238.6
221627.6 578758.4
221960.5 588398.1
ID 5019
263957.5 586671.4
270443.4 586433.1
275074.6 579801.2
305414.8 571622.2
308889.9 565965.7
318278.1 565525.6
317481.3 546388.7
315574.4 536487.9
317267.4 527164.3
297725.3 523729.5
295439.9 526435.7
293522.4 527609.1
279362.9 534243.8
273058.6 543956
268084.7 554046.3
266842 557845
263657.4 576966.4
263957.5 586671.4
ID 5079
451164.3 556910.8
453411 549638.8
453375.4 547869.2
449367.9 545327.3
441704 545401.4
441041.2 528893.6
440967 523946
402224.9 524789.8
404264.7 554997.9
404278.9 558240.9
422694.1 558368.8
425110.3 566047.7
439117.8 558625.2
445928.1 556117.1
451164.3 556910.8
ID 5041
498551.5 561573
502579.6 558137.3
503458.3 555714.3
502736.5 552046.3
484271.2 543830.2
475479.8 512616.6
474839.1 510120.3
474954.5 509894.8
475458.4 508910
478169.7 506744.5
480669.9 504554.3
480697.3 504530.4
480674.3 504439.1
480374.2 503247.2
478704.7 501928
471730.6 499507.3
470068.6 494587.5
463234.3 494698.9
460730.7 496348
460394.8 499678.3
450738.7 499627.5
440967 523946
441041.2 528893.6
441704 545401.4
449367.9 545327.3
453375.4 547869.2
453411 549638.8
461944 548589
467328.6 545048.5
478451.1 541277
480167.8 543384
476210.6 550005.8
474350.4 551998.6
474140.1 553647.5
474368.2 556160.5
475194 557334.9
476667 558612.4
481370.7 561443.8
498551.5 561573
ID 5133
193214.0 571500.3
206386.7 571101.2
207392.3 570606.4
206915.2 567285.3
206814.1 558884.9
207276.8 553597.7
208612.5 541823.3
208955.2 540672.9
218531.4 522001.4
210852.1 522401.4
186827.3 530473.4
171016.0 544103
172331.4 571688.7
193214.0 571500.3
ID 5039
318278.1 565525.6
337443.3 564685.4
354357.0 563988.6
360656.7 561876.6
368928.8 554548.4
356442.9 553831.6
356051.3 544956.5
357722 544577.1
360892.2 541451
362949.6 538337.4
368730.4 527214.9
369052 525203.5
346014.4 526097.9
317267.4 527164.3
315574.4 536487.9
317481.3 546388.7
318278.1 565525.6
ID 5025
378457.1 554818.6
404264.7 554997.9
402224.9 524789.8
402239.2 515099.2
369324.9 515524.6
369052 525203.5
368730.4 527214.9
362949.6 538337.4
360892.2 541451
357722 544577.1
356051.3 544956.5
356442.9 553831.6
368928.8 554548.4
378457.1 554818.6
ID 5057
231623.1 550375.3
265370.6 544081
264773.8 529435.9
263094.3 512595.4
262158.5 490772.5
239886.8 491774.4
230567 506122.3
218671.5 521992.7
230323.9 521418.6
231623.1 550375.3
ID 5099
273058.6 543956
279362.9 534243.8
293522.4 527609.1
295439.9 526435.7
297725.3 523729.5
296214 487770.6
273038.6 487113.6
262158.5 490772.5
263094.3 512595.4
264773.8 529435.9
265370.6 544081
273058.6 543956
ID 5081
171016.0 544103
186827.3 530473.4
210852.1 522401.4
218531.4 522001.4
218671.5 521992.7
230567 506122.3
210253 500116.7
208118.1 502007.3
206425.4 502777.8
197504.6 504924.1
192267.7 504413.8
190912.6 504282.2
190426.2 503889.6
181217.5 499734.2
176326.4 502631
174989.4 503564.4
171302.3 506140.3
170706.5 506944.7
170059.7 508614.1
169409 510518.1
171016.0 544103
ID 5043
402224.9 524789.8
440967 523946
450738.7 499627.5
450485.7 480247.5
400914.8 481138.6
399968.9 482622.4
398613 487108.5
398574.5 487668.7
399174.1 495487.2
399270.7 495687.8
402221.8 495720.6
402239.2 515099.2
402224.9 524789.8
ID 5013
346014.4 526097.9
369052 525203.5
369324.9 515524.6
370015.7 507968.8
371094.2 492442.9
370240.2 489042.7
367855.8 482896.3
366124.1 479087.8
365771.4 479259.2
364967.4 478819.6
364434.6 475414.3
364808.7 471952
367361.9 470184.1
364543.8 467946.8
360412.9 467264.2
358644.2 467431.5
355912.6 469686.1
356048.7 469985.7
355325.7 473446.3
348544.6 477453.1
347219 477845.1
334431.4 485024.4
328862.9 491847.9
328138.7 493787.8
327987 497719.9
332569.1 509217.3
333217.4 509665.2
339442.8 510449.1
339887.3 510809.5
343059.5 515347.6
346014.4 526097.9
ID 5103
317267.4 527164.3
346014.4 526097.9
343059.5 515347.6
339887.3 510809.5
339442.8 510449.1
333217.4 509665.2
332569.1 509217.3
327987 497719.9
328138.7 493787.8
328862.9 491847.9
334431.4 485024.4
347219 477845.1
308952.9 479251.9
296214 487770.6
297725.3 523729.5
317267.4 527164.3
ID 5011
369324.9 515524.6
402239.2 515099.2
402221.8 495720.6
399270.7 495687.8
399174.1 495487.2
398574.5 487668.7
398613 487108.5
399968.9 482622.4
400914.8 481138.6
403729.2 478953
402112 470468.3
399314.1 468345.6
397454 467949.3
393233.8 464839.2
389587 460533.3
387170.4 455054.7
379220.3 461565.4
367276.5 468279.9
367094.8 469492.6
367361.9 470184.1
364808.7 471952
364434.6 475414.3
364967.4 478819.6
365771.4 479259.2
366124.1 479087.8
367855.8 482896.3
370240.2 489042.7
371094.2 492442.9
370015.7 507968.8
369324.9 515524.6
ID 5017
471730.6 499507.3
472853.3 495969.9
472976.6 495879.4
477580.1 492502.2
481318.7 489762.9
481956.1 487136.9
480729.2 485013.2
475852.5 483809.9
479984 470403.4
482889.6 464608.8
485203.9 461935.5
485130.8 453556.9
485129.9 453453.5
481679.5 441566.4
481596.8 441481.9
478723.1 438549.1
477934.8 437745.1
468687.3 437782.7
452728.2 437794
450427.5 437798
450485.7 480247.5
450738.7 499627.5
460394.8 499678.3
460730.7 496348
463234.3 494698.9
470068.6 494587.5
471730.6 499507.3
ID 5091
230567 506122.3
239886.8 491774.4
238918.6 484728
244942.5 475073.6
244936.5 474503.9
243180.3 469667.2
235683.8 457776.7
234995.7 456920.2
234320.9 456357.1
233204.3 456223.5
227605.0 447269
231356.2 440604.9
230457.6 440623.5
209118.4 441008.6
209673.7 468953.7
210253 500116.7
230567 506122.3
ID 5073
239886.8 491774.4
262158.5 490772.5
273038.6 487113.6
271981.3 485864.5
261935.9 466807.6
260729.7 440031.7
257884.9 440092.8
231356.2 440604.9
227605.0 447269
233204.3 456223.5
234320.9 456357.1
234995.7 456920.2
235683.8 457776.7
243180.3 469667.2
244936.5 474503.9
244942.5 475073.6
238918.6 484728
239886.8 491774.4
ID 5027
273038.6 487113.6
296214 487770.6
308952.9 479251.9
307614.4 439337
284265.9 439668
260729.7 440031.7
261935.9 466807.6
271981.3 485864.5
273038.6 487113.6
ID 5003
400914.8 481138.6
450485.7 480247.5
450427.5 437798
393542 437879.8
387170.4 455054.7
389587 460533.3
393233.8 464839.2
397454 467949.3
399314.1 468345.6
402112 470468.3
403729.2 478953
400914.8 481138.6
ID 5139
308952.9 479251.9
347219 477845.1
348544.6 477453.1
355325.7 473446.3
356048.7 469985.7
355912.6 469686.1
358644.2 467431.5
360412.9 467264.2
364543.8 467946.8
367361.9 470184.1
367094.8 469492.6
367276.5 468279.9
379220.3 461565.4
387170.4 455054.7
393542 437879.8
332253.4 438803.9
307614.4 439337
308952.9 479251.9
