ID 04
468959.3 669224.7
472192.5 558585.6
475571.6 442871.7
476751 400653.3
479211.2 311761.7
480901.8 248595.8
482219.5 200732.7
483195.7 161767.5
486205.5 40412.71
450318.3 39709.67
351968.7 37838.71
302798.5 37249.48
291251.7 37964.07
265656.5 47342.62
260785.7 49136.36
245387.7 54825.9
182134.1 78117.37
123458.5 99673.27
99063.9 108487.7
79517.11 116015.3
77811.69 116674.4
64539.42 121816.6
-6422.583 149176.2
-58925.07 169372.4
-58157.69 182990.3
-57956.9 183452.6
-57186.11 183851.7
-55549.86 183800.2
-52253.92 188056.6
-49431.73 194041.1
-39657.37 194971.0
-28205.32 204997.7
-25189.59 211236.6
-25188.97 211262.0
-24853.86 214181.8
-25211.63 221500.2
-29066.33 227345.3
-29366.02 227575.1
-29689.15 227822.9
-37932.92 227817.9
-39568.05 228194.8
-44301.4 230406.5
-47130.49 235154.8
-47229.64 235321.3
-47571.21 269284.7
-38706.96 273117.9
-29847.00 287945
-28405.33 300867.4
-28012.83 314206.9
-28122.75 317817.3
-27243.17 326555.2
-25403.46 331423.9
-19122.53 344361
-8462.86 350583.6
-1214.659 355025.8
9204.041 363544.5
9372.205 363754.5
8850.312 368521.5
3360.531 375097.3
-2502.304 379666.7
-9295.41 385389.2
-19111.30 408064.0
-20199.89 412395.8
-27963.40 420880.7
-35013.03 432517.9
-35192.23 433081.6
-35291.36 434650.5
-34611.22 447178.7
-28704.08 462193.7
-28342.36 464885.8
-28251.69 467151.8
-28563.44 469600.2
-30258.73 482948.2
-30935.73 486115
-32840.64 492377.5
-36327.4 505624.4
-38575.97 524845.2
-41583.74 556403.8
-42290.13 567226.5
-42335.07 567916.9
-41328.39 569168
-40527.17 569775
-31001.93 573717.9
-25600.67 574601.9
-20311.46 574415.1
-8474.268 573045.7
-7091.224 572128.6
-3832.771 568913.1
-2278.254 566463.4
-1971.784 565651.6
-1908.233 565411.7
-1673.000 564524
-727.8655 562797.6
1864.841 559938.5
2795.657 559278.3
4029.578 558623.4
4525.648 558581.4
6296.181 558686.5
11687.08 559476.9
11752.08 559526
12039.03 559742.9
12178.68 559848.5
13167.08 561377.4
21773.26 578148.5
22246.63 597879.6
22487.92 609152.6
22573.11 629449.1
22622.96 631698.5
23033.64 650188.6
23422.79 667643.3
125896.2 665957
157849.0 665726.2
258169.0 665752.5
317132.8 666460.4
339866.4 666844.7
354492.6 666447.5
383901.8 666961
468959.3 669224.7
