ID 4015
23422.79 667643.3
125896.2 665957
157849.0 665726.2
152486.5 646171.5
149191.1 630931.7
148971.7 629856.4
146815.5 615047.1
146844.7 613606.5
147140.7 611874
148732.0 608853
149947.9 607507.1
149934.8 600208.7
149228.1 598170.8
146977.4 594437
145985.9 593327
144773.4 592691.2
125150.3 583225.7
121471.4 581810
117666.4 580753.1
116903.4 580849.4
111827.5 579348
103020.1 574250.2
90664.32 566172.1
86634.9 552757.1
84804.87 503075.8
82963.16 368820
81245.4 366802.5
80576.52 366314.9
79632.92 365992.4
47186.27 358722.8
8850.312 368521.5
3360.531 375097.3
-2502.304 379666.7
-9295.41 385389.2
-19111.30 408064.0
-20199.89 412395.8
-27963.40 420880.7
-35013.03 432517.9
-35192.23 433081.6
-35291.36 434650.5
-34611.22 447178.7
-28704.08 462193.7
-28342.36 464885.8
-28251.69 467151.8
-28563.44 469600.2
-30258.73 482948.2
-30935.73 486115
-32840.64 492377.5
-36327.4 505624.4
-38575.97 524845.2
-41583.74 556403.8
-42290.13 567226.5
-42335.07 567916.9
-41328.39 569168
-40527.17 569775
-31001.93 573717.9
-25600.67 574601.9
-20311.46 574415.1
-8474.268 573045.7
-7091.224 572128.6
-3832.771 568913.1
-2278.254 566463.4
-1971.784 565651.6
-1908.234 565411.7
-1673.000 564524
-727.8655 562797.6
1864.841 559938.5
2795.657 559278.3
4029.578 558623.4
4525.648 558581.4
6296.181 558686.5
11687.08 559476.9
11752.08 559526
12039.03 559742.9
12178.68 559848.5
13167.08 561377.4
21773.26 578148.5
22246.63 597879.6
22487.92 609152.6
22573.11 629449.1
22622.96 631698.5
23033.64 650188.6
23422.79 667643.3
ID 4005
258169.0 665752.5
317132.8 666460.4
320738.1 362474.1
311810.7 363218.7
295146.7 372191.4
273441.6 382037.2
246571.8 385087.0
246792.3 403459.9
246716.6 421728.8
242996.1 421722.1
226987.4 421848.3
225982.3 426035.8
226037.1 441510.3
204272.4 440919
201162.5 440695
175204.7 440661.5
175178.6 460103.3
165472 467900
117140.9 487675.4
99258.88 500483.7
91062.65 503215
87456.45 503382.1
86059.96 503339
84804.87 503075.8
86634.9 552757.1
90664.32 566172.1
103020.1 574250.2
111827.5 579348
116903.4 580849.4
117666.4 580753.1
121471.4 581810
125150.3 583225.7
144773.4 592691.2
145985.9 593327
146977.4 594437
149228.1 598170.8
149934.8 600208.7
149947.9 607507.1
148732.0 608853
147140.7 611874
146844.7 613606.5
146815.5 615047.1
148971.7 629856.4
149191.1 630931.7
152486.5 646171.5
157849.0 665726.2
258169.0 665752.5
ID 4017
383901.8 666961
386624.7 529741.9
386838.8 518777.9
402571.1 519080.2
402917.2 503011.5
402376.4 478559.7
402812.7 429669.3
403990.7 351992.7
403638.9 309892.6
401018.5 304999.4
401367.1 286563.1
391238.7 287383.6
390364.5 334314.3
321072.1 333272.1
320738.1 362474.1
317132.8 666460.4
339866.4 666844.7
354492.6 666447.5
383901.8 666961
ID 4001
468959.3 669224.7
472192.5 558585.6
475571.6 442871.7
476751 400653.3
479211.2 311761.7
451315.6 310945.8
439849.1 301634.2
439210.3 300919.7
437953.8 296786.3
425366 288917.2
417272.9 281876.6
407724.8 282398.9
401367.1 286563.1
401018.5 304999.4
403638.9 309892.6
403990.7 351992.7
402812.7 429669.3
402376.4 478559.7
402917.2 503011.5
402571.1 519080.2
386838.8 518777.9
386624.7 529741.9
383901.8 666961
468959.3 669224.7
ID 4025
84804.87 503075.8
86059.96 503339
87456.45 503382.1
91062.65 503215
99258.88 500483.7
117140.9 487675.4
165472 467900
175178.6 460103.3
175204.7 440661.5
201162.5 440695
204272.4 440919
226037.1 441510.3
225982.3 426035.8
226987.4 421848.3
242996.1 421722.1
246716.6 421728.8
246792.3 403459.9
246571.8 385087.0
246668.5 381436.7
246529.5 381230.5
244620.4 379351.3
238198.4 376272.2
237010.9 375543
233246.7 359195.6
231434.1 350677.7
231467.8 350395.7
232214.1 349450.6
251717.8 349467.5
253626.7 346960.1
254424.0 345195.4
255377.9 339749.4
252332.4 332713.8
230944.7 332674.4
191952.5 337829.0
190573.4 337964.7
187800.2 331714.2
187674.2 330139.5
183360.5 322417.6
180116.9 319659.2
136915.2 332951.3
82449.65 333473.5
82963.16 368820
84804.87 503075.8
ID 4012
8850.312 368521.5
47186.27 358722.8
79632.92 365992.4
80576.52 366314.9
81245.4 366802.5
82963.16 368820
82449.65 333473.5
81487.74 264504.1
23406.27 265485.9
23596.28 275145.3
-5208.518 275634.4
-6378.867 227517.2
-15988.82 227478.8
-29689.15 227822.9
-37932.92 227817.9
-39568.05 228194.8
-44301.4 230406.5
-47130.48 235154.8
-47229.64 235321.3
-47571.21 269284.7
-38706.96 273117.9
-29847.00 287945
-28405.33 300867.4
-28012.83 314206.9
-28122.75 317817.3
-27243.17 326555.2
-25403.46 331423.9
-19122.53 344361
-8462.86 350583.6
-1214.659 355025.8
9204.041 363544.5
9372.205 363754.5
8850.312 368521.5
ID 4007
320738.1 362474.1
321072.1 333272.1
390364.5 334314.3
391238.7 287383.6
391466.6 275063.0
375755.6 274746.7
362339.5 270977.5
359852.9 270212.3
353479.5 267075.5
350559.5 264911.9
349865.9 263293.1
349343.1 254992.7
350206.8 244283.2
348791.1 244022.7
333047 238278.8
324676.1 230234.7
324631.3 229720.9
325555.1 227658
325460.1 226876.7
320987.1 220793.9
319612.5 220528.0
319330.4 220623.2
303739.9 249918.3
301435.7 258603.3
297887.2 267044
294855.8 273785.2
284137.5 297159.1
281668.8 295177.1
279713.6 292916.6
262545.7 311886.4
258036.5 330980.8
257228.7 332542.4
256922.8 332884.5
254938.7 333404.3
252332.4 332713.8
255377.9 339749.4
254424.0 345195.4
253626.7 346960.1
251717.8 349467.5
232214.1 349450.6
231467.8 350395.7
231434.1 350677.7
233246.7 359195.6
237010.9 375543
238198.4 376272.2
244620.4 379351.3
246529.5 381230.5
246668.5 381436.7
246571.8 385087.0
273441.6 382037.2
295146.7 372191.4
311810.7 363218.7
320738.1 362474.1
ID 4013
82449.65 333473.5
136915.2 332951.3
180116.9 319659.2
183360.5 322417.6
187674.2 330139.5
187800.2 331714.2
190573.4 337964.7
191952.5 337829.0
230944.7 332674.4
252332.4 332713.8
254938.7 333404.3
256922.8 332884.5
257228.7 332542.4
258036.5 330980.8
262545.7 311886.4
279713.6 292916.6
281668.8 295177.1
284137.5 297159.1
294855.8 273785.2
275264.4 273506.4
244594.9 273469.4
244285.4 263786.8
244489.7 244588.5
220400.1 244367.9
207606.8 244445.8
197096.2 245300.7
187210.8 253875.3
186780.4 253997.2
186756.6 249163.9
186460.8 186387.6
186388.4 167093.0
80188.1 167739.8
81487.74 264504.1
82449.65 333473.5
ID 4027
81487.74 264504.1
80188.1 167739.8
79517.11 116015.3
77811.69 116674.4
64539.42 121816.6
-6422.583 149176.2
-58925.07 169372.4
-58157.69 182990.3
-57956.9 183452.6
-57186.11 183851.7
-55549.86 183800.2
-52253.92 188056.6
-49431.73 194041.1
-39657.37 194971.0
-28205.32 204997.7
-25189.59 211236.6
-25188.97 211262.0
-24853.86 214181.8
-25211.63 221500.2
-29066.33 227345.3
-29366.01 227575.1
-29689.15 227822.9
-15988.82 227478.8
-6378.867 227517.2
-5208.518 275634.4
23596.28 275145.3
23406.27 265485.9
81487.74 264504.1
ID 4011
437953.8 296786.3
439210.3 300919.7
439849.1 301634.2
451315.6 310945.8
479211.2 311761.7
480901.8 248595.8
482219.5 200732.7
483195.7 161767.5
476980.4 161580.3
466146.3 172726.4
466118.2 174272.6
467382 178885.1
467707.3 184611.6
466868.8 189570.2
463452.5 197205.4
456639.9 207310.1
455208 207329.1
439407.8 233054.0
437953.8 296786.3
ID 4021
294855.8 273785.2
297887.2 267044
301435.7 258603.3
303739.9 249918.3
319330.4 220623.2
319612.5 220528.0
320987.1 220793.9
325460.1 226876.7
325555.1 227658
324631.3 229720.9
324676.1 230234.7
333047 238278.8
348791.1 244022.7
350206.8 244283.2
350490.8 221396.6
351128.2 181127.1
351242.7 168785.6
351049.4 168784.6
328780.0 168501.6
299417.6 167689.4
284740.4 166745.3
281619.9 166685.2
246005.2 166514.4
224833 167063.7
186388.4 167093.0
186460.8 186387.6
186756.6 249163.9
186780.4 253997.2
187210.8 253875.3
197096.2 245300.7
207606.8 244445.8
220400.1 244367.9
244489.7 244588.5
244285.4 263786.8
244594.9 273469.4
275264.4 273506.4
294855.8 273785.2
ID 4009
401367.1 286563.1
407724.8 282398.9
417272.9 281876.6
425366 288917.2
437953.8 296786.3
439407.8 233054.0
455208 207329.1
456639.9 207310.1
463452.5 197205.4
466868.8 189570.2
467707.3 184611.6
467382 178885.1
466118.2 174272.6
466146.3 172726.4
476980.4 161580.3
447054 160994.3
377602.9 159485.7
351154.6 159196.7
351049.4 168784.6
351242.7 168785.6
351128.2 181127.1
350490.8 221396.6
350206.8 244283.2
349343.1 254992.7
349865.9 263293.1
350559.5 264911.9
353479.5 267075.5
359852.9 270212.3
362339.5 270977.5
375755.6 274746.7
391466.6 275063.0
391238.7 287383.6
401367.1 286563.1
ID 4019
186388.4 167093.0
224833 167063.7
246005.2 166514.4
281619.9 166685.2
284740.4 166745.3
299417.6 167689.4
328780.0 168501.6
351049.4 168784.6
351154.6 159196.7
352181.0 82005.18
313903.9 81608.92
284669 80732.1
284868.4 58096.79
265599.7 57922.92
265656.5 47342.62
260785.7 49136.36
245387.7 54825.9
182134.1 78117.37
123458.5 99673.27
99063.9 108487.7
79517.11 116015.3
80188.1 167739.8
186388.4 167093.0
ID 4003
476980.4 161580.3
483195.7 161767.5
486205.5 40412.71
450318.3 39709.67
351968.7 37838.71
352181.0 82005.18
351154.6 159196.7
377602.9 159485.7
447054 160994.3
476980.4 161580.3
ID 4023
265656.5 47342.62
265599.7 57922.92
284868.4 58096.79
284669 80732.1
313903.9 81608.92
352181.0 82005.18
351968.7 37838.71
302798.5 37249.48
291251.7 37964.07
265656.5 47342.62
