ID 06
2060470 220998.0
2053650 219635.0
2048040 223795.2
2047249 224567.0
2043512 230627.8
2038672 241940.2
2041272 241730.7
2059106 223270.1
2060665 221356.6
2060470 220998.0
ID 06
2063617 274586.2
2062944 274385.6
2050704 276834.7
2049856 277300.5
2037581 293013.5
2037125 293211.5
2036857 293953.1
2036917 294126.4
2037345 294110.5
2042396 293708.8
2048638 290882.9
2053686 288564.3
2057567 286658.5
2063764 279263.0
2064317 278474.5
2064986 276754.1
2064816 275648.5
2063732 274620.3
2063661 274599.2
2063617 274586.2
ID 06
1897306 341400.3
1896127 341034.6
1891793 343682.3
1890872 344682.3
1884549 352683.4
1900751 355279.9
1909461 350590.3
1910140 346954.7
1910214 346283
1909895 346077.7
1897306 341400.3
ID 06
1934141 357055.4
1943687 356333
1943938 356561.1
1944085 356695.2
1944284 356876.1
1944549 357117.5
1944944 357476.6
1945175 357686.6
1947630 358096.7
1951050 356711.8
1951875 355942
1951860 355910.5
1951823 355832.6
1951769 355718.8
1949413 352758.7
1948724 351913.4
1948169 351662.4
1933273 347770.4
1929856 347755.5
1926362 348196.5
1926356 348197.7
1925015 348464.2
1922039 349056.3
1919218 350195.8
1918881 350796.4
1914690 360118.6
1915085 360994
1915667 361013.8
1920793 360277.0
1930184 358579.2
1934141 357055.4
ID 06
1624152 1249811
1648052 1249103
1648242 1249108
1654379 1249294
1663471 1248349
1667138 1248190
1669284 1248115
1697613 1247185
1708737 1247174
1718965 1246925
1721631 1246761
1726331 1246474
1796326 1243200
1843588 1241757
1859026 1241458
1859170 1241456
1889644 1240915
1892938 1240863
1916845 1240744
1915846 1150383
1915531 1114957
1915388 1074211
1915162 1054332
1915093 1047911
1915092 1047791
1914777 1026584
1914157 994222.5
1914028 987734.5
1913552 956909.7
1913212 942601
1913107 925847.4
1913141 919968
1913170 914945.3
1921531 899955.2
1949051 875289.3
1971353 855341.8
1986294 841996.2
2050158 784594
2103267 737164.6
2163293 683248.6
2165540 681241.4
2178276 669892.2
2185774 663118.5
2225112 627860
2257044 599163.9
2261155 595491.8
2278245 580151.5
2279592 578948.6
2302979 558070.2
2326913 536539.8
2335158 529184.4
2338204 526465.3
2370863 497182.7
2382353 486864.6
2398641 472305.3
2398872 459764.5
2399085 458207.3
2399304 457658.2
2407178 446565.1
2415535 438666.1
2416934 434424.8
2428367 412519.5
2435558 407302.9
2441738 403169.1
2447691 397006.2
2448557 392287.9
2448405 392066.2
2438626 382812.7
2431715 377856.5
2421529 370878.5
2416194 357517.4
2414709 352526.9
2414460 343744.3
2414830 340149.4
2415397 326808.6
2414886 313807.5
2407105 298372.3
2398531 293911.7
2401297 260028.2
2401408 259869
2404572 255329.3
2409456 253458.4
2411116 253198.6
2419348 253792.4
2419689 253568
2420005 253359.9
2424272 247797.6
2425152 240513.4
2425026 237573
2425027 237547.6
2422460 231100.2
2411735 220267.7
2402037 218643.5
2401477 218572.5
2332258 210055.8
2330874 209882.2
2323014 208900.1
2293782 205309.6
2281347 203754.4
2272189 202620.2
2263413 201542.3
2245559 199376.4
2227406 197090.0
2201736 193920.7
2177116 190951.4
2176571 190886.4
2167949 207798.4
2163004 234773.2
2162794 235687.7
2162793 235691.8
2161456 241505.8
2160941 243749.0
2157553 252708.2
2156275 255834.8
2153257 260537.1
2152988 260955.8
2145053 271943.7
2142745 275006.4
2142358 275474.3
2139335 279135.2
2135362 282565.8
2133101 284031.2
2130829 284861.8
2129685 287017.1
2127432 289674.2
2126121 290788.7
2104276 307390.9
2086785 320341.1
2082494 323517.7
2075970 320947.4
2068806 319376
2065237 319857.6
2063368 320343.7
2055983 322859.5
2054624 323524.9
2053007 327149.8
2053465 327963.2
2055159 329994.6
2056148 330456.1
2056400 331690.3
2056326 334521.5
2054388 339284.1
2053362 341583.1
2052787 342872.1
2051601 345529.9
2049899 348717.9
2047845 351670.0
2047699 351881.3
2047446 352167.9
2047402 352218.5
2045968 353848.4
2045734 354048.6
2044762 354878.2
2044417 355172.9
2044126 355334
2042230 356383.4
2039814 356720
2030654 356378.0
2023576 355603.1
2020022 354421.9
2005094 357042.9
1990929 363040.9
1972156 382333.6
1960314 391541.2
1957565 393637.3
1956337 393870.4
1948532 398051.3
1943256 398927.3
1938193 398417.4
1936868 398074.5
1936691 398028.6
1931411 397002.4
1919594 397756.7
1914905 400590.9
1907316 403610.8
1904493 403972.5
1897185 404775.3
1891202 404896.4
1884371 404659
1876672 403801.6
1867411 403127.9
1852309 415040.3
1850916 423704.0
1849387 453328.5
1849388 461480.4
1850195 464414.6
1850250 464616.5
1850893 467948.9
1851279 471097.9
1851343 472966.7
1851284 474877
1851268 475369.3
1851262 475585.1
1850863 478018.6
1850807 478149.4
1850116 479786.2
1849509 480701.4
1848486 481339.4
1845202 483376.3
1844723 483608.4
1843819 483934.3
1830658 503133.9
1809432 525996.1
1796164 538264.7
1794263 539427.1
1793138 540275
1790558 544687.8
1787909 553839.7
1784220 557071.5
1777692 564133.1
1776836 568144.8
1776835 568149.7
1776463 570054.7
1775775 573587.2
1774512 576538.7
1774337 576949
1758893 595738.3
1755655 599084.8
1750124 602824.3
1748599 603623.9
1748580 603621.4
1747704 603505.2
1747101 603670.3
1745986 604549.5
1745174 605560.1
1741796 609913.9
1740613 611475.4
1740104 613155.4
1736024 641010.1
1741559 644633.7
1741764 644594.3
1743151 644896.8
1744135 645597.6
1745837 647647.7
1746804 649261.8
1747464 650613.5
1748494 653430.8
1749257 656883.1
1751224 666799
1750968 668048.8
1749488 671807.5
1749386 672037.3
1747957 675260.6
1745046 681141.9
1743514 683252.6
1742262 684589.2
1741235 685408.4
1739166 686492.7
1738329 686507.2
1734309 684485.9
1730430 683766
1728378 683539.3
1726926 683557.6
1726158 683769.6
1725860 683851.9
1724465 684237.3
1723433 684522.6
1719153 687426.7
1714728 691248.4
1710808 696432.4
1707202 702014.5
1706229 702910.9
1702971 706101.5
1698431 711052.6
1697754 712025.1
1696689 717135.7
1691080 745199.2
1690842 757125.1
1691190 769163.6
1691178 769232.7
1690895 770907
1690422 777266.8
1691260 778067.4
1694981 779747.5
1698338 780329.8
1699967 780323.1
1700764 779649.4
1701834 777955.8
1702947 771430.6
1702861 769794.3
1700958 768823.8
1700815 768751
1701707 757397.2
1703274 755888.3
1719878 745510.7
1720996 745146.8
1723464 744938.8
1724938 745726.8
1724939 745842.4
1720292 764595.9
1708938 781789.7
1708649 789413
1704775 790967.5
1699869 797175.2
1710113 802124.6
1711680 803379.6
1713573 805750.8
1713599 806513.3
1713286 807513.5
1701664 817941
1693821 813617
1692761 805102.3
1692058 794512
1692027 793640.6
1692833 792847.8
1694685 791508.2
1696688 789545.6
1697456 788463.8
1697531 788134
1693713 782101.2
1691391 781819
1689800 782177.2
1688617 782831.7
1654129 806570.7
1652720 830941.2
1651934 832886.4
1650283 835350.7
1649732 836173.3
1639533 853696.1
1613510 882577.1
1605893 890564.8
1600251 896462.6
1591305 907378.2
1584037 955648.8
1583852 957545
1583812 958425.8
1584405 962635.9
1585246 967015.1
1586461 970215.5
1587140 972004
1588221 973864.7
1588564 974680.5
1588774 975179.4
1588810 975282.6
1589982 978605.8
1589958 979391.6
1588867 990585.8
1588460 993299
1584224 1009980
1584060 1010217
1577960 1018946
1574654 1023624
1570463 1029534
1567823 1032237
1543925 1058728
1543091 1059931
1543079 1059947
1540259 1079843
1540375 1080408
1544855 1091916
1548168 1099283
1549518 1101783
1551967 1106119
1555750 1112103
1560102 1119665
1562463 1123831
1564210 1127356
1566300 1132782
1568272 1139762
1569007 1144063
1568009 1146384
1572214 1172845
1575500 1192431
1574611 1201744
1573348 1207922
1570433 1220000
1570156 1220983
1569651 1222222
1569643 1222235
1568846 1223530
1566278 1241672
1566498 1252514
1598904 1250486
1624152 1249811
