ID 6083
1930184 358579.2
1934141 357055.4
1943687 356333
1943938 356561.1
1944085 356695.2
1944284 356876.1
1944549 357117.5
1944944 357476.6
1945175 357686.6
1947630 358096.7
1951050 356711.8
1951875 355942
1951860 355910.5
1951823 355832.6
1951769 355718.8
1949413 352758.7
1948724 351913.4
1948169 351662.4
1933273 347770.4
1929856 347755.5
1926362 348196.5
1926356 348197.7
1925015 348464.2
1922039 349056.3
1919218 350195.8
1918881 350796.4
1914690 360118.6
1915085 360994
1915667 361013.8
1920793 360277.0
1930184 358579.2
ID 6083
1884549 352683.4
1900751 355279.9
1909461 350590.3
1910140 346954.7
1910214 346283
1909895 346077.7
1897306 341400.3
1896127 341034.6
1891793 343682.3
1890872 344682.3
1884549 352683.4
ID 6083
1849388 461480.4
1863360 463313.8
1868660 462632.9
1874282 459206.9
1879942 461611.1
1884852 466149.7
1901177 475395.4
1903324 473860
1909434 470461
1927913 462047.3
1951012 451778.7
1955154 451745.3
1956775 452147.7
1959554 452145.6
1959334 402639
1958985 396982.6
1958441 396178.7
1956337 393870.4
1948532 398051.3
1943256 398927.3
1938193 398417.4
1936868 398074.5
1936691 398028.6
1931411 397002.4
1919594 397756.7
1914905 400590.9
1907316 403610.8
1904493 403972.5
1897185 404775.3
1891202 404896.4
1884371 404659
1876672 403801.6
1867411 403127.9
1852309 415040.3
1850916 423704.0
1849387 453328.5
1849388 461480.4
ID 6037
2037581 293013.5
2037125 293211.5
2036857 293953.1
2036917 294126.4
2037345 294110.5
2042396 293708.8
2048638 290882.9
2053686 288564.3
2057567 286658.5
2063764 279263.0
2064317 278474.5
2064986 276754.1
2064816 275648.5
2063732 274620.3
2063661 274599.2
2063617 274586.2
2062944 274385.6
2050704 276834.7
2049856 277300.5
2037581 293013.5
ID 6037
2060470 220998.0
2053650 219635.0
2048040 223795.2
2047249 224567.0
2043512 230627.8
2038672 241940.2
2041272 241730.7
2059106 223270.1
2060665 221356.6
2060470 220998.0
ID 6037
2121971 444159
2122368 418063.9
2123271 403126.6
2124285 390501.4
2124790 385077.6
2122033 371180.8
2119070 361623.2
2117873 357832.1
2112320 353252.0
2110733 349989.7
2110762 349179.6
2111596 347602.1
2112588 346770.7
2099963 346569.1
2098847 346551.7
2094736 345818.6
2087167 335347.6
2083816 328108.4
2082494 323517.7
2075970 320947.4
2068806 319376
2065237 319857.6
2063368 320343.7
2055983 322859.5
2054624 323524.9
2053007 327149.8
2053465 327963.2
2055159 329994.6
2056148 330456.1
2056400 331690.3
2056326 334521.5
2054388 339284.1
2053362 341583.1
2052787 342872.1
2051601 345529.9
2049899 348717.9
2047845 351670.0
2047699 351881.3
2047446 352167.9
2047402 352218.5
2045968 353848.4
2045734 354048.6
2044762 354878.2
2044417 355172.9
2044126 355334
2042230 356383.4
2039814 356720
2030654 356378.0
2023576 355603.1
2020022 354421.9
2005094 357042.9
2005469 360332.6
2013247 366138.8
2019499 370738.5
2030641 370723.8
2033891 380403.9
2033483 384458.8
2010814 439778.2
2009659 442788.4
2121971 444159
ID 6015
1566498 1252514
1598904 1250486
1624152 1249811
1622630 1244895
1620208 1239447
1614806 1237552
1608773 1228863
1609671 1199197
1611011 1196912
1613490 1190160
1613358 1188759
1610645 1183448
1608895 1181513
1604137 1181720
1599915 1185117
1600195 1191103
1590563 1191772
1575500 1192431
1574611 1201744
1573348 1207922
1570433 1220000
1570156 1220983
1569651 1222222
1569643 1222235
1568846 1223530
1566278 1241672
1566498 1252514
ID 6093
1624152 1249811
1648052 1249103
1648242 1249108
1654379 1249294
1663471 1248349
1667138 1248190
1669284 1248115
1697613 1247185
1708737 1247174
1718965 1246925
1721631 1246761
1726331 1246474
1796326 1243200
1795420 1237943
1795328 1235164
1794932 1219019
1795146 1218732
1795584 1218585
1794796 1179860
1794108 1152513
1747446 1153819
1723196 1154793
1705614 1155162
1704818 1166568
1693713 1170053
1678249 1159256
1669370 1144220
1671363 1139371
1670804 1137429
1669332 1135550
1667708 1135397
1660532 1137023
1646674 1145786
1638404 1153205
1633768 1155861
1629079 1158010
1624399 1179145
1622328 1180925
1608895 1181513
1610645 1183448
1613358 1188759
1613490 1190160
1611011 1196912
1609671 1199197
1608773 1228863
1614806 1237552
1620208 1239447
1622630 1244895
1624152 1249811
ID 6023
1608895 1181513
1622328 1180925
1624399 1179145
1629079 1158010
1628069 1156420
1627123 1154178
1625872 1148663
1626593 1145113
1627197 1144513
1628079 1139188
1623615 1131726
1621551 1128812
1614507 1119708
1615176 1106695
1611428 1027563
1570463 1029534
1567823 1032237
1543925 1058728
1543091 1059931
1543079 1059947
1540259 1079843
1540375 1080408
1544855 1091916
1548168 1099283
1549518 1101783
1551967 1106119
1555750 1112103
1560102 1119665
1562463 1123831
1564210 1127356
1566300 1132782
1568272 1139762
1569007 1144063
1568009 1146384
1572214 1172845
1575500 1192431
1590563 1191772
1600195 1191103
1599915 1185117
1604137 1181720
1608895 1181513
ID 6049
1796326 1243200
1843588 1241757
1859026 1241458
1859170 1241456
1889644 1240915
1892938 1240863
1916845 1240744
1915846 1150383
1803760 1152317
1794108 1152513
1794796 1179860
1795584 1218585
1795146 1218732
1794932 1219019
1795328 1235164
1795420 1237943
1796326 1243200
ID 6105
1629079 1158010
1633768 1155861
1638404 1153205
1646674 1145786
1660532 1137023
1667708 1135397
1669332 1135550
1670804 1137429
1671363 1139371
1669370 1144220
1678249 1159256
1693713 1170053
1704818 1166568
1705614 1155162
1707476 1154408
1709186 1153320
1709675 1152348
1709545 1147837
1709228 1146733
1708737 1145455
1701552 1135215
1698840 1133377
1698301 1133195
1683034 1101698
1673360 1080901
1661853 1071796
1653928 1061494
1653700 1057400
1660317 1052877
1660974 1052017
1661155 1050915
1661359 1045879
1661002 1045382
1660794 1039636
1662733 1024553
1663484 1022615
1611288 1024797
1611428 1027563
1615176 1106695
1614507 1119708
1621551 1128812
1623615 1131726
1628079 1139188
1627197 1144513
1626593 1145113
1625872 1148663
1627123 1154178
1628069 1156420
1629079 1158010
ID 6089
1794108 1152513
1803760 1152317
1803101 1123041
1803859 1119428
1802787 1080730
1802101 1070102
1787669 1070490
1769777 1071547
1757606 1071005
1744060 1069647
1736922 1068318
1729133 1066186
1718415 1064297
1715452 1064366
1706959 1064934
1700881 1067107
1681054 1065014
1671905 1062910
1660509 1059874
1653700 1057400
1653928 1061494
1661853 1071796
1673360 1080901
1683034 1101698
1698301 1133195
1698840 1133377
1701552 1135215
1708737 1145455
1709228 1146733
1709545 1147837
1709675 1152348
1709186 1153320
1707476 1154408
1705614 1155162
1723196 1154793
1747446 1153819
1794108 1152513
ID 6035
1915846 1150383
1915531 1114957
1915388 1074211
1915162 1054332
1915093 1047911
1915092 1047791
1914777 1026584
1914157 994222.5
1914028 987734.5
1901488 986233.4
1904699 992658.2
1905815 1005483
1905833 1008722
1905082 1011975
1896652 1028372
1893510 1030846
1869611 1047693
1852951 1054622
1849730 1054689
1846981 1053110
1840386 1044579
1840335 1041895
1838708 1041112
1835471 1041156
1825939 1046122
1824288 1048565
1824749 1069715
1802101 1070102
1802787 1080730
1803859 1119428
1803101 1123041
1803760 1152317
1915846 1150383
ID 6103
1787669 1070490
1787609 1068979
1788856 1061667
1788998 1060966
1789543 1059981
1789877 1059766
1796247 1058468
1797006 1058494
1799249 1053709
1798619 1045724
1798241 1044634
1798013 1044253
1792021 1037691
1791426 1035221
1790542 1034382
1785567 1032138
1781227 1032237
1768744 1019674
1765852 1016326
1764910 1014685
1764606 1013265
1764447 1011164
1762201 1009231
1759805 1008799
1739360 1009269
1736936 1004618
1737211 1001385
1738739 999795.2
1662352 1002630
1661849 1003096
1660640 1007932
1661881 1013447
1664407 1015847
1664790 1018020
1664172 1021556
1663484 1022615
1662733 1024553
1660794 1039636
1661002 1045382
1661359 1045879
1661155 1050915
1660974 1052017
1660317 1052877
1653700 1057400
1660509 1059874
1671905 1062910
1681054 1065014
1700881 1067107
1706959 1064934
1715452 1064366
1718415 1064297
1729133 1066186
1736922 1068318
1744060 1069647
1757606 1071005
1769777 1071547
1787669 1070490
ID 6045
1570463 1029534
1611428 1027563
1611288 1024797
1663484 1022615
1664172 1021556
1664790 1018020
1664407 1015847
1661881 1013447
1660640 1007932
1661849 1003096
1662352 1002630
1665854 978224.4
1665749 976563.5
1665198 972566.4
1661151 971327.6
1653545 971900.4
1650210 970353.3
1649115 964741.3
1648884 962960
1648731 959751.5
1652909 945147.9
1653311 940481.8
1650741 935729.3
1647395 933791
1646390 929896.7
1645606 925136.8
1645537 923497.1
1645600 922545.8
1648545 916760.4
1656276 905808.4
1659205 903016.2
1668108 896948.7
1645603 898130.6
1620431 894146.3
1609115 891551
1605893 890564.8
1600251 896462.6
1591305 907378.2
1584037 955648.8
1583852 957545
1583812 958425.8
1584405 962635.9
1585246 967015.1
1586461 970215.5
1587140 972004
1588221 973864.7
1588564 974680.5
1588774 975179.4
1588810 975282.6
1589982 978605.8
1589958 979391.6
1588867 990585.8
1588460 993299
1584224 1009980
1584060 1010217
1577960 1018946
1574654 1023624
1570463 1029534
ID 6063
1787669 1070490
1802101 1070102
1824749 1069715
1824288 1048565
1825939 1046122
1835471 1041156
1838708 1041112
1840335 1041895
1840386 1044579
1846981 1053110
1849730 1054689
1852951 1054622
1869611 1047693
1893510 1030846
1896652 1028372
1905082 1011975
1905833 1008722
1905815 1005483
1904699 992658.2
1901488 986233.4
1875799 986681.8
1857945 986754
1839456 994872.7
1835762 992792.6
1833963 990778.9
1833899 986643.5
1827286 979885.5
1821408 975302.6
1811880 986927
1794475 1005471
1796388 1026444
1797735 1028643
1797802 1030218
1797042 1032750
1794765 1037592
1792021 1037691
1798013 1044253
1798241 1044634
1798619 1045724
1799249 1053709
1797006 1058494
1796247 1058468
1789877 1059766
1789543 1059981
1788998 1060966
1788856 1061667
1787609 1068979
1787669 1070490
ID 6007
1738739 999795.2
1737211 1001385
1736936 1004618
1739360 1009269
1759805 1008799
1762201 1009231
1764447 1011164
1764606 1013265
1764910 1014685
1765852 1016326
1768744 1019674
1781227 1032237
1785567 1032138
1790542 1034382
1791426 1035221
1792021 1037691
1794765 1037592
1797042 1032750
1797802 1030218
1797735 1028643
1796388 1026444
1794475 1005471
1811880 986927
1821408 975302.6
1795344 950071.4
1792445 947590.3
1784165 944957
1773448 942953.4
1748922 944566.1
1750766 953404
1754152 969844.2
1754160 970298.6
1745387 990914
1738739 999795.2
ID 6021
1662352 1002630
1738739 999795.2
1745387 990914
1754160 970298.6
1754152 969844.2
1750766 953404
1677577 955861.2
1678426 963335
1678631 966495.7
1678726 977775.7
1665854 978224.4
1662352 1002630
ID 6033
1677577 955861.2
1675139 951449.2
1674135 948288.7
1675622 945222.7
1681972 939615.4
1685627 937420.5
1697116 925829
1698723 918259.3
1704358 908107.4
1704950 907342.9
1710186 903617.5
1705190 897122.8
1706878 891811.7
1706307 890175.6
1698578 879680.7
1684199 876021.8
1668108 896948.7
1659205 903016.2
1656276 905808.4
1648545 916760.4
1645600 922545.8
1645537 923497.1
1645606 925136.8
1646390 929896.7
1647395 933791
1650741 935729.3
1653311 940481.8
1652909 945147.9
1648731 959751.5
1648884 962960
1649115 964741.3
1650210 970353.3
1653545 971900.4
1661151 971327.6
1665198 972566.4
1665749 976563.5
1665854 978224.4
1678726 977775.7
1678631 966495.7
1678426 963335
1677577 955861.2
ID 6011
1750766 953404
1748922 944566.1
1745290 931001.2
1745768 925646.2
1749474 921299.6
1755556 909279.7
1753934 902235.6
1710186 903617.5
1704950 907342.9
1704358 908107.4
1698723 918259.3
1697116 925829
1685627 937420.5
1681972 939615.4
1675622 945222.7
1674135 948288.7
1675139 951449.2
1677577 955861.2
1750766 953404
ID 6091
1827286 979885.5
1833899 986643.5
1833963 990778.9
1835762 992792.6
1839456 994872.7
1857945 986754
1875799 986681.8
1901488 986233.4
1914028 987734.5
1913552 956909.7
1871374 957576.7
1870177 957923.9
1867877 959550.8
1865988 964468.4
1863727 966135
1857236 966602.5
1855994 966090.3
1853426 964006.7
1852483 962690.1
1852295 962289
1842198 957071
1828215 954829.7
1826394 953895.8
1825615 952311.8
1827286 979885.5
ID 6115
1821408 975302.6
1827286 979885.5
1825615 952311.8
1823031 952849
1820987 952666.5
1816569 951048.5
1810503 945772.1
1804327 938933.3
1803000 934943
1802483 913184
1790651 909257.8
1786791 909483.6
1784954 909021.6
1779436 906852.8
1777819 904784
1776957 903245
1774026 914379
1772209 937462.7
1772284 939176.4
1772980 942531.4
1773448 942953.4
1784165 944957
1792445 947590.3
1795344 950071.4
1821408 975302.6
ID 6101
1773448 942953.4
1772980 942531.4
1772284 939176.4
1772209 937462.7
1774026 914379
1776957 903245
1777819 904784
1779436 906852.8
1784954 909021.6
1786791 909483.6
1790651 909257.8
1790497 901440.8
1785729 901526
1783868 880305.6
1773571 880715.8
1753934 902235.6
1755556 909279.7
1749474 921299.6
1745768 925646.2
1745290 931001.2
1748922 944566.1
1773448 942953.4
ID 6057
1913552 956909.7
1913212 942601
1857926 943231.4
1854819 942345
1850735 940324
1840533 932255.2
1835255 927839.1
1831773 924863
1828576 921002.4
1828011 920068.6
1827791 918262.6
1827332 917028.5
1823359 910641
1820735 909517.8
1808367 910525.3
1807363 910746.5
1802483 913184
1803000 934943
1804327 938933.3
1810503 945772.1
1816569 951048.5
1820987 952666.5
1823031 952849
1825615 952311.8
1826394 953895.8
1828215 954829.7
1842198 957071
1852295 962289
1852483 962690.1
1853426 964006.7
1855994 966090.3
1857236 966602.5
1863727 966135
1865988 964468.4
1867877 959550.8
1870177 957923.9
1871374 957576.7
1913552 956909.7
ID 6097
1605893 890564.8
1609115 891551
1620431 894146.3
1645603 898130.6
1668108 896948.7
1684199 876021.8
1683934 871089.1
1685471 863971.9
1691112 855769.4
1702028 836949.7
1705241 828526.3
1705952 826068.3
1706381 823542.5
1704827 818730.7
1701355 818531
1701664 817941
1693821 813617
1681601 821765.3
1658268 838434.7
1657558 838481.7
1650609 836952
1649732 836173.3
1639533 853696.1
1613510 882577.1
1605893 890564.8
ID 6061
1790651 909257.8
1802483 913184
1807363 910746.5
1808367 910525.3
1820735 909517.8
1823359 910641
1827332 917028.5
1827791 918262.6
1828011 920068.6
1828576 921002.4
1831773 924863
1835255 927839.1
1840533 932255.2
1850735 940324
1854819 942345
1857926 943231.4
1913212 942601
1913107 925847.4
1913141 919968
1913170 914945.3
1900940 915059.6
1900118 914029.3
1900105 912682.7
1899051 911881.8
1897388 911072
1892498 910317.4
1874113 906571.2
1870556 901769.6
1868779 900394
1864889 898657.7
1864198 898501.3
1863009 898838.4
1856753 902532
1855236 903601
1854262 904564
1852789 906407.5
1849501 908420.4
1847225 909102.6
1846558 909202.6
1842877 908504.8
1831870 903905.3
1823498 899188
1822094 897329.3
1820994 891770.7
1813695 877074
1783868 880305.6
1785729 901526
1790497 901440.8
1790651 909257.8
ID 6113
1710186 903617.5
1753934 902235.6
1773571 880715.8
1776581 870241.7
1781122 865521.8
1781363 865060
1781542 863888.8
1781571 848252.9
1779543 838811.3
1778144 837458.2
1773174 833755.5
1764304 834072.6
1764901 853373.4
1764882 857410.8
1764774 857741
1763557 858946.7
1733298 857619.2
1729257 857302.7
1727325 865163.4
1726667 867314.8
1724107 873252.2
1714390 894100
1705190 897122.8
1710186 903617.5
ID 6055
1705190 897122.8
1714390 894100
1724107 873252.2
1726667 867314.8
1727325 865163.4
1729257 857302.7
1728978 856758.8
1726927 848736.5
1726938 848002.8
1727034 847455.2
1730298 842394.3
1731315 840028.5
1731612 839174.6
1731978 837229.7
1732070 836271.3
1731916 835287.5
1719569 835668.7
1718256 821569.8
1718268 820602.9
1718785 819807.9
1719408 819287.2
1719715 819299.1
1720017 818878
1719902 817804.2
1701355 818531
1704827 818730.7
1706381 823542.5
1705952 826068.3
1705241 828526.3
1702028 836949.7
1691112 855769.4
1685471 863971.9
1683934 871089.1
1684199 876021.8
1698578 879680.7
1706307 890175.6
1706878 891811.7
1705190 897122.8
ID 6017
1913170 914945.3
1921531 899955.2
1922990 898232.5
1923618 896168.9
1923817 893061.9
1923544 892320.8
1918200 884726.7
1916514 882715.8
1906661 874495
1889602 858965.3
1885061 857055.9
1868206 853775
1861978 852992.2
1857962 853006.4
1831195 855224.6
1823095 854216.2
1813695 877074
1820994 891770.7
1822094 897329.3
1823498 899188
1831870 903905.3
1842877 908504.8
1846558 909202.6
1847225 909102.6
1849501 908420.4
1852789 906407.5
1854262 904564
1855236 903601
1856753 902532
1863009 898838.4
1864198 898501.3
1864889 898657.7
1868779 900394
1870556 901769.6
1874113 906571.2
1892498 910317.4
1897388 911072
1899051 911881.8
1900105 912682.7
1900118 914029.3
1900940 915059.6
1913170 914945.3
ID 6067
1783868 880305.6
1813695 877074
1823095 854216.2
1822701 830881.6
1815754 829394.3
1810386 825966.7
1809849 825767.3
1794331 823852.5
1789951 823840
1788038 824945.4
1786416 826999.9
1784770 827240.9
1782842 826760.9
1776051 815035.7
1773534 809409.4
1773191 809687.2
1771480 810121.4
1766420 809787
1765484 809579.8
1764927 809128.9
1764676 808325
1764832 806776
1764595 805955.4
1762886 804206.2
1759443 802269.1
1756086 801560.7
1755093 801534.3
1752740 801893.6
1751709 802688.3
1748781 807008
1754230 806138.4
1762144 808893.3
1769122 820565
1773174 833755.5
1778144 837458.2
1779543 838811.3
1781571 848252.9
1781542 863888.8
1781363 865060
1781122 865521.8
1776581 870241.7
1773571 880715.8
1783868 880305.6
ID 6095
1701355 818531
1719902 817804.2
1720017 818878
1719715 819299.1
1719408 819287.2
1718785 819807.9
1718268 820602.9
1718256 821569.8
1719569 835668.7
1731916 835287.5
1732070 836271.3
1731978 837229.7
1731612 839174.6
1731315 840028.5
1730298 842394.3
1727034 847455.2
1726938 848002.8
1726927 848736.5
1728978 856758.8
1729257 857302.7
1733298 857619.2
1763557 858946.7
1764774 857741
1764882 857410.8
1764901 853373.4
1764304 834072.6
1773174 833755.5
1769122 820565
1762144 808893.3
1754230 806138.4
1748781 807008
1748317 806007.2
1747668 805346.2
1746594 804985.2
1745316 804816.3
1726269 804749.7
1721728 804914.6
1713286 807513.5
1701664 817941
1701355 818531
ID 6041
1649732 836173.3
1650609 836952
1657558 838481.7
1658268 838434.7
1681601 821765.3
1693821 813617
1692761 805102.3
1692058 794512
1692027 793640.6
1692833 792847.8
1694685 791508.2
1696688 789545.6
1697456 788463.8
1697531 788134
1693713 782101.2
1691391 781819
1689800 782177.2
1688617 782831.7
1654129 806570.7
1652720 830941.2
1651934 832886.4
1650283 835350.7
1649732 836173.3
ID 6003
1921531 899955.2
1949051 875289.3
1946627 869738.1
1945882 864235.6
1946046 863125.1
1952622 851552.9
1950894 841683.1
1944086 832413.7
1938965 841593.3
1938460 842280.3
1937994 842530
1934488 842506.7
1929944 840797.5
1923939 837082.3
1922838 836182.5
1910903 844527.4
1906414 853085
1906661 874495
1916514 882715.8
1918200 884726.7
1923544 892320.8
1923817 893061.9
1923618 896168.9
1922990 898232.5
1921531 899955.2
ID 6005
1906661 874495
1906414 853085
1873541 847167
1869793 846496.5
1866319 843512.7
1852746 833262.8
1834192 822126.5
1827201 821906.2
1825968 822310.4
1825221 822780.8
1822701 830881.6
1823095 854216.2
1831195 855224.6
1857962 853006.4
1861978 852992.2
1868206 853775
1885061 857055.9
1889602 858965.3
1906661 874495
ID 6051
1949051 875289.3
1971353 855341.8
1986294 841996.2
2050158 784594
2103267 737164.6
2019905 736352
1998025 749946.3
1994238 760841.7
1990328 765380.5
1988793 766476.7
1983028 766859.2
1976288 767017.2
1977552 768345.9
1981256 772832.6
1981841 782999.8
1972677 800946.3
1969045 805417.5
1964882 807729.4
1962385 808847.2
1958827 810276.5
1954792 811304.3
1952485 812127.5
1949459 813589.4
1944564 818194.6
1943437 828367
1943559 831717.4
1944086 832413.7
1950894 841683.1
1952622 851552.9
1946046 863125.1
1945882 864235.6
1946627 869738.1
1949051 875289.3
ID 6077
1825221 822780.8
1830940 806224.3
1830525 785057.2
1830572 772032.2
1826170 769701.2
1821175 769061.3
1816745 768867.4
1814396 769118.5
1805414 764268.2
1803895 763093
1800558 759640.2
1781379 741221.3
1775000 747022.7
1774067 748180.1
1774515 766034
1774884 778976
1773534 809409.4
1776051 815035.7
1782842 826760.9
1784770 827240.9
1786416 826999.9
1788038 824945.4
1789951 823840
1794331 823852.5
1809849 825767.3
1810386 825966.7
1815754 829394.3
1822701 830881.6
1825221 822780.8
ID 6009
1910903 844527.4
1900816 840549.3
1898953 839464.8
1897153 838065.7
1887110 824067.1
1879389 812530.7
1871593 799397.4
1866831 791807.4
1854391 778567.5
1830940 806224.3
1825221 822780.8
1825968 822310.4
1827201 821906.2
1834192 822126.5
1852746 833262.8
1866319 843512.7
1869793 846496.5
1873541 847167
1906414 853085
1910903 844527.4
ID 6013
1713286 807513.5
1721728 804914.6
1726269 804749.7
1745316 804816.3
1746594 804985.2
1747668 805346.2
1748317 806007.2
1748781 807008
1751709 802688.3
1752740 801893.6
1755093 801534.3
1756086 801560.7
1759443 802269.1
1762886 804206.2
1764595 805955.4
1764832 806776
1764676 808325
1764927 809128.9
1765484 809579.8
1766420 809787
1771480 810121.4
1773191 809687.2
1773534 809409.4
1774884 778976
1768880 776790.8
1738967 768721.2
1720271 780158.5
1719302 782567.4
1716374 787185.8
1712951 790089.6
1712419 790229.9
1708649 789413
1704775 790967.5
1699869 797175.2
1710113 802124.6
1711680 803379.6
1713573 805750.8
1713599 806513.3
1713286 807513.5
ID 6109
1944086 832413.7
1943559 831717.4
1943437 828367
1944564 818194.6
1949459 813589.4
1952485 812127.5
1954792 811304.3
1958827 810276.5
1962385 808847.2
1964882 807729.4
1969045 805417.5
1972677 800946.3
1981841 782999.8
1981256 772832.6
1977552 768345.9
1976288 767017.2
1972775 771330
1968998 776698.1
1962440 781220.5
1952990 784953.3
1948322 782627
1942410 775083
1941232 774070
1931165 769949.7
1928489 769261.5
1920064 769436.9
1917302 770029.6
1916740 770246
1915851 771176.2
1906786 777009.5
1904951 777462.1
1881462 766373.2
1877344 761658.3
1876890 760443.9
1877511 756155.2
1854391 778567.5
1866831 791807.4
1871593 799397.4
1879389 812530.7
1887110 824067.1
1897153 838065.7
1898953 839464.8
1900816 840549.3
1910903 844527.4
1922838 836182.5
1923939 837082.3
1929944 840797.5
1934488 842506.7
1937994 842530
1938460 842280.3
1938965 841593.3
1944086 832413.7
ID 6001
1708649 789413
1712419 790229.9
1712951 790089.6
1716374 787185.8
1719302 782567.4
1720271 780158.5
1738967 768721.2
1768880 776790.8
1774884 778976
1774515 766034
1774067 748180.1
1775000 747022.7
1781379 741221.3
1781316 741265.9
1747449 742468.4
1746383 742333.7
1745700 741485.5
1745094 741020.2
1742228 739934.4
1740673 739746.7
1729350 740755.2
1727472 742342.3
1724939 745842.4
1720292 764595.9
1708938 781789.7
1708649 789413
ID 6075
1700958 768823.8
1691190 769163.6
1691178 769232.7
1690895 770907
1690422 777266.8
1691260 778067.4
1694981 779747.5
1698338 780329.8
1699967 780323.1
1700764 779649.4
1701834 777955.8
1702947 771430.6
1702861 769794.3
1700958 768823.8
ID 6099
1830940 806224.3
1854391 778567.5
1877511 756155.2
1877506 756117.5
1835195 736346.4
1823721 729774.2
1824460 729548
1825212 728633.3
1825965 725092.8
1802160 702188.6
1790504 707981.9
1781151 734738.9
1780090 740427.4
1781316 741265.9
1781379 741221.3
1800558 759640.2
1803895 763093
1805414 764268.2
1814396 769118.5
1816745 768867.4
1821175 769061.3
1826170 769701.2
1830572 772032.2
1830525 785057.2
1830940 806224.3
ID 6081
1700958 768823.8
1700815 768751
1701707 757397.2
1703274 755888.3
1719878 745510.7
1720996 745146.8
1723464 744938.8
1724938 745726.8
1724939 745842.4
1727472 742342.3
1720496 721303.6
1720382 715044.1
1720212 713440.5
1712244 713671.4
1705474 710772.5
1705847 706384.5
1707202 702014.5
1706229 702910.9
1702971 706101.5
1698431 711052.6
1697754 712025.1
1696689 717135.7
1691080 745199.2
1690842 757125.1
1691190 769163.6
1700958 768823.8
ID 6085
1727472 742342.3
1729350 740755.2
1740673 739746.7
1742228 739934.4
1745094 741020.2
1745700 741485.5
1746383 742333.7
1747449 742468.4
1781316 741265.9
1780090 740427.4
1781151 734738.9
1790504 707981.9
1802160 702188.6
1802971 700867.5
1803198 694839.8
1802120 691640.5
1800173 690113.1
1800017 685638.1
1800243 685062.5
1801260 683795.5
1802729 682913.2
1784668 683281.5
1776475 683015.5
1769961 676994.4
1770043 679067.8
1769244 679855.2
1754896 693909.4
1745645 699776.7
1741341 701458
1734227 705060.5
1731289 707600.3
1724609 715386
1721131 719539.7
1720782 720094.9
1720496 721303.6
1727472 742342.3
ID 6043
1877511 756155.2
1876890 760443.9
1877344 761658.3
1881462 766373.2
1904951 777462.1
1906786 777009.5
1915851 771176.2
1916740 770246
1917302 770029.6
1920064 769436.9
1928489 769261.5
1931165 769949.7
1941232 774070
1942410 775083
1948322 782627
1952990 784953.3
1962440 781220.5
1968998 776698.1
1972775 771330
1948434 747283
1948239 739998.4
1942353 731504.7
1932561 731497.6
1906583 705770.6
1898509 712088.1
1895464 714702.9
1886895 734134.2
1887159 734599.3
1887174 734923.6
1886787 736516.3
1877506 756117.5
1877511 756155.2
ID 6087
1720496 721303.6
1720782 720094.9
1721131 719539.7
1724609 715386
1731289 707600.3
1734227 705060.5
1741341 701458
1745645 699776.7
1754896 693909.4
1769244 679855.2
1770043 679067.8
1769961 676994.4
1764381 676424.5
1749386 672037.3
1747957 675260.6
1745046 681141.9
1743514 683252.6
1742262 684589.2
1741235 685408.4
1739166 686492.7
1738329 686507.2
1734309 684485.9
1730430 683766
1728378 683539.3
1726926 683557.6
1726158 683769.6
1725860 683851.9
1724465 684237.3
1723433 684522.6
1719153 687426.7
1714728 691248.4
1710808 696432.4
1707202 702014.5
1705847 706384.5
1705474 710772.5
1712244 713671.4
1720212 713440.5
1720382 715044.1
1720496 721303.6
ID 6047
1877506 756117.5
1886787 736516.3
1887174 734923.6
1887159 734599.3
1886895 734134.2
1895464 714702.9
1898509 712088.1
1906583 705770.6
1898167 703729.8
1884837 702283.9
1868732 696644.3
1862814 690932
1828653 657840.1
1827344 659144.2
1808998 668941.5
1801923 677675.5
1800953 679058.1
1801047 679700.3
1801430 680667
1802729 682913.2
1801260 683795.5
1800243 685062.5
1800017 685638.1
1800173 690113.1
1802120 691640.5
1803198 694839.8
1802971 700867.5
1802160 702188.6
1825965 725092.8
1825212 728633.3
1824460 729548
1823721 729774.2
1835195 736346.4
1877506 756117.5
ID 6039
1976288 767017.2
1983028 766859.2
1988793 766476.7
1990328 765380.5
1994238 760841.7
1998025 749946.3
1975479 727461.3
1972340 724128.5
1971130 722211.6
1970581 719967.7
1971073 714988.2
1971445 713158.4
1971442 712400.8
1970707 707968.9
1969779 706338.8
1967899 703650.3
1965671 701614.9
1953120 699385
1949622 697956
1937873 686134.8
1934759 682784.5
1934066 681857.6
1929753 673868.4
1928905 671175.2
1927230 668551.6
1926979 668398.3
1890054 660723.5
1884615 660401.2
1877392 663741.1
1872782 668182.6
1871400 669973.5
1870660 671241.7
1869843 673193.1
1862814 690932
1868732 696644.3
1884837 702283.9
1898167 703729.8
1906583 705770.6
1932561 731497.6
1942353 731504.7
1948239 739998.4
1948434 747283
1972775 771330
1976288 767017.2
ID 6019
2019905 736352
2018593 728688.6
2019997 722117.9
2029564 702150.8
2030687 700732.7
2031003 700550.8
2038741 697589.5
2040444 697814.3
2048635 692548.8
2050260 690605.9
2054961 677861
2056217 673851.9
2056944 667956.9
2057101 656805.9
2041198 656711.7
2001568 656268.9
2001355 646892.4
1984361 647098.5
1972755 647324.1
1958265 637904.7
1948656 628381.5
1940205 620646.7
1927652 618901
1913877 618893.3
1913717 594534
1881291 564489
1858847 580999.5
1851569 587305.9
1849660 593231.7
1849179 604954.4
1852353 610636.6
1856315 629349.8
1828653 657840.1
1862814 690932
1869843 673193.1
1870660 671241.7
1871400 669973.5
1872782 668182.6
1877392 663741.1
1884615 660401.2
1890054 660723.5
1926979 668398.3
1927230 668551.6
1928905 671175.2
1929753 673868.4
1934066 681857.6
1934759 682784.5
1937873 686134.8
1949622 697956
1953120 699385
1965671 701614.9
1967899 703650.3
1969779 706338.8
1970707 707968.9
1971442 712400.8
1971445 713158.4
1971073 714988.2
1970581 719967.7
1971130 722211.6
1972340 724128.5
1975479 727461.3
1998025 749946.3
2019905 736352
ID 6069
1764381 676424.5
1769961 676994.4
1776475 683015.5
1784668 683281.5
1802729 682913.2
1801430 680667
1801047 679700.3
1800953 679058.1
1801923 677675.5
1808998 668941.5
1827344 659144.2
1828653 657840.1
1856315 629349.8
1852353 610636.6
1849179 604954.4
1846479 597861.1
1845941 597344.8
1845476 597180.4
1842935 597525.8
1823550 606888.1
1816772 611868.9
1799588 631785.3
1787585 649201.4
1776070 661355.8
1766175 671063.4
1764443 674147.2
1764381 676424.5
ID 6053
1764381 676424.5
1764443 674147.2
1766175 671063.4
1776070 661355.8
1787585 649201.4
1799588 631785.3
1816772 611868.9
1823550 606888.1
1842935 597525.8
1845476 597180.4
1845941 597344.8
1846479 597861.1
1849179 604954.4
1849660 593231.7
1851569 587305.9
1858847 580999.5
1881291 564489
1890251 551286.7
1787909 553839.7
1784220 557071.5
1777692 564133.1
1776836 568144.8
1776835 568149.7
1776463 570054.7
1775775 573587.2
1774512 576538.7
1774337 576949
1758893 595738.3
1755655 599084.8
1750124 602824.3
1748599 603623.9
1748580 603621.4
1747704 603505.2
1747101 603670.3
1745986 604549.5
1745174 605560.1
1741796 609913.9
1740613 611475.4
1740104 613155.4
1736024 641010.1
1741559 644633.7
1741764 644594.3
1743151 644896.8
1744135 645597.6
1745837 647647.7
1746804 649261.8
1747464 650613.5
1748494 653430.8
1749257 656883.1
1751224 666799
1750968 668048.8
1749488 671807.5
1749386 672037.3
1764381 676424.5
ID 6027
2019905 736352
2103267 737164.6
2163293 683248.6
2165540 681241.4
2178276 669892.2
2185774 663118.5
2225112 627860
2257044 599163.9
2261155 595491.8
2278245 580151.5
2279592 578948.6
2302979 558070.2
2295026 556089.1
2146813 552486.2
2123570 552357.4
2089679 551043.4
2091594 560952.9
2091755 566312
2089612 573302
2078453 607503.4
2063168 641352.9
2057101 656805.9
2056944 667956.9
2056217 673851.9
2054961 677861
2050260 690605.9
2048635 692548.8
2040444 697814.3
2038741 697589.5
2031003 700550.8
2030687 700732.7
2029564 702150.8
2019997 722117.9
2018593 728688.6
2019905 736352
ID 6107
2057101 656805.9
2063168 641352.9
2078453 607503.4
2089612 573302
2091755 566312
2091594 560952.9
2089679 551043.4
2084281 551253
2044841 550769.7
1995205 550741.9
1951351 550761.6
1951698 587513.9
1952418 602517.1
1954988 603930.3
1957343 603920.6
1957402 618569.7
1952654 628355.8
1948656 628381.5
1958265 637904.7
1972755 647324.1
1984361 647098.5
2001355 646892.4
2001568 656268.9
2041198 656711.7
2057101 656805.9
ID 6031
1948656 628381.5
1952654 628355.8
1957402 618569.7
1957343 603920.6
1954988 603930.3
1952418 602517.1
1951698 587513.9
1951351 550761.6
1892043 551256.2
1890251 551286.7
1881291 564489
1913717 594534
1913877 618893.3
1927652 618901
1940205 620646.7
1948656 628381.5
ID 6079
1787909 553839.7
1890251 551286.7
1892043 551256.2
1891823 531856.4
1904627 520425
1919982 502350.5
1926329 492570.5
1936438 492392
1949557 483127.2
1956874 471647.7
1956775 452147.7
1955154 451745.3
1951012 451778.7
1927913 462047.3
1909434 470461
1903324 473860
1901177 475395.4
1884852 466149.7
1879942 461611.1
1874282 459206.9
1868660 462632.9
1863360 463313.8
1849388 461480.4
1850195 464414.6
1850250 464616.5
1850893 467948.9
1851279 471097.9
1851343 472966.7
1851284 474877
1851268 475369.3
1851262 475585.1
1850863 478018.6
1850807 478149.4
1850116 479786.2
1849509 480701.4
1848486 481339.4
1845202 483376.3
1844723 483608.4
1843819 483934.3
1830658 503133.9
1809432 525996.1
1796164 538264.7
1794263 539427.1
1793138 540275
1790558 544687.8
1787909 553839.7
ID 6029
1951351 550761.6
1995205 550741.9
2044841 550769.7
2084281 551253
2089679 551043.4
2123570 552357.4
2122247 542646.1
2122156 539398.1
2124199 526489.8
2125200 444176
2121971 444159
2009659 442788.4
2010814 439778.2
2002131 439776.3
1977703 444411.7
1976546 447218.5
1974671 449691.9
1965044 451578.5
1959554 452145.6
1956775 452147.7
1956874 471647.7
1949557 483127.2
1936438 492392
1926329 492570.5
1919982 502350.5
1904627 520425
1891823 531856.4
1892043 551256.2
1951351 550761.6
ID 6071
2123570 552357.4
2146813 552486.2
2295026 556089.1
2302979 558070.2
2326913 536539.8
2335158 529184.4
2338204 526465.3
2370863 497182.7
2382353 486864.6
2398641 472305.3
2398872 459764.5
2399085 458207.3
2399304 457658.2
2407178 446565.1
2415535 438666.1
2416934 434424.8
2428367 412519.5
2435558 407302.9
2441738 403169.1
2447691 397006.2
2448557 392287.9
2448405 392066.2
2438626 382812.7
2431715 377856.5
2421529 370878.5
2357811 368084.4
2346167 365858.1
2340429 362324.4
2293441 360777.3
2226019 358521.8
2202949 356983.9
2191456 354617.1
2164090 354002.6
2151385 355464.7
2150175 357054.2
2146551 357026.9
2133252 356750.6
2124455 344563.8
2122839 338513.3
2112588 346770.7
2111596 347602.1
2110762 349179.6
2110733 349989.7
2112320 353252.0
2117873 357832.1
2119070 361623.2
2122033 371180.8
2124790 385077.6
2124285 390501.5
2123271 403126.6
2122368 418063.9
2121971 444159
2125200 444176
2124199 526489.8
2122156 539398.1
2122247 542646.1
2123570 552357.4
ID 6111
1959554 452145.6
1965044 451578.5
1974671 449691.9
1976546 447218.5
1977703 444411.7
2002131 439776.3
2010814 439778.2
2033483 384458.8
2033891 380403.9
2030641 370723.8
2019499 370738.5
2013247 366138.8
2005469 360332.6
2005094 357042.9
1990929 363040.9
1972156 382333.6
1960314 391541.2
1957565 393637.3
1956337 393870.4
1958441 396178.7
1958985 396982.6
1959334 402639
1959554 452145.6
ID 6065
2421529 370878.5
2416194 357517.4
2414709 352526.9
2414460 343744.3
2414830 340149.4
2415397 326808.6
2414886 313807.5
2407105 298372.3
2388148 297545.9
2375993 296698.1
2328933 294423.7
2271442 292375.5
2251386 291992.8
2221859 291165.7
2201471 290622.5
2163766 290421.3
2163713 292308.9
2152193 298337.1
2138661 298116.1
2138566 301334.8
2147378 315364.5
2141580 320242.6
2136054 320883.4
2131678 327218.5
2122839 338513.3
2124455 344563.8
2133252 356750.6
2146551 357026.9
2150175 357054.2
2151385 355464.7
2164090 354002.6
2191456 354617.1
2202949 356983.9
2226019 358521.8
2293441 360777.3
2340429 362324.4
2346167 365858.1
2357811 368084.4
2421529 370878.5
ID 6059
2112588 346770.7
2122839 338513.3
2131678 327218.5
2136054 320883.4
2141580 320242.6
2147378 315364.5
2138566 301334.8
2138661 298116.1
2130829 284861.8
2129685 287017.1
2127432 289674.2
2126121 290788.7
2104276 307390.9
2086785 320341.1
2082494 323517.7
2083816 328108.4
2087167 335347.6
2094736 345818.6
2098847 346551.7
2099963 346569.1
2112588 346770.7
ID 6073
2138661 298116.1
2152193 298337.1
2163713 292308.9
2163766 290421.3
2201471 290622.5
2221859 291165.7
2251386 291992.8
2271442 292375.5
2272602 266307.3
2273007 253402.1
2271859 221379.3
2272189 202620.2
2263413 201542.3
2245559 199376.4
2227406 197090.0
2201736 193920.7
2177116 190951.4
2176571 190886.4
2167949 207798.4
2163004 234773.2
2162794 235687.7
2162793 235691.8
2161456 241505.8
2160941 243749.0
2157553 252708.2
2156275 255834.8
2153257 260537.1
2152988 260955.8
2145053 271943.7
2142745 275006.4
2142358 275474.3
2139335 279135.2
2135362 282565.8
2133101 284031.2
2130829 284861.8
2138661 298116.1
ID 6025
2271442 292375.5
2328933 294423.7
2375993 296698.1
2388148 297545.9
2407105 298372.3
2398531 293911.7
2401297 260028.2
2401408 259869
2404572 255329.3
2409456 253458.4
2411116 253198.6
2419348 253792.4
2419689 253568
2420005 253359.9
2424272 247797.6
2425152 240513.4
2425026 237573
2425027 237547.6
2422460 231100.2
2411735 220267.7
2402037 218643.5
2401477 218572.5
2332258 210055.8
2330874 209882.2
2323014 208900.1
2293782 205309.6
2281347 203754.4
2272189 202620.2
2271859 221379.3
2273007 253402.1
2272602 266307.3
2271442 292375.5
