ID 08
856271.5 656407.6
933162 656222.6
961257.7 656345
1036176 657528.5
1076465 658311.3
1092620 658689
1153965 660415.2
1156693 660530.6
1204594 662175
1205687 634112.2
1205898 628335
1206978 599748.9
1207343 589671.5
1208795 551260.4
1210769 503666.3
1210798 503013.2
1212854 454761.8
1213271 445211.7
1214863 406450.5
1215204 397319.2
1216729 358893.8
1216761 358191.2
1219195 300078.8
1219629 289623.5
1220685 261322.3
1222322 217370.9
1194444 216523.2
1148123 215613.3
1136840 215348.0
1129371 215119.5
1047301 212952.2
982806.3 211839.8
958888.9 211652.6
945127.4 211819.1
939287 211780.2
894948 211840.5
869275.8 211887.0
827463.2 212020.6
814895 212109.2
792392.9 212357.2
780757.7 213383.1
743328.5 214087.6
737912.3 214200.5
658005.3 216281.6
598722.7 218337
601020.3 272262.4
602814.9 316186.1
603996.7 346340.7
603938.8 384888.1
604931.7 409278.1
606219.3 429726.9
606442.7 433991.2
607386.6 454184.9
608443.8 480995.5
609016.8 495527.3
609735.4 513587.4
612206.2 575963.4
614296.7 623781.1
615648.6 662313.9
682898.2 659920.3
710858.2 659338.3
761403.5 658262
800159.7 657598.3
845279.3 656617.6
856271.5 656407.6
