ID 8049
818093 537576.2
818235.5 545925.3
818183.6 583860.7
816642.4 595395.1
819987.6 588468.8
820758.3 587663.5
834251 584222.1
852289.6 581578
855822.4 581814.4
874256.7 584522.7
880029.4 589716.5
884302.6 599390.2
901357.2 574265.1
899374.4 537844.1
898111.9 528913.9
897595.5 527463
893651.1 523616.8
891800.5 522599.4
886737.3 521574.4
879398.7 515013.3
877983.8 511991.5
876178.7 510878.1
871823.6 510374
869223.8 510988.1
866514.8 514910.3
865772.7 519271
864381.4 524023.3
860908.3 527984.8
852106.5 533756.8
837866.6 537334.4
834511.5 537404.2
818093 537576.2
ID 8087
1067620 546995.7
1029656 546280.4
1029005 604428.6
1056575 604848.8
1067302 604814.6
1076970 605171.1
1087057 595721.9
1086796 586098.4
1087037 565762.4
1087575 547414.9
1067620 546995.7
ID 8121
1067620 546995.7
1087575 547414.9
1087037 565762.4
1086796 586098.4
1087057 595721.9
1145200 597496.3
1144321 587772.2
1144628 548997.5
1145274 533971.2
1146132 500789.2
1115940 499714.4
1068456 498696.2
1068120 517970.8
1067620 546995.7
ID 8037
818093 537576.2
834511.5 537404.2
834459.7 531643.9
835211.2 528431.7
849410.6 492398.6
853512.5 476689.9
834559.7 474888
775372.6 476181.2
776443.6 537574.7
783445.6 537431.8
818093 537576.2
ID 8117
834511.5 537404.2
837866.6 537334.4
852106.5 533756.8
860908.3 527984.8
864381.4 524023.3
865772.7 519271
866514.8 514910.3
869223.8 510988.1
871823.6 510374
876178.7 510878.1
877983.8 511991.5
877793.7 509174.1
879154.6 507913.9
887168 504690.9
889208.1 504997.7
890086.2 504279.6
890697.5 502144.8
890701.2 501524.5
886073.8 497068.6
883255 491360.4
869814.3 475081.8
859646.9 476634.6
853512.5 476689.9
849410.6 492398.6
835211.2 528431.7
834459.7 531643.9
834511.5 537404.2
ID 8047
899374.4 537844.1
914354.6 537823.1
919731.3 538335.6
923090.8 538116.6
923136.3 535662.7
923148.4 517253.5
910300.9 521021.4
907717.9 523744
903155.7 527556.9
898111.9 528913.9
899374.4 537844.1
ID 8019
898111.9 528913.9
903155.7 527556.9
907717.9 523744
910300.9 521021.4
923148.4 517253.5
923085 497157.8
886073.8 497068.6
890701.2 501524.5
890697.5 502144.8
890086.2 504279.6
889208.1 504997.7
887168 504690.9
879154.6 507913.9
877793.7 509174.1
877983.8 511991.5
879398.7 515013.3
886737.3 521574.4
891800.5 522599.4
893651.1 523616.8
897595.5 527463
898111.9 528913.9
ID 8093
923085 497157.8
923231.8 448696.6
929062 448718.8
929265.6 400710.5
918891.6 400739.5
893819.8 400431.6
873535.9 400396.6
875598.5 402958.7
877815.5 411011.1
875535 421446.8
873796.2 424179.3
868617.4 428097.7
866575.1 428176.7
866006.3 427997.4
865824 427475.9
865394.4 426928.4
864939.3 426927.9
861288.7 427979.1
855272.5 438699.5
854594.1 440760.9
855535.9 443104.1
856225.2 449928.5
855497.4 457835.8
855151.2 465519.7
855414.6 468872.7
858135.9 474750.6
859646.9 476634.6
869814.3 475081.8
883255 491360.4
886073.8 497068.6
923085 497157.8
ID 8097
775372.6 476181.2
834559.7 474888
821105.8 441290.6
819186.5 434662.2
810970.5 441166.8
810360 441154.5
806392.9 439788.2
806117.7 437949.4
803164.6 433642.5
801601.6 432708.5
799402.3 432675.6
792414.6 434430.5
786798.7 438550.2
785005 440987.8
784866.6 443074.3
778959.7 448664.9
777803.1 448693.1
760269.3 448999.8
754259.2 455151.9
752301.3 458077
750904.8 464465.6
748017.7 476727.3
775372.6 476181.2
ID 8039
1039761 420745.3
1039638 449549.3
986770.6 449028.7
986536.5 497452.8
1067831 498687.8
1068701 449975.4
1068896 421039.5
1039761 420745.3
ID 8073
1115940 499714.4
1116670 468648.6
1116439 450859.1
1116703 441086
1117055 393876.2
1117311 384198.9
1110546 383860.1
1092038 383426
1088405 382538.2
1040501 382295.2
1039761 420745.3
1068896 421039.5
1068701 449975.4
1067831 498687.8
1068456 498696.2
1115940 499714.4
ID 8065
853512.5 476689.9
859646.9 476634.6
858135.9 474750.6
855414.6 468872.7
855151.2 465519.7
855497.4 457835.8
856225.2 449928.5
855535.9 443104.1
854594.1 440760.9
821105.8 441290.6
834559.7 474888
853512.5 476689.9
ID 8051
750904.8 464465.6
752301.3 458077
754259.2 455151.9
760269.3 448999.8
777803.1 448693.1
778959.7 448664.9
784866.6 443074.3
785005 440987.8
786798.7 438550.2
792414.6 434430.5
799402.3 432675.6
801601.6 432708.5
803164.6 433642.5
806117.7 437949.4
806392.9 439788.2
810360 441154.5
810970.5 441166.8
819186.5 434662.2
834810.7 426210.9
835616.7 415750.9
834902 415212.2
834269 413494.1
832604.6 399972.6
833489 396007.6
842027.2 378439.1
849175 370500.8
783371 371631.3
782815 340715.9
733076.2 341714.9
727658.5 359009.7
739466.3 358744.3
740310.7 399434.8
741618 460400.2
750904.8 464465.6
ID 8063
1115940 499714.4
1146132 500789.2
1210769 503666.3
1210798 503013.2
1212854 454761.8
1213271 445211.7
1186689 444089.5
1174024 443214.2
1155401 442295.3
1126360 441557.1
1116703 441086
1116439 450859.1
1116670 468648.6
1115940 499714.4
ID 8029
741618 460400.2
740310.7 399434.8
663920.7 401434.8
664475.7 419312.1
699599.2 443888.1
709770.8 445481.1
725837.6 447717.8
729602.7 452249.9
732285 454358.9
741618 460400.2
ID 8015
821105.8 441290.6
854594.1 440760.9
855272.5 438699.5
861288.7 427979.1
864939.3 426927.9
865394.4 426928.4
865824 427475.9
866006.3 427997.4
866575.1 428176.7
868617.4 428097.7
873796.2 424179.3
875535 421446.8
877815.5 411011.1
875598.5 402958.7
873535.9 400396.6
875652.5 399778.4
877316.3 398863.4
877625.6 398539.8
880866.4 392107.5
881429.4 390555.8
881471.8 390039.3
880878.4 385789
878829.9 380538.5
869815 372999.7
849175 370500.8
842027.2 378439.1
833489 396007.6
832604.6 399972.6
834269 413494.1
834902 415212.2
835616.7 415750.9
834810.7 426210.9
819186.5 434662.2
821105.8 441290.6
ID 8119
929062 448718.8
929196.4 448719.6
954732.5 448823.5
955360.9 437726.9
955284 419862.5
963135.6 411911.9
963193.8 402325.9
962937.7 395592.4
948369.7 395255.4
937003.7 395221.9
937015.7 397875.6
933066.6 400668.3
929265.6 400710.5
929062 448718.8
ID 8041
1039761 420745.3
1040501 382295.2
963104.3 381127.7
962937.7 395592.4
963193.8 402325.9
963135.6 411911.9
955284 419862.5
955360.9 437726.9
954732.5 448823.5
986770.6 449028.7
1039638 449549.3
1039761 420745.3
ID 8017
1213271 445211.7
1214863 406450.5
1215204 397319.2
1187431 396311.1
1165920 395375.2
1126691 394431.3
1117055 393876.2
1116703 441086
1126360 441557.1
1155401 442295.3
1174024 443214.2
1186689 444089.5
1213271 445211.7
ID 8043
929265.6 400710.5
933066.6 400668.3
937015.7 397875.6
937003.7 395221.9
948369.7 395255.4
962937.7 395592.4
963104.3 381127.7
963384.8 352123.9
953857.8 352037.4
928316.2 352062.5
910301.6 352632
888417.7 352767.2
869815 372999.7
878829.9 380538.5
880878.4 385789
881471.8 390039.3
881429.4 390555.8
880866.4 392107.5
877625.6 398539.8
877316.3 398863.4
875652.5 399778.4
873535.9 400396.6
893819.8 400431.6
918891.6 400739.5
929265.6 400710.5
ID 8091
727658.5 359009.7
733076.2 341714.9
732593.1 321489.1
726204.3 321636.6
726019.9 318487.5
726089 317906
726458.6 317028.4
726410.9 316729.2
725345.2 315614.2
724094.3 314858.4
721258.4 313693
720819.8 313658.9
718747.7 314463.8
717545.8 315229.7
717845 315829.0
718096 317941.5
716743.5 320544.5
713483.9 323392.8
711022.3 324746.8
708033.5 325352.4
705091.3 326866.5
704540.4 327352.2
703663.4 329000.4
699422.4 339094.3
698292.4 342320.6
698285.3 343145.3
699935.4 343118.8
700772 345477.7
700954.9 350476.1
700140.9 351329.2
696973.6 353848.1
694593 354677.0
688024.2 354854.9
684285.1 362242.2
684264.7 363444
727680 362368.3
728077 361640.6
727658.5 359009.7
ID 8109
849175 370500.8
869815 372999.7
888417.7 352767.2
897569.4 341762
898961.8 339445.3
904841.5 326944.9
914127.8 314835.2
916759 311754.4
918169.7 295712.8
866911 295508.3
818639 295878.9
818686.7 305494.6
809293.7 305703.4
808242 310130.9
792876.7 319957.3
791848.4 320591.4
785411 321573.8
782846.3 319989.4
782510 319511.9
782815 340715.9
783371 371631.3
849175 370500.8
ID 8101
963104.3 381127.7
1040501 382295.2
1040787 340567.3
1041257 294856.0
1015577 303681.3
989488.4 312612.8
959472.6 310423.7
955604.5 312768
953984.7 314017.8
953857.8 352037.4
963384.8 352123.9
963104.3 381127.7
ID 8061
1117055 393876.2
1126691 394431.3
1165920 395375.2
1187431 396311.1
1215204 397319.2
1216729 358893.8
1155707 356603.2
1098180 354892.1
1089271 354644.6
1088405 382538.2
1092038 383426
1110546 383860.1
1117311 384198.9
1117055 393876.2
ID 8025
1040501 382295.2
1088405 382538.2
1089271 354644.6
1088818 344363.7
1079340 337590.9
1060641 337182.4
1051479 338358.6
1042999 339946
1040787 340567.3
1040501 382295.2
ID 8053
733076.2 341714.9
782815 340715.9
782510 319511.9
776233.9 319542.7
770383.8 317812.5
769537.4 293174.4
770798.3 279675.1
770193 260532.1
738901.2 261124.2
739422.2 285191.2
732593.1 321489.1
733076.2 341714.9
ID 8027
888417.7 352767.2
910301.6 352632
928316.2 352062.5
953857.8 352037.4
953984.7 314017.8
944931.3 322485.4
931941.7 314783.4
922000 311153.4
921555.4 311061.5
916759 311754.4
914127.8 314835.2
904841.5 326944.9
898961.8 339445.3
897569.4 341762
888417.7 352767.2
ID 8111
717545.8 315229.7
718747.7 314463.8
720819.8 313658.9
721258.4 313693
724094.3 314858.4
725345.2 315614.2
726410.9 316729.2
726458.6 317028.4
726089 317906
726019.9 318487.5
726204.3 321636.6
732593.1 321489.1
739422.2 285191.2
696193.6 286259.5
696946.5 289355
699675.7 293458.6
704400.8 294795.8
706244 298924.2
706394.2 301085.1
717545.8 315229.7
ID 8089
1098180 354892.1
1099387 285868.3
1041676 284797.1
1041257 294856.0
1040787 340567.3
1042999 339946
1051479 338358.6
1060641 337182.4
1079340 337590.9
1088818 344363.7
1089271 354644.6
1098180 354892.1
ID 8011
1155707 356603.2
1157313 308988.6
1157332 307388
1156705 307343.3
1157341 287422.4
1128369 286572.1
1099387 285868.3
1098180 354892.1
1155707 356603.2
ID 8079
782510 319511.9
782846.3 319989.4
785411 321573.8
791848.4 320591.4
792876.7 319957.3
808242 310130.9
809293.7 305703.4
808886 286726.5
807339.4 270952
807165.5 257876.3
807154.4 256989.3
770127.2 257142.8
770193 260532.1
770798.3 279675.1
769537.4 293174.4
770383.8 317812.5
776233.9 319542.7
782510 319511.9
ID 8099
1155707 356603.2
1216729 358893.8
1216761 358191.2
1219195 300078.8
1219629 289623.5
1157341 287422.4
1156705 307343.3
1157332 307388
1157313 308988.6
1155707 356603.2
ID 8055
916759 311754.4
921555.4 311061.5
922000 311153.4
931941.7 314783.4
944931.3 322485.4
953984.7 314017.8
955604.5 312768
959472.6 310423.7
989488.4 312612.8
1015577 303681.3
1007452 296704.8
998444.3 280383.3
984432 261064.9
980920.6 257747.5
948487.7 245244.1
945078.7 244884.9
946759.7 258088.8
941282.6 279934.3
932480.3 284859.8
931930.9 284906.3
925834.1 283188.2
919499.6 280214.2
915681.6 276443.3
918169.7 295712.8
916759 311754.4
ID 8105
809293.7 305703.4
818686.7 305494.6
818639 295878.9
866911 295508.3
866626.6 256920.3
810034.2 257768.4
807165.5 257876.3
807339.4 270952
808886 286726.5
809293.7 305703.4
ID 8003
918169.7 295712.8
915681.6 276443.3
892835 251924.6
866626.6 256920.3
866911 295508.3
918169.7 295712.8
ID 8081
710858.2 659338.3
761403.5 658262
761074.4 623946.1
760816.7 613530.5
758713 613572.6
755960.3 613181.5
750974 607281.3
749314 584270.6
749322.5 571898.5
749316.7 571573.7
748651 571580.8
725494.1 572469.1
690917.6 573170.9
612206.2 575963.4
614296.7 623781.1
615648.6 662313.9
682898.2 659920.3
710858.2 659338.3
ID 8107
761403.5 658262
800159.7 657598.3
799799.6 657200.7
798768.4 654280.2
799030.4 652539
800446.6 648938.3
804757.1 645621.7
805988.2 646447.6
806437.5 646835.7
807088.3 646631.2
813205.1 644032.9
814896.1 642637.3
816055.5 641283.2
818275.5 636639.8
818520.7 635072.6
818409.8 633615.6
817085 632091.5
816349.7 631611.8
812302.9 614377
812703.5 610371.8
815417.8 598835.3
816642.4 595395.1
818183.6 583860.7
818235.5 545925.3
818093 537576.2
783445.6 537431.8
783291 556604.9
783494.2 571453
749322.5 571898.5
749314 584270.6
750974 607281.3
755960.3 613181.5
758713 613572.6
760816.7 613530.5
761074.4 623946.1
761403.5 658262
ID 8057
800159.7 657598.3
845279.3 656617.6
856271.5 656407.6
858896 646673.2
868389.6 634127.7
869543.2 632345.4
874445.2 622691.6
879097 608779.2
884302.6 599390.2
880029.4 589716.5
874256.7 584522.7
855822.4 581814.4
852289.6 581578
834251 584222.1
820758.3 587663.5
819987.6 588468.8
816642.4 595395.1
815417.8 598835.3
812703.5 610371.8
812302.9 614377
816349.7 631611.8
817085 632091.5
818409.8 633615.6
818520.7 635072.6
818275.5 636639.8
816055.5 641283.2
814896.1 642637.3
813205.1 644032.9
807088.3 646631.2
806437.5 646835.7
805988.2 646447.6
804757.1 645621.7
800446.6 648938.3
799030.4 652539
798768.4 654280.2
799799.6 657200.7
800159.7 657598.3
ID 8069
856271.5 656407.6
933162 656222.6
961257.7 656345
961569.5 594055.8
961492.3 584276.9
952075.2 584222
952250 574527.4
922710.3 573961.7
910013 574368.7
901357.2 574265.1
884302.6 599390.2
879097 608779.2
874445.2 622691.6
869543.2 632345.4
868389.6 634127.7
858896 646673.2
856271.5 656407.6
ID 8075
1076465 658311.3
1092620 658689
1153965 660415.2
1155039 632316.2
1154942 597792.1
1145200 597496.3
1087057 595721.9
1076970 605171.1
1076689 625008.8
1077203 625011.7
1076620 655737.7
1076465 658311.3
ID 8115
1156693 660530.6
1204594 662175
1205687 634112.2
1155039 632316.2
1153965 660415.2
1156693 660530.6
ID 8095
1205687 634112.2
1205898 628335
1206978 599748.9
1154942 597792.1
1155039 632316.2
1205687 634112.2
ID 8103
749322.5 571898.5
783494.2 571453
783291 556604.9
759444.5 556959.4
759045.4 546884.4
758903.8 537445.7
749038 528032.5
723701.2 528600.7
705659.9 528700.6
705267.2 514212.9
681318.6 514967.5
662014.8 513848.5
652283.2 510894.7
623027 511952.9
622592.8 513095.5
609735.4 513587.4
612206.2 575963.4
690917.6 573170.9
725494.1 572469.1
748651 571580.8
749316.7 571573.7
749322.5 571898.5
ID 8125
1154942 597792.1
1206978 599748.9
1207343 589671.5
1208795 551260.4
1210769 503666.3
1146132 500789.2
1145274 533971.2
1144628 548997.5
1144321 587772.2
1145200 597496.3
1154942 597792.1
ID 8045
783291 556604.9
783445.6 537431.8
776443.6 537574.7
775372.6 476181.2
748017.7 476727.3
608443.8 480995.5
609016.8 495527.3
609735.4 513587.4
622592.8 513095.5
623027 511952.9
652283.2 510894.7
662014.8 513848.5
681318.6 514967.5
705267.2 514212.9
705659.9 528700.6
723701.2 528600.7
749038 528032.5
758903.8 537445.7
759045.4 546884.4
759444.5 556959.4
783291 556604.9
ID 8031
952677.2 522239
965114.7 522849.9
967140 516661.1
967151.7 515053.3
968364.7 509396.9
967162 505855
952801.5 504524.2
952744.5 508549.4
952754.3 510157.6
952677.2 522239
ID 8005
967140 516661.1
974331.6 516724.2
979972 516747.4
1002632 516725.1
1049863 517712.9
1068120 517970.8
1068456 498696.2
1067831 498687.8
986536.5 497452.8
953178 497249.2
952744.1 503390.7
952739.4 504352.6
952747.2 504519.2
952801.5 504524.2
967162 505855
968364.7 509396.9
967151.7 515053.3
967140 516661.1
ID 8077
608443.8 480995.5
748017.7 476727.3
750904.8 464465.6
741618 460400.2
732285 454358.9
729602.7 452249.9
725837.6 447717.8
709770.8 445481.1
699599.2 443888.1
664475.7 419312.1
663920.7 401434.8
663291.2 382783.8
603938.8 384888.1
604931.7 409278.1
606219.3 429726.9
606442.7 433991.2
607386.6 454184.9
608443.8 480995.5
ID 8035
953178 497249.2
986536.5 497452.8
986770.6 449028.7
954732.5 448823.5
929196.4 448719.6
953178 497249.2
ID 8085
663920.7 401434.8
740310.7 399434.8
739466.3 358744.3
727658.5 359009.7
728077 361640.6
727680 362368.3
684264.7 363444
684285.1 362242.2
688024.2 354854.9
694593 354677.0
696973.6 353848.1
700140.9 351329.2
700954.9 350476.1
700772 345477.7
699935.4 343118.8
698285.3 343145.3
603996.7 346340.7
603938.8 384888.1
663291.2 382783.8
663920.7 401434.8
ID 8113
603996.7 346340.7
698285.3 343145.3
698292.4 342320.6
699422.4 339094.3
703663.4 329000.4
704540.4 327352.2
705091.3 326866.5
708033.5 325352.4
711022.3 324746.8
713483.9 323392.8
716743.5 320544.5
718096 317941.5
717845 315829.0
717545.8 315229.7
706394.2 301085.1
701479.4 306008.4
695476.5 309901.0
693246.3 310491.9
689509.7 309019
675869.8 306981.2
674371.2 309504.2
674170 311519.2
673525.2 313210.6
671945.3 315281.4
624629.3 316949.8
622550.2 316368.5
622286.7 315416.6
602814.9 316186.1
603996.7 346340.7
ID 8033
706394.2 301085.1
706244 298924.2
704400.8 294795.8
699675.7 293458.6
696946.5 289355
696193.6 286259.5
684188.2 286503.8
676540.1 286195.9
666417.4 286316.9
612769.6 288112
601020.3 272262.4
602814.9 316186.1
622286.7 315416.6
622550.2 316368.5
624629.3 316949.8
671945.3 315281.4
673525.2 313210.6
674170 311519.2
674371.2 309504.2
675869.8 306981.2
689509.7 309019
693246.3 310491.9
695476.5 309901.0
701479.4 306008.4
706394.2 301085.1
ID 8083
696193.6 286259.5
692718.1 282593.1
675328.7 255237.5
674755.6 254279.2
668537.6 241533.3
658820.6 219551.6
658005.3 216281.6
598722.7 218337
601020.3 272262.4
612769.6 288112
666417.4 286316.9
676540.1 286195.9
684188.2 286503.8
696193.6 286259.5
ID 8067
696193.6 286259.5
739422.2 285191.2
738901.2 261124.2
737912.3 214200.5
658005.3 216281.6
658820.6 219551.6
668537.6 241533.3
674755.6 254279.2
675328.7 255237.5
692718.1 282593.1
696193.6 286259.5
ID 8071
1015577 303681.3
1041257 294856.0
1041676 284797.1
1099387 285868.3
1128369 286572.1
1129257 257534.7
1128560 257500.4
1128916 229009.5
1129371 215119.5
1047301 212952.2
982806.3 211839.8
958888.9 211652.6
945127.4 211819.1
945078.7 244884.9
948487.7 245244.1
980920.6 257747.5
984432 261064.9
998444.3 280383.3
1007452 296704.8
1015577 303681.3
ID 8023
892835 251924.6
915681.6 276443.3
919499.6 280214.2
925834.1 283188.2
931930.9 284906.3
932480.3 284859.8
941282.6 279934.3
946759.7 258088.8
945078.7 244884.9
945127.4 211819.1
939287 211780.2
894948 211840.5
891112.2 215260.5
890470.2 216391.5
890255 217378.6
890603.3 219637.6
892614 224021.8
893815.5 229639.1
894565.3 243043.6
892835 251924.6
ID 8007
738901.2 261124.2
770193 260532.1
770127.2 257142.8
807154.4 256989.3
807165.5 257876.3
810034.2 257768.4
809783.8 238336.5
812418.7 236927.5
826331 214432.3
827463.2 212020.6
814895 212109.2
792392.9 212357.2
780757.7 213383.1
743328.5 214087.6
737912.3 214200.5
738901.2 261124.2
ID 8021
866626.6 256920.3
892835 251924.6
894565.3 243043.6
893815.5 229639.1
892614 224021.8
890603.3 219637.6
890255 217378.6
890470.2 216391.5
891112.2 215260.5
894948 211840.5
869275.8 211887.0
827463.2 212020.6
826331 214432.3
812418.7 236927.5
809783.8 238336.5
810034.2 257768.4
866626.6 256920.3
ID 8009
1128369 286572.1
1157341 287422.4
1219629 289623.5
1220685 261322.3
1222322 217370.9
1194444 216523.2
1148123 215613.3
1136840 215348.0
1129371 215119.5
1128916 229009.5
1128560 257500.4
1129257 257534.7
1128369 286572.1
ID 8910
899374.4 537844.1
901357.2 574265.1
910013 574368.7
922710.3 573961.7
952250 574527.4
952075.2 584221.9
961492.3 584276.9
961569.5 594055.8
961257.7 656345
1036176 657528.5
1076465 658311.4
1076620 655737.7
1077203 625011.7
1076689 625008.8
1076970 605171.1
1067302 604814.6
1056575 604848.8
1029005 604428.6
1029656 546280.4
1067620 546995.7
1068120 517970.8
1049863 517712.9
1002632 516725.1
979972 516747.4
974331.6 516724.2
967140 516661
965114.7 522849.9
952677.2 522239
952754.3 510157.6
952744.5 508549.4
952801.5 504524.2
952747.2 504519.2
952739.4 504352.6
952744.1 503390.7
953178 497249.2
929196.4 448719.6
929062 448718.8
923231.8 448696.6
923085 497157.8
923148.4 517253.5
923136.3 535662.7
923090.8 538116.6
919731.3 538335.6
914354.6 537823.1
899374.4 537844.1
