ID 09
345725 202446.5
341013.7 201850.1
340189.4 201921.4
339435.9 202302.5
322869.5 199871.5
318765.1 201097.3
315924.5 201125.7
304174.1 200552.5
296607 199421.7
292745.9 199783.3
291547.6 202343.6
290824.7 202245.2
278854.9 193911.4
277163.8 192509.2
274969.1 190094.5
274758.2 189711.6
274741.6 189629.2
268900.6 189511.5
252525.9 182650.2
229629.5 171539.5
228973.9 170775.3
228443.8 169663.8
222661.5 182557.5
230109.0 187008.3
230744.1 187382.3
237714.9 204029.5
238309.4 211904.4
239697.2 229753.1
240885.6 245227.9
243760.4 287746.9
279691.0 286444.6
283388.1 286376.3
324734 285844.8
355673.4 285513.2
358449.8 285391.0
361964.2 285237.9
383425.9 285022.8
383561.5 283302.0
384703.4 251842.9
384825.8 242433.9
384888.1 237647.3
379348.8 207098.8
368585.7 206793.5
345725 202446.5
