ID 9015
383561.5 283302.0
384703.4 251842.9
384825.8 242433.9
379118.2 242841
371296.1 241665
354147 244114.8
351709.1 246170.8
347279 250353.4
351161.5 252659.3
354137.8 254789.8
352192.9 260797.4
349013.7 263802.6
348990.8 277462.0
350767.8 277603.2
358752.2 277616.3
358449.8 285391.0
361964.2 285237.9
383425.9 285022.8
383561.5 283302.0
ID 9013
358449.8 285391.0
358752.2 277616.3
350767.8 277603.2
348990.8 277462.0
349013.7 263802.6
352192.9 260797.4
354137.8 254789.8
351161.5 252659.3
347279 250353.4
333091.8 237800.6
333290.0 240400.3
333162.5 241044.0
326133.4 276172.8
324734 285844.8
355673.4 285513.2
358449.8 285391.0
ID 9003
283388.1 286376.3
324734 285844.8
326133.4 276172.8
333162.5 241044.0
333290.0 240400.3
333091.8 237800.6
328421.6 235795.8
325174.6 242794.1
314978.6 242017.2
307805.6 240622.3
304618.7 235201.2
285367.3 241969.5
282636.9 259590.9
288261.5 260491.9
293440.2 278996.4
281628.4 278301.2
283388.1 286376.3
ID 9005
279691.0 286444.6
283388.1 286376.3
281628.4 278301.2
293440.2 278996.4
288261.5 260491.9
282636.9 259590.9
285367.3 241969.5
274351.0 233688.7
257264.0 227167.8
256636.5 225826.7
256603.5 224881.6
257116.4 224043.0
257981.9 223127.5
257780.4 222973.3
256620.8 223214.2
252586.2 225427.8
246785.4 229179.5
246339.2 230573.7
245461.4 233435.2
243459.6 243263.7
242965.2 244206.3
240885.6 245227.9
243760.4 287746.9
279691.0 286444.6
ID 9011
384888.1 237647.3
379348.8 207098.8
368585.7 206793.5
345725 202446.5
341013.7 201850.1
340189.4 201921.4
339435.9 202302.5
328421.6 235795.8
333091.8 237800.6
347279 250353.4
351709.1 246170.8
354147 244114.8
371296.1 241665
379118.2 242841
384825.8 242433.9
384888.1 237647.3
ID 9007
328421.6 235795.8
339435.9 202302.5
322869.5 199871.5
316323.2 213809.3
313799.7 218581.3
312837.3 219579.7
309529.1 218899.2
305239.6 226183.4
304618.7 235201.2
307805.6 240622.3
314978.6 242017.2
325174.6 242794.1
328421.6 235795.8
ID 9009
304618.7 235201.2
305239.6 226183.4
309529.1 218899.2
312837.3 219579.7
313799.7 218581.3
316323.2 213809.3
322869.5 199871.5
318765.1 201097.3
315924.5 201125.7
304174.1 200552.5
296607 199421.7
292745.9 199783.3
291547.6 202343.6
290824.7 202245.2
278854.9 193911.4
277163.8 192509.2
274969.1 190094.5
274758.2 189711.6
274741.6 189629.2
273632.4 190700.2
273551.0 191289.1
274621.3 196448.7
275043.8 197246.6
276577.4 199239.5
278180.5 204386.6
266539.5 217715.9
260662.5 221313.6
257981.9 223127.5
257116.4 224043.0
256603.5 224881.6
256636.5 225826.7
257264.0 227167.8
274351.0 233688.7
285367.3 241969.5
304618.7 235201.2
ID 9001
239697.2 229753.1
240885.6 245227.9
242965.2 244206.3
243459.6 243263.7
245461.4 233435.2
246339.2 230573.7
246785.4 229179.5
252586.2 225427.8
256620.8 223214.2
257780.4 222973.3
257981.9 223127.5
260662.5 221313.6
266539.5 217715.9
278180.5 204386.6
276577.4 199239.5
275043.8 197246.6
274621.3 196448.7
273551.0 191289.1
273632.4 190700.2
274741.6 189629.2
268900.6 189511.5
252525.9 182650.2
229629.5 171539.5
228973.9 170775.3
228443.8 169663.8
222661.5 182557.5
230109.0 187008.3
230744.1 187382.3
237714.9 204029.5
238309.4 211904.4
239697.2 229753.1
