ID 10005
174690.8 70557.4
173434.0 92178.5
185608.2 92661.52
191345.6 95883.86
192046.3 97424.1
194145.6 100367.5
201855.9 103592.9
209030.2 105680.3
209052 102639.5
209765 101371.0
216029.4 93731.71
219640.6 89588.74
222384.5 87745.65
224559.3 86869.42
226356.8 86959.1
227764.7 87597.22
228062.3 88185.41
229247.6 83318.46
231063.7 67517.05
232013.2 54053.01
232099.4 50154.34
206583.1 50171.46
205313.3 50174.74
201910.0 50190.08
200504.8 50216.51
199287.3 50239.84
198947.2 50246.64
194545.9 50362.54
192713.6 50413.39
187494.8 50579.1
184931.1 50661.98
184601.6 50675.7
178513.2 50951.08
175836.0 51110.65
175598.3 54690.76
175398.3 57980.29
175168.5 62280.87
174690.8 70557.4
ID 10003
197304.0 196933.7
192015.7 187182.8
190300.8 187906.5
185368.3 183295.4
183128.9 179963.4
182975.2 179407.7
183070.4 178323.8
183233.2 177348.2
185285.6 166124.3
191771.4 151584.7
170375.4 143990.4
169842.5 152941.8
168131.4 191208.2
184670.7 203964.3
200139.2 200021.8
197304.0 196933.7
ID 10001
170375.4 143990.4
191771.4 151584.7
198071.6 145796.9
200715.5 140391.5
201182.7 139273.4
202042.9 133710.0
201890.1 131916.1
206562.4 113224
209030.2 105680.3
201855.9 103592.9
194145.6 100367.5
192046.3 97424.1
191345.6 95883.86
185608.2 92661.52
173434.0 92178.5
171384.6 126966.9
170711 138365.9
170375.4 143990.4
