ID 12
915783.7 -481799.9
876216.2 -491100.5
873761 -491367.9
873496 -491177.4
873292.9 -489277.4
873588 -488583.7
875308.2 -486734.2
879974.7 -486155.1
880873.5 -486158.6
881364 -486795
881787 -487028.3
885446 -485828.9
887021.1 -485153.9
891176.4 -482405.4
896577.9 -478114.3
896791 -476950.4
898513.5 -474260.4
912739 -468907
916431.8 -470082
923243.5 -472670.1
925541.8 -477554.8
925514.8 -477828
925040.9 -478137.5
923986.8 -478644.4
922057.6 -479571.8
915783.7 -481799.9
ID 12
947741.9 -472946.3
944746.8 -473457.7
943292.7 -471936.8
943062 -471695.5
942921 -471319.3
951975 -467520.3
964496.5 -462420.1
964549 -462548.7
964960.7 -463792
964393.4 -464346
958818.4 -466226.3
953999 -469695.9
947741.9 -472946.3
ID 12
970943.8 -459917.6
970524.2 -459972
970509.7 -459941.6
970466.7 -459851.3
970932.7 -459414.9
976216.2 -455189.8
985578 -449694.9
986277.9 -450319
984854.1 -452606.3
980402.7 -455766.1
975999.7 -458755.9
970943.8 -459917.6
ID 12
998226 -442239.8
989547 -448792.7
989347.3 -448546.7
989358.8 -448471.1
989437.2 -447956.5
993196 -443457.4
995633.2 -441791
1000840 -437001.9
1004272 -433722
1010522 -426307.9
1011614 -424783.5
1018783 -413319.5
1027658 -396636.7
1029349 -391620.8
1034694 -379282.7
1035603 -377995
1036084 -378042.8
1036294 -381992.4
1033540 -389946.3
1029881 -397477.9
1029221 -397826.7
1027468 -400358.9
1019587 -415117.3
1019348 -415827.9
1019831 -417532.6
1019010 -419203.8
1017232 -421892.4
1005746 -434259.8
998800.3 -441719.6
998226 -442239.8
ID 12
834829.7 -277354.8
840969.9 -279716.4
842093 -278479.6
843519.3 -278002.3
848436.2 -279658.6
848421.5 -279903.3
843569 -282961.8
842387.7 -283364.5
841598.2 -283381.3
840072.3 -283091.5
837192.4 -281894.8
832500 -278507.1
832081.7 -278082.6
831701.4 -277568.6
831100.5 -276141.3
823310.1 -255869.6
823699.4 -252511.0
831959.8 -274668.4
833136.8 -276048.9
834829.7 -277354.8
ID 12
453383.8 221952.0
504653.9 221782.5
505606.5 221786.8
552019.6 221887
565066.2 189780.4
565184 189773.9
611429.2 187306
620963.5 186830.5
639893 185851.7
647205.7 185453.5
672467.8 184073.8
685144.5 183372.6
709562.8 182045.3
714129.4 181770.1
730712 180839.3
773642.7 178484.8
783750.4 177993.1
795697.1 177366.3
799600.2 177156.6
819157.5 175902.8
819955 160122.0
820596.7 157555.9
822052.7 154800.4
823826.7 153024.3
824437.9 152833.5
835492.4 153542.6
836973.1 161113.1
838430.7 168577.0
839290.1 175929.6
838463 179478.8
836041.2 183596.2
834858.6 186013
834709.8 188335.1
837062.9 200109.4
848175.4 204812.5
851830.6 201634.3
866187 196638.7
877146.5 193972.7
883060.9 193514.6
891193.8 193454.9
892692.4 193444.5
893409.6 171297.8
895063.5 169889.3
896566.4 168299.7
898096.8 159312.9
898377 152601.8
898949.1 148558.8
899625.4 145294.9
900230.8 142987.3
907929.9 111769.1
913554.7 91441.23
913673.3 91086.12
914546.7 88473.27
915224.6 86446.11
918156.2 78926.62
929706.7 52228.5
935454.9 39206.35
940161.2 29368.74
943821.6 21730.23
946070.2 17685.74
952854.8 6775.655
967879.7 -17062.33
983097.3 -38017.92
983266 -38264.42
983865.2 -39140.59
984026.8 -39376.90
989380.5 -53137.09
989250 -54001.29
985763.7 -55667.19
984699.2 -56814.95
983423.8 -58734.53
983254 -59252.39
983219.7 -59356.68
982681.3 -60998.04
982076.9 -63980.67
981838 -67039.55
981815.6 -69835.9
982397 -75757.21
984097.3 -84546.13
986724 -93593.61
988747.4 -98720.17
990449.2 -102252.7
992738 -107000.0
992866.5 -107266.7
999378.5 -119211.9
1013003 -152388.3
1026286 -184571.3
1039407 -216546.6
1040669 -220616.1
1042015 -224955.7
1043195 -228758.5
1044951 -235675.7
1045217 -246272.4
1045352 -256097.5
1045190 -260880.6
1043032 -286839.7
1042672 -288565
1039853 -327135.1
1039864 -327431
1040095 -333707.4
1040235 -342009.4
1040095 -344586.2
1039694 -349678.8
1038833 -352151.6
1038218 -353230.2
1036032 -354632.4
1035338 -353669.6
1034113 -352858.9
1032806 -353040.2
1029695 -354476
1028596 -355440.3
1028208 -356246.1
1020487 -377041.2
1019546 -380769.1
1019630 -383074.6
1021333 -391983.1
1021898 -392688
1022923 -392848.3
1023304 -393428
1022991 -394692.9
1020617 -398606.1
1015700 -404392.3
1015400 -404657.9
1012444 -407280.3
1006157 -412715.8
992580.8 -417546.8
989556.8 -418608.3
985616.6 -419185.5
979197.7 -419503.9
969266 -418361.6
962684 -422533.7
954320.5 -424693.5
946175.1 -425544.3
944663.8 -424671.1
940617.5 -421538.6
939838.4 -420719.2
936511.4 -414320.2
936549.8 -411696.4
937299.8 -406783.6
938211.5 -402871.9
938570.4 -401968.7
939351.3 -401020.0
939969.8 -400792.8
941246.2 -401227.3
941548.2 -400498.8
941611.3 -399414.6
936069.8 -387469
926915.6 -368351.7
917298 -350306.7
916781.7 -348777.6
916406.2 -348213.6
912120.1 -345017.3
909763.7 -343623.3
909076.3 -343332.5
899795.8 -340000.6
898593.2 -339855.3
886863.4 -340552.8
885877.2 -341063.4
884962.2 -341972.3
884677.8 -343115.7
884156.8 -345209.4
883619.9 -346484.2
882960.1 -346289
882468.7 -345689.4
877347 -335892
870582.8 -319809.1
870057 -315605.4
869696.1 -312718.4
868289.1 -303366.6
866891 -296981.5
865663.1 -293323.5
865578.7 -293140
863089.2 -287726.3
858695.2 -282439.7
848775.5 -273994.2
840017.3 -256371.9
842861.3 -244653.4
843475 -241107.3
843169.3 -234859.2
842521.9 -226002.2
842323 -224730.2
840989.3 -223865.2
837846.8 -223995.4
836940.3 -224397.2
831808.9 -227949.4
831251.4 -228662.7
831556.5 -244270.4
831234.3 -244682.1
826940.7 -244832.5
825944.3 -243712.9
825658.4 -243660.7
824931.3 -244617.2
824055.4 -246676.9
822703.7 -246597.4
822424.1 -245004
822163.4 -243517.8
821964 -243054.9
821931.6 -242979.6
811249.2 -225814.6
797162.5 -197050.2
796309.6 -195487.6
795119.1 -193305.6
794355.7 -191906.0
790654 -185866.7
788463.9 -182971.0
783893.9 -177065.4
779023.1 -171078.3
776598.6 -164894.6
779314.8 -164008.6
782867.7 -162276.4
790628 -152633.2
791103.2 -151867.4
792150.2 -148585.5
803748.5 -135157
804002.9 -134737.9
806784.5 -129742.2
807667.7 -126969.7
806665.7 -121987.7
805514.3 -119923.7
791598.9 -112894.2
788096.8 -112520.9
785135.8 -112703.2
782298.5 -113122.8
775606.2 -114109.6
775216.9 -114404.0
774875.7 -115263.3
775289.8 -116554.4
776298.6 -117437.0
786247.8 -123354.2
790377.1 -122153.6
790533.8 -125001.4
788669.2 -129613.6
777980.9 -149514.9
773920.6 -142041.1
766755.9 -114273.5
766846.6 -114043.2
768024.8 -108374.0
768925.4 -103399.4
768943.3 -95447.93
768393.4 -93526.6
767978 -92701.22
766532.3 -90544.28
778484.3 -61382.08
781179.4 -32412.75
781670.6 -15883.12
781490 -12240.58
780982.3 -10804.42
769513.9 542.0946
770150.4 4240.299
769500.4 7300.966
764962.4 17479.87
762769.8 18755.77
729644.5 32767.73
728629.2 38955.89
725951.4 44438.1
724402 47310.52
722209.4 48692.37
719930.4 48958.72
715718.2 51557.15
708670.7 56352.77
706620 57849.72
706487.6 58518.98
705336.1 74287.82
702153.2 75533.93
693107.7 80542.44
692177.5 81550.34
691411.3 82694.25
688658 87627.53
688764.2 88155.6
688360.4 90335.01
687418.7 92126.61
683263.9 98533.55
679254.7 102099.9
678555 102673.8
668640.1 108509.8
663155.2 110814.3
654788.7 115880.4
649036.1 120240.5
640863.4 121504.5
624515.3 121185.7
615232.2 117936.3
613603.4 117309.6
612936.7 113580.3
613319.8 109496.2
613510.9 109163.9
615321.4 106510.1
615782.8 104485.7
615923.5 103400.9
616030.7 102574.1
616052.8 102403.6
615841.4 101210.7
615125.4 99721.83
614577.5 99418.81
611693 99005.24
607355.8 100097.1
606346.1 100465.8
605441.3 101291.9
604662.9 102987.5
598841.6 101599.8
596535.8 100881.7
581438.5 91914.65
574571.5 87470.9
568644.8 84098.94
563066.8 81410.9
552272.5 79355
548018.2 78943.37
544644.5 79841.34
541784.4 79825.14
539867.8 79514.63
530576 77252.41
521477.8 77602.07
522528.8 88630.63
522415.5 89848.2
521254.8 92348.42
516581.7 99958.24
514572.6 102416.1
514208.3 102782.7
514206.3 102784.7
504662.8 106962.3
502608.9 108115.3
501972.6 108680.4
499542.7 110839.3
496609.7 114264.0
477143.1 128858.8
475714.2 129894.7
474697.7 130631.7
473721.4 131339.8
472158.5 132368.3
468725.8 134628.5
467327 135550.1
466136.2 136260.5
464765.6 137078.5
463077.9 138086.1
461562.6 138848.9
456083.6 141610
417643.5 154328.1
378944.5 155918.3
367471.8 154403.7
344672.4 150151.3
343846.1 150043.6
343229.6 149963.2
339764.8 149512.2
337484.0 149333.8
333830.4 149048.9
318626.6 147289.6
309643.8 145776.7
316042.9 147801.0
318745.2 159729.3
322524.9 183673.8
322596.3 185502.6
322363.7 186832.7
321445.3 188869.6
317476.2 191978.8
314475.7 194008.2
312926.4 194449.7
312414.9 194712.3
309635.3 197128.1
301184.2 208693.7
300212.9 210957.8
304052 225445.9
345716 224570.2
381681.2 223559.2
390885.7 223169.1
419614 222554.6
438848.3 222231.9
453383.8 221952.0
