ID 12089
892692.4 193444.5
893409.6 171297.8
887813.8 177148.2
886413.2 177488.5
875688.8 179297.1
868703.4 177282.7
867658.3 176857.9
865407.1 175201.5
855942.8 165311.3
835784.2 143691.1
835492.4 153542.6
836973.1 161113.1
838430.7 168577.0
839290.1 175929.6
838463 179478.8
836041.2 183596.2
834858.6 186013
834709.8 188335.1
837062.9 200109.4
848175.4 204812.5
851830.6 201634.3
866187 196638.7
877146.5 193972.7
883060.9 193514.6
891193.8 193454.9
892692.4 193444.5
ID 12063
505606.5 221786.8
552019.6 221887
565066.2 189780.4
558524.9 178146.2
542743.2 178328.2
535385.5 174131.8
528059.2 173820.9
515185.3 174012.1
510303.1 174142.2
510765.5 198284.1
503946.9 203251.7
494781.8 203425.8
504653.9 221782.5
505606.5 221786.8
ID 12031
835784.2 143691.1
855942.8 165311.3
865407.1 175201.5
867658.3 176857.9
868703.4 177282.7
875688.8 179297.1
886413.2 177488.5
887813.8 177148.2
893409.6 171297.8
895063.5 169889.3
896566.4 168299.7
898096.8 159312.9
898377 152601.8
898949.1 148558.8
899625.4 145294.9
900230.8 142987.3
894736.1 142777.5
895483.6 126519.1
885379.8 126053.7
879282 128867.9
877096.4 129156.3
871697.6 127646.3
871563.9 135319.0
868540.6 135325.7
865831.9 135052.2
845668.2 134262.4
835973.5 134104.5
835784.2 143691.1
ID 12059
453383.8 221952.0
504653.9 221782.5
494781.8 203425.8
494872.8 202187.8
494765.3 201294.6
492861.9 193833.4
481643 194227.3
481767.3 197432.6
480175.8 199062.6
473507.2 199241.8
472652.6 196809.8
471181.8 189551.5
452708.4 189945
453383.8 221952.0
ID 12131
438848.3 222231.9
453383.8 221952.0
452708.4 189945
471181.8 189551.5
469895.7 188939
464568.0 181867.3
464667.8 178478.9
465951.5 176633.2
460771.5 161033.9
456559.6 154960.6
456083.6 141610
417643.5 154328.1
419614 222554.6
438848.3 222231.9
ID 12003
799600.2 177156.6
819157.5 175902.8
819955 160122.0
820596.7 157555.9
822052.7 154800.4
823826.7 153024.3
824437.9 152833.5
835492.4 153542.6
835784.2 143691.1
835973.5 134104.5
836076.5 129250.7
827097 129059.1
796696.6 127733.4
795697.1 177366.3
799600.2 177156.6
ID 12023
783750.4 177993.1
795697.1 177366.3
796696.6 127733.4
790220.3 105974.4
777959 93466.8
764113.8 104565.5
763975.2 149417.7
764190.8 148247.2
768609.5 147312.0
774004.1 149133.1
774653.9 149806.5
778050 156074.5
778115.3 157079.0
777479.5 159825.2
776961.8 160754.4
772264.5 167127.1
770666 169571.3
770639.9 172655.2
770941.3 174621.1
773642.7 178484.8
783750.4 177993.1
ID 12091
419614 222554.6
417643.5 154328.1
378944.5 155918.3
381681.2 223559.2
390885.7 223169.1
419614 222554.6
ID 12047
730712 180839.3
773642.7 178484.8
770941.3 174621.1
770639.9 172655.2
770666 169571.3
772264.5 167127.1
776961.8 160754.4
777479.5 159825.2
778115.3 157079.0
778050 156074.5
774653.9 149806.5
774004.1 149133.1
768609.5 147312.0
764190.8 148247.2
763975.2 149417.7
748333.2 157700.1
743666.3 159206.6
736081 160289.0
732361.6 159579.8
729228 157838.4
728909.3 157447.6
727726.5 154293.9
723323.6 157887.3
722768 158498.0
720747.4 163913.9
718165.8 179355.9
714129.4 181770.1
730712 180839.3
ID 12113
345716 224570.2
381681.2 223559.2
378944.5 155918.3
367471.8 154403.7
351719.1 153687.5
345145.2 158794.8
335707.6 181806.2
332182.1 193990.2
331205.7 198132.9
331094.1 199958.4
330900.3 208338.4
331385.1 209915
333947.4 216200.3
334741.3 217282.7
339406.9 220511.3
345716 224570.2
ID 12079
709562.8 182045.3
714129.4 181770.1
718165.8 179355.9
720747.4 163913.9
722768 158498.0
723323.6 157887.3
727726.5 154293.9
720547.3 140404.5
709011.2 140260.4
699184.6 140151
699188.7 145017.5
665413.5 144689.2
666762.8 149889.2
674213.1 165245.7
682759.7 172425.0
685922 175691.5
685852.3 181934.8
685144.5 183372.6
709562.8 182045.3
ID 12033
304052 225445.9
345716 224570.2
339406.9 220511.3
334741.3 217282.7
333947.4 216200.3
331385.1 209915
330900.3 208338.4
331094.1 199958.4
331205.7 198132.9
332182.1 193990.2
335707.6 181806.2
345145.2 158794.8
351719.1 153687.5
367471.8 154403.7
344672.4 150151.3
343846.1 150043.6
343229.6 149963.2
339764.8 149512.2
337484.0 149333.8
333830.4 149048.9
318626.6 147289.6
309643.8 145776.7
316042.9 147801.0
318745.2 159729.3
322524.9 183673.8
322596.3 185502.6
322363.7 186832.7
321445.3 188869.6
317476.2 191978.8
314475.7 194008.2
312926.4 194449.7
312414.9 194712.3
309635.3 197128.1
301184.2 208693.7
300212.9 210957.8
304052 225445.9
ID 12065
672467.8 184073.8
685144.5 183372.6
685852.3 181934.8
685922 175691.5
682759.7 172425.0
674213.1 165245.7
666762.8 149889.2
665413.5 144689.2
649036.1 120240.5
640863.4 121504.5
640837.6 141253.4
640854.9 159066.1
644033.8 168789.4
647205.7 185453.5
672467.8 184073.8
ID 12133
471181.8 189551.5
472652.6 196809.8
473507.2 199241.8
480175.8 199062.6
481767.3 197432.6
481643 194227.3
492861.9 193833.4
494765.3 201294.6
494872.8 202187.8
494781.8 203425.8
503946.9 203251.7
510765.5 198284.1
510303.1 174142.2
505408.5 174163.9
505119.4 159698.2
499279.5 159800.2
469981.6 160474.2
459225.2 157242.3
456559.6 154960.6
460771.5 161033.9
465951.5 176633.2
464667.8 178478.9
464568.0 181867.3
469895.7 188939
471181.8 189551.5
ID 12073
647205.7 185453.5
644033.8 168789.4
640854.9 159066.1
640837.6 141253.4
624898.3 141275.2
624270.5 144516.1
579477.8 144140.1
585924.5 153908.3
592303.6 157114.4
605772.9 161972.9
607804.7 162567.3
609351.9 163616.1
609891.7 164471.3
615837 176903.2
620963.5 186830.5
639893 185851.7
647205.7 185453.5
ID 12039
611429.2 187306
620963.5 186830.5
615837 176903.2
609891.7 164471.3
609351.9 163616.1
607804.7 162567.3
605772.9 161972.9
592303.6 157114.4
585924.5 153908.3
558524.9 178146.2
565066.2 189780.4
565184 189773.9
611429.2 187306
ID 12109
871697.6 127646.3
877096.4 129156.3
879282 128867.9
885379.8 126053.7
895483.6 126519.1
894736.1 142777.5
900230.8 142987.3
907929.9 111769.1
913554.7 91441.23
913673.3 91086.12
914546.7 88473.26
915224.6 86446.11
918156.2 78926.62
888217.6 72754.54
882074.7 96681.03
871697.6 127646.3
ID 12121
763975.2 149417.7
764113.8 104565.5
756492.4 99416.5
751461 107167.3
748214 111240.9
746779.2 112593.2
737861.3 120051.9
733579.6 122704.9
728902.4 123799.0
728394 122762.1
726812.2 122012.1
723957.1 123010.5
722807.6 124094.9
720413 132321.9
719980.1 139619.6
720120.8 140185.6
720547.3 140404.5
727726.5 154293.9
728909.3 157447.6
729228 157838.4
732361.6 159579.8
736081 160289.0
743666.3 159206.6
748333.2 157700.1
763975.2 149417.7
ID 12013
515185.3 174012.1
528059.2 173820.9
535385.5 174131.8
542743.2 178328.2
558524.9 178146.2
552739.1 168414.2
547119.2 148460.5
540702 133174.4
514342.9 133507.1
515185.3 174012.1
ID 12077
585924.5 153908.3
579477.8 144140.1
578122.6 142876.1
577117.8 140318.8
583690.6 124737.6
587103.2 118898.9
589861.3 116463.3
595651.1 112070.2
551021.1 112499.6
549290.3 107793.7
540702 133174.4
547119.2 148460.5
552739.1 168414.2
558524.9 178146.2
585924.5 153908.3
ID 12019
871697.6 127646.3
882074.7 96681.03
861175.6 95843
859700.4 95782.85
850175.5 90645.8
849416.8 89965.7
848752.1 88025.23
839523.3 83092.61
837105.2 82211.26
836076.5 129250.7
835973.5 134104.5
845668.2 134262.4
865831.9 135052.2
868540.6 135325.7
871563.9 135319.0
871697.6 127646.3
ID 12005
515185.3 174012.1
514342.9 133507.1
514206.3 102784.7
504662.8 106962.3
502608.9 108115.3
501972.6 108680.4
499542.7 110839.3
496609.7 114264.0
477143.1 128858.8
475714.2 129894.7
474697.7 130631.7
473721.4 131339.8
472158.5 132368.3
468725.8 134628.5
467327 135550.1
466136.2 136260.5
464765.6 137078.5
463077.9 138086.1
461562.6 138848.9
456083.6 141610
456559.6 154960.6
459225.2 157242.3
469981.6 160474.2
499279.5 159800.2
505119.4 159698.2
505408.5 174163.9
510303.1 174142.2
515185.3 174012.1
ID 12007
827097 129059.1
836076.5 129250.7
837105.2 82211.26
836601.2 82200.22
836930.6 83476.76
836145.4 85739.87
828726.4 94767.45
827416.7 95316.3
823016.6 96310.3
822407.3 96282.69
821247.8 95810.2
815920.4 96063.81
804076.6 99651.67
803141.3 100092.0
800943.4 104160.7
805300.3 105540.4
811672.8 108053.9
823735.5 121101.7
827243.7 126267.9
827578.3 127448.3
827097 129059.1
ID 12123
709011.2 140260.4
709082.6 99869.2
710874.4 91698.94
714160.1 91776.94
705336.1 74287.82
702153.2 75533.93
693107.7 80542.44
692177.5 81550.34
691411.3 82694.25
688658 87627.53
688764.2 88155.6
688360.4 90335.01
687418.7 92126.61
683263.9 98533.55
679254.7 102099.9
678555 102673.8
668640.1 108509.8
663155.2 110814.3
654788.7 115880.4
649036.1 120240.5
665413.5 144689.2
699188.7 145017.5
699184.6 140151
709011.2 140260.4
ID 12125
827097 129059.1
827578.3 127448.3
827243.7 126267.9
823735.5 121101.7
811672.8 108053.9
805300.3 105540.4
800943.4 104160.7
790220.3 105974.4
796696.6 127733.4
827097 129059.1
ID 12067
720547.3 140404.5
720120.8 140185.6
719980.1 139619.6
720413 132321.9
722807.6 124094.9
723957.1 123010.5
726812.2 122012.1
728394 122762.1
728902.4 123799.0
733579.6 122704.9
737861.3 120051.9
746779.2 112593.2
748214 111240.9
751461 107167.3
756492.4 99416.5
752647.6 92411.38
714160.1 91776.94
710874.4 91698.94
709082.6 99869.2
709011.2 140260.4
720547.3 140404.5
ID 12129
579477.8 144140.1
624270.5 144516.1
624898.3 141275.2
640837.6 141253.4
640863.4 121504.5
624515.3 121185.7
615232.2 117936.3
613603.4 117309.6
612936.7 113580.3
613319.8 109496.2
613510.9 109163.9
615321.4 106510.1
595651.1 112070.2
589861.3 116463.3
587103.2 118898.9
583690.6 124737.6
577117.8 140318.8
578122.6 142876.1
579477.8 144140.1
ID 12107
882074.7 96681.03
888217.6 72754.54
897570.6 48180.44
873817.5 39349.45
870079 44418.98
866043.6 50814.51
864128.6 57188.1
848829.3 59978.51
841999 58268.96
839876.5 57456.79
837048.7 54821.35
836601.2 82200.22
837105.2 82211.26
839523.3 83092.61
848752.1 88025.23
849416.8 89965.7
850175.5 90645.8
859700.4 95782.85
861175.6 95843
882074.7 96681.03
ID 12001
790220.3 105974.4
800943.4 104160.7
803141.3 100092.0
804076.6 99651.67
815920.4 96063.81
821247.8 95810.2
822407.3 96282.69
823016.6 96310.3
827416.7 95316.3
828726.4 94767.45
836145.4 85739.87
836930.6 83476.76
836601.2 82200.22
837048.7 54821.35
837144 51520.42
837015 51288.71
835685.6 50681.33
828219 48604.92
821600.1 52555.2
821947 53751.33
820447.4 55880.26
803009.5 55630.67
778642.8 64053.08
777959 93466.8
790220.3 105974.4
ID 12045
514342.9 133507.1
540702 133174.4
549290.3 107793.7
548594.2 92676.47
542506.2 85858.97
541072 86263.04
531664.2 79045.18
530576 77252.41
521477.8 77602.07
522528.8 88630.63
522415.5 89848.2
521254.8 92348.42
516581.7 99958.24
514572.6 102416.1
514208.3 102782.7
514206.3 102784.7
514342.9 133507.1
ID 12041
756492.4 99416.5
764113.8 104565.5
777959 93466.8
778642.8 64053.08
751384.5 66575.18
752647.6 92411.38
756492.4 99416.5
ID 12035
888217.6 72754.54
918156.2 78926.62
929706.7 52228.5
924868.8 46364.89
925549.7 34264.27
908125.6 33358.37
907755.4 33341.54
899603 32999.74
898960 45634.34
897570.6 48180.44
888217.6 72754.54
ID 12037
595651.1 112070.2
615321.4 106510.1
615782.8 104485.7
615923.5 103400.9
616030.7 102574.1
616052.8 102403.6
615841.4 101210.7
615125.4 99721.83
614577.5 99418.81
611693 99005.24
607355.8 100097.1
606346.1 100465.8
605441.3 101291.9
604662.9 102987.5
598841.6 101599.8
596535.8 100881.7
581438.5 91914.65
574571.5 87470.9
568644.8 84098.94
563066.8 81410.9
552272.5 79355
548018.2 78943.37
544644.5 79841.34
541784.4 79825.14
539867.8 79514.63
530576 77252.41
531664.2 79045.18
541072 86263.04
542506.2 85858.97
548594.2 92676.47
549290.3 107793.7
551021.1 112499.6
595651.1 112070.2
ID 12029
752647.6 92411.38
751384.5 66575.18
746129.2 52269.24
743210.1 45534.16
738209.1 38673.8
729644.5 32767.73
728629.2 38955.89
725951.4 44438.1
724402 47310.52
722209.4 48692.37
719930.4 48958.72
715718.2 51557.15
708670.7 56352.77
706620 57849.72
706487.6 58518.98
705336.1 74287.82
714160.1 91776.94
752647.6 92411.38
ID 12127
873817.5 39349.45
897570.6 48180.44
898960 45634.34
899603 32999.74
907755.4 33341.54
908125.6 33358.37
925549.7 34264.27
924868.8 46364.89
929706.7 52228.5
935454.9 39206.35
940161.2 29368.74
943821.6 21730.23
946070.2 17685.74
952854.8 6775.655
967879.7 -17062.33
944882.8 -17915.18
945831.3 -37494.66
943598.7 -37608.94
938620.8 -27087.92
935955 -22712.59
929629.7 -15879.89
928404.9 -17908.76
925051 -19002.71
924435.6 -19018.89
922470.8 -18382.17
910366.7 -13983.40
905658.4 -9188.312
906977 -3263.121
906545 2496.649
906354 2856.893
902823.9 6369.03
899067.3 9061.158
893142.3 14201.79
877734 34185.85
873817.5 39349.45
ID 12083
803009.5 55630.67
820447.4 55880.26
821947 53751.33
821600.1 52555.2
828219 48604.92
835685.6 50681.33
837015 51288.71
837144 51520.42
837048.7 54821.35
839876.5 57456.79
841999 58268.96
848829.3 59978.51
864128.6 57188.1
866043.6 50814.51
870079 44418.98
873817.5 39349.45
877734 34185.85
878596.8 10465.81
876976.2 -933.021
848177.4 -1657.413
813339.7 -2348.415
791344.2 6620.686
790984.3 25448.96
803894.1 25777.01
803009.5 55630.67
ID 12075
778642.8 64053.08
803009.5 55630.67
803894.1 25777.01
790984.3 25448.96
791344.2 6620.686
791221.5 6381.536
789375.5 5368.386
783294.5 2694.124
777530.7 4806.871
776078.9 5035.203
774212.7 4781.936
771387.7 2661.359
770291.5 1636.511
769513.9 542.0948
770150.4 4240.299
769500.4 7300.966
764962.4 17479.87
762769.8 18755.77
729644.5 32767.73
738209.1 38673.8
743210.1 45534.16
746129.2 52269.24
751384.5 66575.18
778642.8 64053.08
ID 12069
877734 34185.85
893142.3 14201.79
899067.3 9061.158
902823.9 6369.03
906354 2856.893
906545 2496.649
906977 -3263.121
905658.4 -9188.312
901350.3 -19692.13
880846.6 -20184.09
879490.7 -20229.53
878534.8 -20271.89
877475.3 -21056.53
878811 -68902.45
849361 -69814.77
848177.4 -1657.413
876976.2 -933.021
878596.8 10465.81
877734 34185.85
ID 12017
791344.2 6620.686
813339.7 -2348.415
816761.6 -7767.32
827561.5 -20272.43
827592.6 -20739.49
826145.2 -24112.96
825769.9 -24420.40
823927 -24665.84
821655.7 -27052.33
820236.7 -28985.65
819749.8 -29957.94
818708.2 -34699.60
803563.5 -35178.86
803470.9 -31969.13
781179.4 -32412.75
781670.6 -15883.12
781490 -12240.58
780982.3 -10804.42
769513.9 542.0948
770291.5 1636.511
771387.7 2661.359
774212.7 4781.936
776078.9 5035.203
777530.7 4806.871
783294.5 2694.124
789375.5 5368.386
791221.5 6381.536
791344.2 6620.686
ID 12119
813339.7 -2348.415
848177.4 -1657.413
849361 -69814.77
839796.3 -73713
839471.8 -55257.08
836887.3 -49798.16
824929.7 -45147.14
823055 -43673.16
819717.6 -38804.54
818643.9 -36870.09
818708.2 -34699.60
819749.8 -29957.94
820236.7 -28985.65
821655.7 -27052.33
823927 -24665.84
825769.9 -24420.40
826145.2 -24112.96
827592.6 -20739.49
827561.5 -20272.43
816761.6 -7767.32
813339.7 -2348.415
ID 12009
943598.7 -37608.94
945831.3 -37494.66
944882.8 -17915.18
967879.7 -17062.33
983097.3 -38017.92
983266 -38264.42
983865.2 -39140.59
984026.8 -39376.9
989380.5 -53137.09
989250 -54001.29
985763.7 -55667.2
984699.2 -56814.95
983423.8 -58734.53
983254 -59252.39
983219.7 -59356.68
982681.3 -60998.04
982076.9 -63980.67
981838 -67039.55
981815.6 -69835.9
982397 -75757.21
984097.3 -84546.13
986724 -93593.61
988747.4 -98720.17
990449.2 -102252.7
992738 -107000.0
992866.5 -107266.7
999378.5 -119211.9
998775.5 -119863.0
993422.5 -123716.7
957964 -124850.9
956995.1 -95773.06
957628 -95755.1
957183.6 -77830.32
956696 -66649.49
943598.7 -37608.94
ID 12117
901350.3 -19692.13
905658.4 -9188.312
910366.7 -13983.40
922470.8 -18382.17
924435.6 -19018.89
925051 -19002.71
928404.9 -17908.76
929629.7 -15879.89
935955 -22712.59
938620.8 -27087.92
943598.7 -37608.94
910735.4 -38863.42
901630 -35809.06
897208.4 -30704.58
897162.1 -28232.73
901350.3 -19692.13
ID 12095
901350.3 -19692.13
897162.1 -28232.73
897208.4 -30704.58
901630 -35809.06
910735.4 -38863.42
943598.7 -37608.94
956696 -66649.49
878811 -68902.45
877475.3 -21056.53
878534.8 -20271.89
879490.7 -20229.53
880846.6 -20184.09
901350.3 -19692.13
ID 12053
781179.4 -32412.75
803470.9 -31969.13
803563.5 -35178.86
818708.2 -34699.60
818643.9 -36870.09
819717.6 -38804.54
823055 -43673.16
824929.7 -45147.14
836887.3 -49798.16
839471.8 -55257.08
820055.4 -55645.83
820156.6 -60486.81
782262.8 -61313.76
778484.3 -61382.08
781179.4 -32412.75
ID 12097
878811 -68902.45
956696 -66649.49
957183.6 -77830.32
957628 -95755.1
956995.1 -95773.06
957964 -124850.9
958178.2 -144841.7
931615.4 -145552.1
931237.7 -141576.0
930912 -138776.6
926862.2 -130622.3
924505.9 -126088.9
905561.6 -103616
899388.8 -97405.66
879061.9 -78647.17
878811 -68902.45
ID 12101
839471.8 -55257.08
839796.3 -73713
835230.1 -89366.03
781654.5 -90183.8
766532.3 -90544.28
778484.3 -61382.08
782262.8 -61313.76
820156.6 -60486.81
820055.4 -55645.83
839471.8 -55257.08
ID 12105
878811 -68902.45
879061.9 -78647.17
899388.8 -97405.66
905561.6 -103616
924505.9 -126088.9
926862.2 -130622.3
930912 -138776.6
931237.7 -141576.0
931615.4 -145552.1
890024.2 -146325.9
841539.2 -147496.2
841049.2 -123280.2
840103 -89269.62
835230.1 -89366.03
839796.3 -73713
849361 -69814.77
878811 -68902.45
ID 12057
781654.5 -90183.8
835230.1 -89366.03
840103 -89269.62
841049.2 -123280.2
841539.2 -147496.2
792150.2 -148585.5
803748.5 -135157
804002.9 -134737.9
806784.5 -129742.2
807667.7 -126969.7
806665.7 -121987.7
805514.3 -119923.7
791598.9 -112894.2
788096.8 -112520.9
785135.8 -112703.2
782298.5 -113122.8
781654.5 -90183.8
ID 12103
781654.5 -90183.8
782298.5 -113122.8
775606.2 -114109.6
775216.9 -114404.0
774875.7 -115263.3
775289.8 -116554.4
776298.6 -117437.0
786247.8 -123354.2
790377.1 -122153.6
790533.8 -125001.4
788669.2 -129613.6
777980.9 -149514.9
773920.6 -142041.1
766755.9 -114273.5
766846.6 -114043.2
768024.8 -108374.0
768925.4 -103399.4
768943.3 -95447.93
768393.4 -93526.6
767978 -92701.22
766532.3 -90544.28
781654.5 -90183.8
ID 12061
957964 -124850.9
993422.5 -123716.7
998775.5 -119863.0
999378.5 -119211.9
1013003 -152388.3
977576.3 -153511.7
967957.5 -153800.8
967564.6 -144440.4
958178.2 -144841.7
957964 -124850.9
ID 12093
931615.4 -145552.1
958178.2 -144841.7
967564.6 -144440.4
967957.5 -153800.8
977576.3 -153511.7
979080.4 -192585.2
959349 -220657.6
952758.4 -192925.4
945524.9 -183464.2
936794.8 -174672.5
928462.3 -155073.8
931615.4 -145552.1
ID 12111
977576.3 -153511.7
1013003 -152388.3
1026286 -184571.3
1017814 -184810.0
1017977 -191209.7
1005070 -191684.7
979080.4 -192585.2
977576.3 -153511.7
ID 12055
890024.2 -146325.9
931615.4 -145552.1
928462.3 -155073.8
936794.8 -174672.5
945524.9 -183464.2
952758.4 -192925.4
930379.4 -193702.3
920866.5 -203809.9
921197.4 -213639.3
891823.6 -214333.8
890856.7 -180246.9
890024.2 -146325.9
ID 12049
841539.2 -147496.2
890024.2 -146325.9
890856.7 -180246.9
872430.7 -180770.5
861630.3 -181407
842133.2 -181669.3
841539.2 -147496.2
ID 12081
792150.2 -148585.5
841539.2 -147496.2
842133.2 -181669.3
842369.7 -196144.9
822819.7 -196419.7
822564 -176748.4
783893.9 -177065.4
779023.1 -171078.3
776598.6 -164894.6
779314.8 -164008.6
782867.7 -162276.4
790628 -152633.2
791103.2 -151867.4
792150.2 -148585.5
ID 12085
1026286 -184571.3
1039407 -216546.6
1033254 -218326.5
1010182 -218990.7
1009136 -219021.0
959349 -220657.6
979080.4 -192585.2
1005070 -191684.7
1017977 -191209.7
1017814 -184810.0
1026286 -184571.3
ID 12043
952758.4 -192925.4
959349 -220657.6
954070.8 -241905.3
931515.5 -242679.1
892254.4 -243605.3
891823.6 -214333.8
921197.4 -213639.3
920866.5 -203809.9
930379.4 -193702.3
952758.4 -192925.4
ID 12099
959349 -220657.6
1009136 -219021.0
1010182 -218990.7
1033254 -218326.5
1039407 -216546.6
1040669 -220616.1
1042015 -224955.7
1043195 -228758.5
1044951 -235675.7
1045217 -246272.4
1045352 -256097.5
1045190 -260880.6
1043032 -286839.7
1042672 -288565
1025125 -287743.4
1020356 -287931.7
961988.8 -289995.6
959349 -220657.6
ID 12051
892254.4 -243605.3
931515.5 -242679.1
954070.8 -241905.3
959349 -220657.6
961988.8 -289995.6
962393.3 -298242.5
923510.3 -300123.3
922659.9 -281319.4
922358.3 -270830.6
893218.1 -272034.5
892254.4 -243605.3
ID 12021
962393.3 -298242.5
964069.3 -329303
964668 -348603.1
917298 -350306.7
916781.7 -348777.6
916406.2 -348213.6
912120.1 -345017.3
909763.7 -343623.3
909076.3 -343332.5
899795.8 -340000.6
898593.2 -339855.3
886863.4 -340552.8
885877.2 -341063.4
884962.2 -341972.3
884677.8 -343115.7
884156.8 -345209.4
883619.9 -346484.2
882960.1 -346289
882468.7 -345689.4
877347 -335892
870582.8 -319809.1
870057 -315605.4
869696.1 -312718.4
868289.1 -303366.7
866891 -296981.5
865663.1 -293323.5
865578.7 -293140
868249.7 -294536.9
884361.3 -293997.0
893635.8 -282096.2
893218.1 -272034.5
922358.3 -270830.6
922659.9 -281319.4
923510.3 -300123.3
962393.3 -298242.5
ID 12011
961988.8 -289995.6
1020356 -287931.7
1025125 -287743.4
1042672 -288565
1039853 -327135.1
1032480 -327617.6
1028591 -327875.1
1025324 -328097.1
1022114 -329072.1
1007641 -330341.2
983503.3 -331172.3
973750.6 -329042.8
964069.3 -329303
962393.3 -298242.5
961988.8 -289995.6
ID 12086
964069.3 -329303
973750.6 -329042.8
983503.3 -331172.3
1007641 -330341.2
1022114 -329072.1
1025324 -328097.1
1028591 -327875.1
1032480 -327617.6
1039853 -327135.1
1039864 -327431
1040095 -333707.4
1040235 -342009.4
1040095 -344586.2
1039694 -349678.8
1038833 -352151.6
1038218 -353230.2
1036032 -354632.4
1035338 -353669.6
1034113 -352858.9
1032806 -353040.2
1029695 -354476
1028596 -355440.3
1028208 -356246.1
1020487 -377041.2
1019546 -380769.1
1019630 -383074.6
1021333 -391983.1
1021898 -392688
1022923 -392848.3
1023304 -393428
1022991 -394692.9
1020617 -398606.1
1015700 -404392.3
1015400 -404657.9
1012444 -407280.3
1006157 -412715.8
992580.8 -417546.8
989556.8 -418608.3
985616.6 -419185.5
979197.7 -419503.9
969266 -418361.6
969206.7 -418318.2
968340.3 -416681.2
966219.6 -397652.4
964668 -348603.1
964069.3 -329303
ID 12086
1029881 -397477.9
1027658 -396636.7
1029349 -391620.8
1034694 -379282.7
1035603 -377995
1036084 -378042.8
1036294 -381992.4
1033540 -389946.3
1029881 -397477.9
ID 12087
964668 -348603.1
966219.6 -397652.4
968340.3 -416681.2
969206.7 -418318.2
969266 -418361.6
962684 -422533.7
954320.5 -424693.5
946175.1 -425544.3
944663.8 -424671.1
940617.5 -421538.6
939838.4 -420719.2
936511.4 -414320.2
936549.8 -411696.4
937299.8 -406783.6
938211.5 -402871.9
938570.4 -401968.7
939351.3 -401020.0
939969.8 -400792.8
941246.2 -401227.3
941548.2 -400498.8
941611.3 -399414.6
936069.8 -387469
926915.6 -368351.7
917298 -350306.7
964668 -348603.1
ID 12087
896577.9 -478114.3
896791 -476950.4
898513.5 -474260.4
912739 -468907
916431.8 -470082
923243.5 -472670.1
925541.8 -477554.8
925514.8 -477828
925040.9 -478137.5
923986.8 -478644.4
922057.6 -479571.8
915783.7 -481799.9
876216.2 -491100.5
873761 -491367.9
873496 -491177.4
873292.9 -489277.4
873588 -488583.7
875308.2 -486734.2
879974.7 -486155.1
880873.5 -486158.6
881364 -486795
881787 -487028.3
885446 -485828.9
887021.1 -485153.9
891176.4 -482405.4
896577.9 -478114.3
ID 12087
1029881 -397477.9
1029221 -397826.7
1027468 -400358.9
1019587 -415117.3
1019348 -415827.9
1019831 -417532.6
1019010 -419203.8
1017232 -421892.4
1005746 -434259.8
998800.3 -441719.6
998226 -442239.8
989547 -448792.7
989347.3 -448546.7
989358.8 -448471.1
989437.2 -447956.5
993196 -443457.4
995633.2 -441791
1000840 -437001.9
1004272 -433722
1010522 -426307.9
1011614 -424783.5
1018783 -413319.5
1027658 -396636.7
1029881 -397477.9
ID 12087
958818.4 -466226.3
953999 -469695.9
947741.9 -472946.3
944746.8 -473457.7
943292.7 -471936.8
943062 -471695.5
942921 -471319.3
951975 -467520.3
964496.5 -462420.1
964549 -462548.7
964960.7 -463792
964393.4 -464346
958818.4 -466226.3
ID 12087
986277.9 -450319
984854.1 -452606.3
980402.7 -455766.1
975999.7 -458755.9
970943.8 -459917.6
970524.2 -459972
970509.7 -459941.6
970466.7 -459851.3
970932.7 -459414.9
976216.2 -455189.8
985578 -449694.9
986277.9 -450319
ID 12027
890856.7 -180246.9
891823.6 -214333.8
842690.5 -215623.6
842369.7 -196144.9
842133.2 -181669.3
861630.3 -181407
872430.7 -180770.5
890856.7 -180246.9
ID 12115
842369.7 -196144.9
842690.5 -215623.6
823041.3 -215940.5
823094.4 -219009.8
823191.9 -225665.8
811249.2 -225814.6
797162.5 -197050.2
796309.6 -195487.6
795119.1 -193305.6
794355.7 -191906.0
790654 -185866.7
788463.9 -182971.0
783893.9 -177065.4
822564 -176748.4
822819.7 -196419.7
842369.7 -196144.9
ID 12015
842690.5 -215623.6
891823.6 -214333.8
892254.4 -243605.3
842861.3 -244653.4
843475 -241107.3
843169.3 -234859.2
842521.9 -226002.2
842323 -224730.2
840989.3 -223865.2
837846.8 -223995.4
836940.3 -224397.2
831808.9 -227949.4
831251.4 -228662.7
831556.5 -244270.4
831234.3 -244682.1
826940.7 -244832.5
825944.3 -243712.9
825658.4 -243660.7
824931.3 -244617.2
824055.4 -246676.9
822703.7 -246597.4
822424.1 -245004
822163.4 -243517.8
821964 -243054.9
821931.6 -242979.6
811249.2 -225814.6
823191.9 -225665.8
823094.4 -219009.8
823041.3 -215940.5
842690.5 -215623.6
ID 12071
842861.3 -244653.4
892254.4 -243605.3
893218.1 -272034.5
893635.8 -282096.2
884361.2 -293997.0
868249.6 -294536.9
865578.7 -293140
863089.2 -287726.3
858695.2 -282439.7
848775.5 -273994.2
840017.3 -256371.9
842861.3 -244653.4
ID 12071
823699.4 -252511.0
831959.8 -274668.4
833136.8 -276048.9
834829.7 -277354.8
840969.9 -279716.4
842093 -278479.6
843519.3 -278002.3
848436.2 -279658.6
848421.5 -279903.3
843569 -282961.8
842387.7 -283364.5
841598.2 -283381.3
840072.3 -283091.5
837192.4 -281894.8
832500 -278507.1
832081.7 -278082.6
831701.4 -277568.6
831100.5 -276141.3
823310.1 -255869.6
823699.4 -252511.0
