ID 13
796586.2 555021.2
793502.6 546555.4
784441.4 541252.2
777110.5 531307.6
774574.5 523221.8
775975.5 520060.2
797282.3 503250.7
802347.8 498761.7
807885.4 497282
808970 497659
809037.6 497682.5
812753.1 498115.1
816097.2 498123
817925.7 497380.6
818766.2 496559.7
818675 496268.2
821148.3 491302.2
829050 476740.1
831337.3 467557.3
844998 445947.4
848077.4 439759.1
860764 429983
861356.6 429761.2
862688.8 430068.6
863104.4 429982.2
870542.3 425069.9
872710.5 423092.8
877811.8 417718.8
880621.5 410415
890097 399925.3
898603.7 395082.2
899908.4 393516.2
900614.8 392671.3
904440 388068.3
909676 380209
910778.2 371623.8
915696.3 362442.3
923547.2 354906.7
938073.6 345813.2
945183.4 340728
958830 307692.5
960745.4 291145.4
969925.6 286103.7
971613.5 285220.1
979015.2 277410.5
986295 256408.5
986732.8 250408.7
986891.4 248235.1
987220.8 243721.7
987812.8 238830.9
988194.9 238353.2
993137.2 235688.5
1009973 230264.2
1013142 229481.0
1014015 229235.8
1014303 227809.7
1014204 226844.5
1013636 225231.7
1012341 223089.3
993559.2 200257.4
992735.3 199403.5
987776.2 194982.1
987040.7 194766.5
984994.2 195479.0
981339.8 195178.4
980869.6 194431.7
982561.7 192486.3
984984.6 191430.6
985589.8 191721.9
985835.4 192232.4
986071.5 192338.1
987015.8 192432.3
987811.8 191994.5
987883.2 187412.2
987811.8 183953.3
985422.5 178012.8
984259 176368
983714.5 176311.1
982257.6 177666.4
975758.8 147033.8
959552.9 115785.4
960820 81836.02
959320.2 81850.16
951181.7 81930.54
945264.6 82403.97
934305.3 85099.43
919953.9 90134.17
916305 93323.19
905175.6 88646.36
902791 76873.34
902933.6 74549.86
904110.4 72128.89
906522.2 68003.2
907340.2 64450.25
906460.4 57096.57
904981.6 49633.32
903479.1 42063.44
892417.9 41385.16
891807 41577.8
890037.4 43359.56
888588.5 46120.18
887953.8 48689.03
887199.4 64477.82
867639.4 65785.25
863735.9 66005.72
851788.1 66665.32
841679.9 67184.91
798751.6 69658.84
782171.3 70636.28
777605.5 70924.3
753191.8 72320.92
740517.9 73058.28
715261.8 74510.79
707950.8 74930.17
689026 75964.28
679494 76467.82
633259.4 79073.67
633141.6 79080.57
620194.2 111225.2
618376.2 119517.1
617662.8 121830.7
617112.4 123168.7
613244.4 128603.2
612583.9 128908.3
611771.8 128988.6
611004.3 129571.3
610327.3 131901.1
609980.4 139880.2
610985.8 142640.7
612333.7 145436.2
616438.7 168725.8
609328 195430.9
607941.3 197783.3
615264.8 220831.8
616025.8 229054.2
628583.2 247563.8
628846.7 247835.3
630057.2 251179.6
629358.7 253140.2
627295.4 255320.6
621362.4 257727.9
620875.5 258435.5
620789.3 259358.3
622326.5 263164.8
621602.9 278625.5
613985 289512.1
609089 304908
604783.5 318702.5
600535.1 345091.8
600173.8 347478.6
595175.3 380644.4
594262.3 386731.3
591359 405646.4
587166.1 433273.6
586126.4 440209.3
584169.2 453178.6
580713.8 476027.8
576331.6 502466.6
575196.1 509639.7
574583.6 513517.3
570481.4 539850.5
568666 553669.8
580804.6 553423.4
590691.1 553234.7
599719.8 553319.6
625760.5 553355.8
626024 553356.1
641200.1 553239.7
644382.5 553240.2
658478.8 553223.9
685831.3 553149.2
703388 553038.5
714733.8 553042.7
720999.3 553059.9
756350.8 553765.3
762329.7 553940.7
796586.2 555021.2
ID 13
678776.2 267648.5
681509.9 265824.9
678776.2 267648.5
673924.4 284075
678776.2 267648.5
