ID 13241
796586.2 555021.2
793502.6 546555.4
784441.4 541252.2
777110.5 531307.6
774574.5 523221.8
747061.7 534909.7
756350.8 553765.3
762329.7 553940.7
796586.2 555021.2
ID 13281
720999.3 553059.9
756350.8 553765.3
747061.7 534909.7
744384.1 532411.5
735346.7 531518.2
735317.6 534346.6
732965.2 542346.8
730548.3 544170.3
727849.5 544289.2
722732 548028.1
720210.9 551106.6
720999.3 553059.9
ID 13291
714733.8 553042.7
720999.3 553059.9
720210.9 551106.6
722732 548028.1
727849.5 544289.2
730548.3 544170.3
732965.2 542346.8
735317.6 534346.6
735346.7 531518.2
728406.6 523651.3
716273.7 521969
707938.6 516014.6
700836 515469.8
703825.2 520657.9
705685.7 532117.2
703915.3 531800.6
702339 533120.5
698896 548525.9
698888.7 549109.1
699290.7 549685.6
703388 553038.5
714733.8 553042.7
ID 13111
685831.3 553149.2
703388 553038.5
699290.7 549685.6
698888.7 549109.1
698896 548525.9
702339 533120.5
703915.3 531800.6
705685.7 532117.2
703825.2 520657.9
700836 515469.8
697987.3 510343.3
697223 512041.6
696570.6 514758.7
692169 523163.9
686826.2 532396.3
684937.2 534229.6
681284.9 537163.9
676187.4 538366
658672 538476.8
658478.8 553223.9
685831.3 553149.2
ID 13213
658478.8 553223.9
658672 538476.8
661819 535436.9
661990.1 535045.1
661920.3 534727.9
659553.8 531668.4
656824.2 529356.8
655086.6 524461.8
655244.1 508296.9
631490.5 514093.9
628956.2 519139.7
629680 522768.7
638481.7 546425.5
641200.1 553239.7
644382.5 553240.2
658478.8 553223.9
ID 13313
626024 553356.1
641200.1 553239.7
638481.7 546425.5
629680 522768.7
628956.2 519139.7
631490.5 514093.9
618959.6 512902.6
619017.8 523718.2
608209.7 523852.7
608420.6 524793.6
610464.7 529084.7
612245.9 534820.6
618136 535803.3
620812.4 539868.2
625765.2 551703.7
625760.5 553355.8
626024 553356.1
ID 13047
599719.8 553319.6
625760.5 553355.8
625765.2 551703.7
620812.4 539868.2
618136 535803.3
612245.9 534820.6
610464.7 529084.7
599719.8 553319.6
ID 13295
599719.8 553319.6
610464.7 529084.7
608420.6 524793.6
608209.7 523852.7
619017.8 523718.2
618959.6 512902.6
617208.6 509002.3
613668.7 509067.8
575196.1 509639.7
574583.6 513517.3
578647 518555
582475.6 528468
582515 532643.5
586155.4 544895.3
590691.1 553234.7
599719.8 553319.6
ID 13137
747061.7 534909.7
774574.5 523221.8
775975.5 520060.2
764917.5 497105.5
750714.5 491467.3
745926.9 499474.2
750417.3 503906.8
749584 525150.1
749303.4 527988.4
748821.4 529095.2
744384.1 532411.5
747061.7 534909.7
ID 13083
590691.1 553234.7
586155.4 544895.3
582515 532643.5
582475.6 528468
578647 518555
574583.6 513517.3
570481.4 539850.5
568666 553669.8
580804.6 553423.4
590691.1 553234.7
ID 13311
735346.7 531518.2
744384.1 532411.5
748821.4 529095.2
749303.4 527988.4
749584 525150.1
750417.3 503906.8
745926.9 499474.2
729683.4 499618.5
728406.6 523651.3
735346.7 531518.2
ID 13123
658672 538476.8
676187.4 538366
681284.9 537163.9
684937.2 534229.6
686826.2 532396.3
692169 523163.9
696570.6 514758.7
697223 512041.6
683582.7 505935.9
681214.5 504359.7
663855.7 504651.2
655240.2 504498.8
655244.1 508296.9
655086.6 524461.8
656824.2 529356.8
659553.8 531668.4
661920.3 534727.9
661990.1 535045.1
661819 535436.9
658672 538476.8
ID 13257
775975.5 520060.2
797282.3 503250.7
790831.5 496856.1
773300.4 495942.8
772556.8 495795
770585 494891.9
764917.5 497105.5
775975.5 520060.2
ID 13187
728406.6 523651.3
729683.4 499618.5
717196 489959.7
697987.3 510343.3
700836 515469.8
707938.6 516014.6
716273.7 521969
728406.6 523651.3
ID 13119
797282.3 503250.7
802347.8 498761.7
797017.1 474365.3
774753 468645.9
770585 494891.9
772556.8 495795
773300.4 495942.8
790831.5 496856.1
797282.3 503250.7
ID 13147
802347.8 498761.7
807885.4 497282
808970 497659
809037.6 497682.5
812753.1 498115.1
816097.2 498123
817925.7 497380.6
818766.2 496559.7
818675 496268.2
821148.3 491302.2
829050 476740.1
800325.8 469205.2
797017.1 474365.3
802347.8 498761.7
ID 13085
697223 512041.6
697987.3 510343.3
717196 489959.7
719263.9 480554.1
691543.8 480689.8
691654.3 485764.9
691727.3 495337.2
685948.8 495421.8
683568.6 504345.7
683582.7 505935.9
697223 512041.6
ID 13129
631490.5 514093.9
655244.1 508296.9
655240.2 504498.8
655271.5 489373.5
622844.2 487350.9
617208.6 509002.3
618959.6 512902.6
631490.5 514093.9
ID 13139
745926.9 499474.2
750714.5 491467.3
750313 476389.1
732188.4 457703.6
709556.6 462130.7
719263.9 480554.1
717196 489959.7
729683.4 499618.5
745926.9 499474.2
ID 13011
770585 494891.9
774753 468645.9
770413.5 465672.6
768328.6 467916.6
763205.8 472777.5
759677.5 472140.1
755615.5 471861.4
754584.8 472379.9
752867.5 473796.8
750313 476389.1
750714.5 491467.3
764917.5 497105.5
770585 494891.9
ID 13227
655240.2 504498.8
663855.7 504651.2
681214.5 504359.7
683582.7 505935.9
683568.6 504345.7
685948.8 495421.8
691727.3 495337.2
691654.3 485764.9
655271.5 489373.5
655240.2 504498.8
ID 13115
617208.6 509002.3
622844.2 487350.9
622852.3 482318.4
621018.1 467503.1
619097.5 467545.7
618781.4 454546.7
599324.9 454697.5
599272.3 452818.1
584169.2 453178.6
580713.8 476027.8
587614.9 475910.3
593766.8 485788.2
598883.5 487887.3
606821.6 492328.5
607824.3 494454.9
613668.7 509067.8
617208.6 509002.3
ID 13055
613668.7 509067.8
607824.3 494454.9
606821.6 492328.5
598883.5 487887.3
593766.8 485788.2
587614.9 475910.3
580713.8 476027.8
576331.6 502466.6
575196.1 509639.7
613668.7 509067.8
ID 13105
829050 476740.1
831337.3 467557.3
844998 445947.4
848077.4 439759.1
840486.1 442840.8
828202.4 441141.7
809904 448959.5
800325.8 469205.2
829050 476740.1
ID 13195
797017.1 474365.3
800325.8 469205.2
809904 448959.5
803268.6 445847.8
802032.9 446187.6
797243.1 448221.3
796045.9 449143.6
795365.2 449123.6
783894.6 443778.5
774479.2 448297.1
770413.5 465672.6
774753 468645.9
797017.1 474365.3
ID 13057
691654.3 485764.9
691543.8 480689.8
691496.7 464148
676717.3 451662
654540.2 452264.2
655271.5 489373.5
691654.3 485764.9
ID 13015
655271.5 489373.5
654540.2 452264.2
647286.7 452457.2
630224 452911.6
618781.4 454546.7
619097.5 467545.7
621018.1 467503.1
622852.3 482318.4
622844.2 487350.9
655271.5 489373.5
ID 13117
691543.8 480689.8
719263.9 480554.1
709556.6 462130.7
706395.8 449145.5
691496.7 464148
691543.8 480689.8
ID 13157
770413.5 465672.6
774479.2 448297.1
758153.9 439901.4
755725.5 447199.8
754770 447955
747227.1 448896.6
744992.7 448914.0
736612.7 451669.8
735197.1 452817.3
732188.4 457703.6
750313 476389.1
752867.5 473796.8
754584.8 472379.9
755615.5 471861.4
759677.5 472140.1
763205.8 472777.5
768328.6 467916.6
770413.5 465672.6
ID 13135
732188.4 457703.6
734000.9 435790.8
717081.9 419807.4
713243.6 416097
689819.3 438817.6
706395.8 449145.5
709556.6 462130.7
732188.4 457703.6
ID 13121
691496.7 464148
706395.8 449145.5
689819.3 438817.6
683267 439204.1
683199.3 421802.8
683187.6 420427.7
683176.6 419407.4
683081.3 412675.6
682974.1 404468.9
672888.9 393756.9
658862.4 388416.7
636450.8 389530.4
640375.2 396451.4
640688.1 397817.5
641540.7 398829.6
645607.8 402390.1
654999.4 406777.7
661876.7 415132.4
665426.6 418002.4
672068.1 424402.1
672813.1 425919.4
674416.1 430085
679356.5 442971.6
676717.3 451662
691496.7 464148
ID 13221
809904 448959.5
828202.4 441141.7
821892.4 437623.1
819761.8 435628.6
813747.8 427461.6
809313.6 420354
809221.1 419809.3
812821.4 414590.9
808569 410132.1
782061.6 417430.4
782464 427014.4
785626.8 433288.4
782367.5 437475.6
782063.8 438505.5
782017.2 438827.4
783182 443833.9
783894.6 443778.5
795365.2 449123.6
796045.9 449143.6
797243.1 448221.3
802032.9 446187.6
803268.6 445847.8
809904 448959.5
ID 13013
732188.4 457703.6
735197.1 452817.3
736612.7 451669.8
744992.7 448914.0
747227.1 448896.6
754770 447955
755725.5 447199.8
758153.9 439901.4
748085.7 433221.2
734000.9 435790.8
732188.4 457703.6
ID 13317
828202.4 441141.7
840486.1 442840.8
856515.3 404802
840770.5 401159.8
837985.8 400142
831024.4 401956.2
819623.1 402137.1
819416.7 402190.4
818281 403732.1
812821.4 414590.9
809221.1 419809.3
809313.6 420354
813747.8 427461.6
819761.8 435628.6
821892.4 437623.1
828202.4 441141.7
ID 13181
840486.1 442840.8
848077.4 439759.1
860764 429983
861356.6 429761.2
862688.8 430068.6
863104.4 429982.2
870542.3 425069.9
872710.5 423092.8
877811.8 417718.8
880621.5 410415
861522.3 406116.0
856515.3 404802
840486.1 442840.8
ID 13059
774479.2 448297.1
783894.6 443778.5
783182 443833.9
782017.2 438827.4
782063.8 438505.5
782367.5 437475.6
785626.8 433288.4
782464 427014.4
758153.9 439901.4
774479.2 448297.1
ID 13067
654540.2 452264.2
676717.3 451662
679356.5 442971.6
674416.1 430085
672813.1 425919.4
672068.1 424402.1
665426.6 418002.4
661876.7 415132.4
648275.4 422128.2
648554.7 437820.6
647038.8 437840.1
647286.7 452457.2
654540.2 452264.2
ID 13219
748085.7 433221.2
758153.9 439901.4
782464 427014.4
782061.6 417430.4
770509.5 410312.6
761185.4 423487.6
748085.7 433221.2
ID 13223
630224 452911.6
647286.7 452457.2
647038.8 437840.1
648554.7 437820.6
648275.4 422128.2
631927.3 419424.4
619338.8 422987.5
618280.5 433261.9
618370.5 438601.9
624945.9 438409.7
630224 452911.6
ID 13233
618781.4 454546.7
630224 452911.6
624945.9 438409.7
618370.5 438601.9
618280.5 433261.9
603257.2 433604.3
597970 432967.3
587166.1 433273.6
586126.4 440209.3
584169.2 453178.6
599272.3 452818.1
599324.9 454697.5
618781.4 454546.7
ID 13297
734000.9 435790.8
748085.7 433221.2
761185.4 423487.6
745084.4 398904.7
723335.2 415173.9
717081.9 419807.4
734000.9 435790.8
ID 13089
689819.3 438817.6
713243.6 416097
710198.6 413187.5
703483.7 402613.7
698344.2 404232.3
689346.5 404348.8
682974.1 404468.9
683081.3 412675.6
683176.6 419407.4
683187.6 420427.7
683199.3 421802.8
683267 439204.1
689819.3 438817.6
ID 13073
880621.5 410415
890097 399925.3
898603.7 395082.2
874291.3 373504.1
872783 374776
865720.7 385724.5
860726.3 394860.4
860316.1 403643.6
860581.7 405110.9
861522.3 406116.0
880621.5 410415
ID 13211
770509.5 410312.6
782410.6 386566.6
758852.4 380962.3
745000.4 391063.2
745084.4 398904.7
761185.4 423487.6
770509.5 410312.6
ID 13265
812821.4 414590.9
818281 403732.1
819416.7 402190.4
819623.1 402137.1
831024.4 401956.2
837985.8 400142
834394.8 395936.3
824872.1 389644.9
821233.4 385328.1
821077.4 384887.9
822218.4 382535.2
807223.1 385219.5
808569 410132.1
812821.4 414590.9
ID 13133
808569 410132.1
807223.1 385219.5
793276 372421.1
782410.6 386566.6
770509.5 410312.6
782061.6 417430.4
808569 410132.1
ID 13189
861522.3 406116.0
860581.7 405110.9
860316.1 403643.6
860726.3 394860.4
865720.7 385724.5
872783 374776
874291.3 373504.1
868826.4 368714.7
866017.4 368633.8
855294.3 371311.5
851384.4 373078.4
844976.2 389499.4
840770.5 401159.8
856515.3 404802
861522.3 406116.0
ID 13143
587166.1 433273.6
597970 432967.3
603257.2 433604.3
618280.5 433261.9
619338.8 422987.5
618177.7 416879.3
610750.1 410622.2
595831.7 405483.2
591359 405646.4
587166.1 433273.6
ID 13247
723335.2 415173.9
711380.5 390981.0
698344.2 404232.3
703483.7 402613.7
710198.6 413187.5
713243.6 416097
717081.9 419807.4
723335.2 415173.9
ID 13245
898603.7 395082.2
899908.4 393516.2
900614.8 392671.3
904440 388068.3
909676 380209
910778.2 371623.8
915696.3 362442.3
912171.6 363783.5
903937.4 359925.4
895001 360950.6
889792.4 363702.2
889301 365093.6
886493.2 367178
885882.8 367326.7
876926 363874.3
868826.4 368714.7
874291.3 373504.1
898603.7 395082.2
ID 13301
840770.5 401159.8
844976.2 389499.4
851384.4 373078.4
855294.3 371311.5
866017.4 368633.8
861603.5 364421.3
855226.6 367534.1
849611.9 370037.3
846758 369398.7
831456.8 361598.7
828313.8 367864.8
824981.8 380653.2
822218.4 382535.2
821077.4 384887.9
821233.4 385328.1
824872.1 389644.9
834394.8 395936.3
837985.8 400142
840770.5 401159.8
ID 13217
723335.2 415173.9
745084.4 398904.7
745000.4 391063.2
728236.2 373491.0
722604.4 382671.4
711380.5 390981.0
723335.2 415173.9
ID 13097
631927.3 419424.4
648275.4 422128.2
661876.7 415132.4
654999.4 406777.7
645607.8 402390.1
641540.7 398829.6
640688.1 397817.5
640375.2 396451.4
631927.3 419424.4
ID 13045
619338.8 422987.5
631927.3 419424.4
640375.2 396451.4
636450.8 389530.4
621076.7 380110.8
595175.3 380644.4
594262.3 386731.3
591359 405646.4
595831.7 405483.2
610750.1 410622.2
618177.7 416879.3
619338.8 422987.5
ID 13151
689346.5 404348.8
698344.2 404232.3
711380.5 390981.0
722604.4 382671.4
705974.6 365675.7
682525.8 371729.5
682625.4 378601.8
687234.4 380004.9
688149.8 380924.5
690978.2 393501.1
691325.1 397171.5
691098 402605.8
689346.5 404348.8
ID 13063
689346.5 404348.8
691098 402605.8
691325.1 397171.5
690978.2 393501.1
688149.8 380924.5
687234.4 380004.9
682625.4 378601.8
682525.8 371729.5
679404.6 371723.7
672888.9 393756.9
682974.1 404468.9
689346.5 404348.8
ID 13141
822218.4 382535.2
824981.8 380653.2
828313.8 367864.8
831456.8 361598.7
832180.8 359928.1
829395.5 359871.8
822382.9 355200
821211.3 353475.1
820088.3 350428.9
819218.3 348705.5
818101.1 347568.4
808170.3 342163.1
804045.6 342104
802136.9 340275.3
799563.7 338645.3
797973.4 341760.2
797831 342734.2
798725.6 346756.8
799169 347628.3
799704.5 347908.3
799952.3 348751.7
799973.2 349412.3
799759.8 349900.3
785175.5 353696.3
783228.9 353720
783121.3 354171.7
783246.4 355275.5
785085.4 361726.4
787243 363543.1
789926.4 364522.3
794002.5 366992.8
795252 370464.5
795121.4 370858.2
794493.5 371559.8
793276 372421.1
807223.1 385219.5
822218.4 382535.2
ID 13237
758852.4 380962.3
782410.6 386566.6
793276 372421.1
794493.5 371559.8
795121.4 370858.2
795252 370464.5
794002.5 366992.8
789926.4 364522.3
787243 363543.1
785085.4 361726.4
783246.4 355275.5
783121.3 354171.7
783228.9 353720
768783.5 353407.9
757940.6 351827.9
758852.4 380962.3
ID 13159
758852.4 380962.3
757940.6 351827.9
732728.2 347276.1
732131.1 352648.0
728236.2 373491.0
745000.4 391063.2
758852.4 380962.3
ID 13033
876926 363874.3
885882.8 367326.7
886493.2 367178
889301 365093.6
889792.4 363702.2
895001 360950.6
903937.4 359925.4
912171.6 363783.5
915696.3 362442.3
923547.2 354906.7
938073.6 345813.2
945183.4 340728
924429 325102.5
923729.6 326353.2
922856.9 327177.8
919034.2 328917.9
915981.3 329793.1
895045.3 325310.7
891165.7 321550.6
889036.3 314419.4
889328.3 313648
873218.5 315928.6
875114 320775.4
877150 327302.4
876117.1 335092.8
875491.1 338309.8
875140.1 341141
875991 346422.9
877233 351187.6
880285.2 359916.9
878117 362986
877413 363692.8
876926 363874.3
ID 13113
658862.4 388416.7
672888.9 393756.9
679404.6 371723.7
669184.8 361206.6
667505.4 365021.6
663989.7 370593.2
658734.2 376896.3
658862.4 388416.7
ID 13163
866017.4 368633.8
868826.4 368714.7
876926 363874.3
877413 363692.8
878117 362986
880285.2 359916.9
877233 351187.6
875991 346422.9
875140.1 341141
875491.1 338309.8
876117.1 335092.8
877150 327302.4
875114 320775.4
873218.5 315928.6
862336.3 307566.3
854088.8 314101.9
853539.5 326337
850517 335351.8
850202.3 335326.7
847064.3 337471.6
843666.1 340802.6
842400.4 342987.6
840424 347618.6
847837 346926.1
847693.9 351635.2
847517.1 352725.2
858021.9 361623.7
861603.5 364421.3
866017.4 368633.8
ID 13125
831456.8 361598.7
846758 369398.7
849611.9 370037.3
855226.6 367534.1
861603.5 364421.3
858021.9 361623.7
847517.1 352725.2
847693.9 351635.2
847837 346926.1
840424 347618.6
832180.8 359928.1
831456.8 361598.7
ID 13035
722604.4 382671.4
728236.2 373491.0
732131.1 352648.0
711669.4 355078.9
703999.5 355094.4
705974.6 365675.7
722604.4 382671.4
ID 13077
636450.8 389530.4
658862.4 388416.7
658734.2 376896.3
663989.7 370593.2
667505.4 365021.6
669184.8 361206.6
668726.2 357153.7
635131.7 354017.2
628011.4 357784.7
621076.7 380110.8
636450.8 389530.4
ID 13303
840424 347618.6
842400.4 342987.6
843666.1 340802.6
847064.3 337471.6
850202.3 335326.7
850517 335351.8
853539.5 326337
854088.8 314101.9
845831.7 311247.9
840487.6 309518
830306.3 310675.9
827744.8 312325.2
814285.5 306574.6
813538.3 311268.7
811571.3 315405.5
810116.4 316564.8
806165.4 318475.6
802200 327205.7
804045.6 342104
808170.3 342163.1
818101.1 347568.4
819218.3 348705.5
820088.3 350428.9
821211.3 353475.1
822382.9 355200
829395.5 359871.8
832180.8 359928.1
840424 347618.6
ID 13251
924429 325102.5
945183.4 340728
958830 307692.5
960745.4 291145.4
946173.6 279028.8
918188.7 296088.6
924429 325102.5
ID 13149
621076.7 380110.8
628011.4 357784.7
600173.8 347478.6
595175.3 380644.4
621076.7 380110.8
ID 13255
679404.6 371723.7
682525.8 371729.5
705974.6 365675.7
703999.5 355094.4
692406 353547.6
680697 353648.7
678856.8 355725
673461.8 355801.6
669211.6 352969.2
668726.2 357153.7
669184.8 361206.6
679404.6 371723.7
ID 13009
783228.9 353720
785175.5 353696.3
799759.8 349900.3
799973.2 349412.3
799952.3 348751.7
799704.5 347908.3
799169 347628.3
798725.6 346756.8
797831 342734.2
797973.4 341760.2
799563.7 338645.3
802136.9 340275.3
804045.6 342104
802200 327205.7
796709 333790.8
795302.1 334035.4
793744.5 333064.6
775658.3 324701.3
768783.5 353407.9
783228.9 353720
ID 13169
768783.5 353407.9
775658.3 324701.3
771050.8 321572.7
761131.3 315573.9
756319 319159.6
753187.3 320306.6
747571.7 320286.4
744034.6 323454.9
742631.6 327458.6
732728.2 347276.1
757940.6 351827.9
768783.5 353407.9
ID 13165
889328.3 313648
889036.3 314419.4
891165.7 321550.6
895045.3 325310.7
915981.3 329793.1
919034.2 328917.9
922856.9 327177.8
923729.6 326353.2
924429 325102.5
918188.7 296088.6
903233.6 291076.9
889328.3 313648
ID 13207
711669.4 355078.9
732131.1 352648.0
732728.2 347276.1
742631.6 327458.6
725690.3 315816.5
703968 315919.8
704051.7 325081.9
710519.7 325010.4
711458.6 326830.6
711669.4 355078.9
ID 13171
711669.4 355078.9
711458.6 326830.6
710519.7 325010.4
704051.7 325081.9
690330 331609.4
692406 353547.6
703999.5 355094.4
711669.4 355078.9
ID 13199
669211.6 352969.2
666315.9 329393
668166 319544
650025.4 315499.5
634953.1 318676.2
635131.7 354017.2
668726.2 357153.7
669211.6 352969.2
ID 13231
669211.6 352969.2
673461.8 355801.6
678856.8 355725
680697 353648.7
692406 353547.6
690330 331609.4
666315.9 329393
669211.6 352969.2
ID 13285
628011.4 357784.7
635131.7 354017.2
634953.1 318676.2
604783.5 318702.5
600535.1 345091.8
600173.8 347478.6
628011.4 357784.7
ID 13319
775658.3 324701.3
793744.5 333064.6
795302.1 334035.4
796709 333790.8
802200 327205.7
806165.4 318475.6
810116.4 316564.8
811571.3 315405.5
813538.3 311268.7
814285.5 306574.6
813403.7 300903.4
788256.8 286889.6
771050.8 321572.7
775658.3 324701.3
ID 13107
889328.3 313648
903233.6 291076.9
900688 283468.2
895981.3 285738.3
889620.4 281244.1
886643.1 276013.4
880794.3 263441.8
882072.6 258698.0
865429.3 262309.0
866726.7 266512.3
867618.1 271883.9
866854 272771.1
859087.3 277173.6
856735.6 278174.8
842744.7 279579.7
862336.3 307566.3
873218.5 315928.6
889328.3 313648
ID 13167
862336.3 307566.3
842744.7 279579.7
840188.7 280784.9
840605.2 290585.1
829478.5 298708.5
822235.4 301833.6
813403.7 300903.4
814285.5 306574.6
827744.8 312325.2
830306.3 310675.9
840487.6 309518
845831.7 311247.9
854088.8 314101.9
862336.3 307566.3
ID 13021
742631.6 327458.6
744034.6 323454.9
747571.7 320286.4
753187.3 320306.6
756319 319159.6
761131.3 315573.9
763393.6 313279.5
762036 310587.0
755092.9 303722.7
753390.2 295508.2
743649.9 298567.6
725690.3 315816.5
742631.6 327458.6
ID 13293
690330 331609.4
704051.7 325081.9
703968 315919.8
696628 298227.9
688769 304608.7
684159 305951
679777.9 308257.1
678985.6 308998.9
678865.5 309849
677986.7 312227
676760.1 314279.4
670991.8 319043.7
669031.4 319737.8
668166 319544
666315.9 329393
690330 331609.4
ID 13289
761131.3 315573.9
771050.8 321572.7
788256.8 286889.6
762876.7 272065
753390.2 295508.2
755092.9 303722.7
762036 310587.0
763393.6 313279.5
761131.3 315573.9
ID 13103
960745.4 291145.4
969925.6 286103.7
971613.5 285220.1
979015.2 277410.5
986295 256408.5
986732.8 250408.7
961960.8 235720.7
957383.2 251750.8
946173.6 279028.8
960745.4 291145.4
ID 13031
918188.7 296088.6
946173.6 279028.8
957383.2 251750.8
924974 241104.1
907065.9 253623.5
908169.6 256173.5
911462.1 269964.4
906311.7 280749.7
900688 283468.2
903233.6 291076.9
918188.7 296088.6
ID 13079
703968 315919.8
725690.3 315816.5
743649.9 298567.6
743656.2 298498.4
715315 280485.8
696628 298227.9
703968 315919.8
ID 13175
788256.8 286889.6
813403.7 300903.4
822235.4 301833.6
829478.5 298708.5
840605.2 290585.1
840188.7 280784.9
842744.7 279579.7
836046.9 256926.7
820861.2 244177.3
810910 238651.7
796652.3 269091.3
788256.8 286889.6
ID 13263
668166 319544
669031.4 319737.8
670991.8 319043.7
676760.1 314279.4
677986.7 312227
678865.5 309849
678985.6 308998.9
679777.9 308257.1
684159 305951
688769 304608.7
673924.4 284075
655790.5 281119.6
650410 279356.8
650437 286588.2
650025.4 315499.5
668166 319544
ID 13145
634953.1 318676.2
650025.4 315499.5
650437 286588.2
630413.4 286650.9
630448.6 289331.6
613985 289512.1
609089 304908
604783.5 318702.5
634953.1 318676.2
ID 13043
900688 283468.2
906311.7 280749.7
911462.1 269964.4
908169.6 256173.5
907065.9 253623.5
901726 254652.7
882072.6 258698.0
880794.3 263441.8
886643.1 276013.4
889620.4 281244.1
895981.3 285738.3
900688 283468.2
ID 13153
743656.2 298498.4
743649.9 298567.6
753390.2 295508.2
762876.7 272065
762901 266452.3
751905.4 253844.9
729977.5 254005.1
730080.3 273649.5
731879.8 270430.3
732849.3 270509.6
734690.1 271338.9
741669.5 279589.3
741968.4 280820.6
743656.2 298498.4
ID 13225
715315 280485.8
743656.2 298498.4
741968.4 280820.6
741669.5 279589.3
734690.1 271338.9
732849.3 270509.6
731879.8 270430.3
730080.3 273649.5
713955 277877.0
714859.9 279581.8
715315 280485.8
ID 13269
681509.9 265824.9
678776.2 267648.5
673924.4 284075
688769 304608.7
696628 298227.9
715315 280485.8
710649.2 279604.4
691724.2 262973.1
681509.9 265824.9
ID 13269
710649.2 279604.4
714859.9 279581.8
713955 277877.0
710649.2 279604.4
ID 13269
680606.7 265815.5
681509.9 265824.9
681536.4 264915.7
680614.4 264906.3
680606.7 265815.5
ID 13023
796652.3 269091.3
777246.5 252210.8
762901 266452.3
762876.7 272065
788256.8 286889.6
796652.3 269091.3
ID 13283
842744.7 279579.7
856735.6 278174.8
859087.3 277173.6
866854 272771.1
867618.1 271883.9
866726.7 266512.3
865429.3 262309.0
842315.8 255747.9
836046.9 256926.7
842744.7 279579.7
ID 13051
986732.8 250408.7
986891.4 248235.1
987220.8 243721.7
987812.8 238830.9
988194.9 238353.2
993137.2 235688.5
1009973 230264.2
1013142 229481.0
1014015 229235.8
1014303 227809.7
1014204 226844.5
1013636 225231.7
1012341 223089.3
993559.2 200257.4
992735.3 199403.5
987776.2 194982.1
987040.7 194766.5
984994.2 195479.0
983092 205224.9
980279.9 216939.3
970442.6 225431.8
963620.2 233186.6
961960.8 235720.7
986732.8 250408.7
ID 13029
924974 241104.1
957383.2 251750.8
961960.8 235720.7
963620.2 233186.6
970442.6 225431.8
980279.9 216939.3
983092 205224.9
984994.2 195479.0
981339.8 195178.4
980761.3 195446.9
970818.4 201896.8
964482.4 207897.7
963585.4 208933.2
963639.8 209215.5
963553.2 210005.6
961501 217451.9
960908.3 218866.4
954382.6 222046.4
938642.2 229620.8
931119.7 234258.2
924974 241104.1
ID 13209
865429.3 262309.0
859324 219708.1
853444.5 218309.1
848251.3 224356.3
847902.7 225085.1
847143.9 226907.6
845495.4 235928.7
845526.9 241856.4
843661.7 253231.4
843168.4 255508.2
842315.8 255747.9
865429.3 262309.0
ID 13279
865429.3 262309.0
882072.6 258698.0
885988.7 239049.3
883640.4 213724.2
864013.3 219282.3
859324 219708.1
865429.3 262309.0
ID 13193
691724.2 262973.1
710649.2 279604.4
713955 277877.0
730080.3 273649.5
729977.5 254005.1
713092.8 240695.4
698587.2 247186
691724.2 262973.1
ID 13193
710649.2 279604.4
715315 280485.8
714859.9 279581.8
710649.2 279604.4
ID 13267
882072.6 258698.0
901726 254652.7
906439.5 232846.4
915115.4 229574.6
927138 229558.2
921301.6 225759.5
908126.9 200459.7
900513.8 204509.3
883640.4 213724.2
885988.7 239049.3
882072.6 258698.0
ID 13091
777246.5 252210.8
796652.3 269091.3
810910 238651.7
820861.2 244177.3
816878.4 237387.8
790892 211068.2
778271.4 233758.1
780919.5 235998.2
781293.7 236841.7
782555.8 241891.2
774692.2 249677.2
777246.5 252210.8
ID 13197
655790.5 281119.6
673924.4 284075
678776.2 267648.5
678975 254717.5
677080 252514.1
675237.3 247488.1
675144 240181.4
675041 236611.4
670087.3 236671.3
665970.9 238533.6
664254.1 241211.5
657217.5 247647.7
654512.7 247648.4
653607.8 247641.3
655790.5 281119.6
ID 13215
613985 289512.1
630448.6 289331.6
630413.4 286650.9
650437 286588.2
650410 279356.8
643087.5 268608.7
632516 267012.9
622326.5 263164.8
621602.9 278625.5
613985 289512.1
ID 13109
901726 254652.7
907065.9 253623.5
924974 241104.1
931119.7 234258.2
927138 229558.2
915115.4 229574.6
906439.5 232846.4
901726 254652.7
ID 13053
655790.5 281119.6
653607.8 247641.3
628583.2 247563.8
628846.7 247835.3
630057.2 251179.6
629358.7 253140.2
627295.4 255320.6
621362.4 257727.9
620875.5 258435.5
620789.3 259358.3
622326.5 263164.8
632516 267012.9
643087.5 268608.7
650410 279356.8
655790.5 281119.6
ID 13235
777246.5 252210.8
774692.2 249677.2
782555.8 241891.2
781293.7 236841.7
780919.5 235998.2
778271.4 233758.1
775740.8 236278.7
774704.1 236645.6
770782.7 236733.9
768981.2 235857.0
763827.9 234995.4
752677.8 234972.9
751905.4 253844.9
762901 266452.3
777246.5 252210.8
ID 13309
836046.9 256926.7
842315.8 255747.9
843168.4 255508.2
843661.7 253231.4
845526.9 241856.4
845495.4 235928.7
847143.9 226907.6
847902.7 225085.1
848251.3 224356.3
853444.5 218309.1
843844.3 213732.6
816878.4 237387.8
820861.2 244177.3
836046.9 256926.7
ID 13249
681509.9 265824.9
691724.2 262973.1
698587.2 247186
675144 240181.4
675237.3 247488.1
677080 252514.1
678975 254717.5
678776.2 267648.5
681509.9 265824.9
ID 13249
681509.9 265824.9
680606.7 265815.5
680614.4 264906.3
681536.4 264915.7
681509.9 265824.9
ID 13179
927138 229558.2
931119.7 234258.2
938642.2 229620.8
954382.6 222046.4
960908.3 218866.4
961501 217451.9
963553.2 210005.6
963639.8 209215.5
963585.4 208933.2
964482.4 207897.7
970818.4 201896.8
980761.3 195446.9
981339.8 195178.4
980869.6 194431.7
982561.7 192486.3
984984.6 191430.6
985589.8 191721.9
985835.4 192232.4
986071.5 192338.1
987015.8 192432.3
987811.8 191994.5
987883.2 187412.2
987811.8 183953.3
985422.5 178012.8
984259 176368
983714.5 176311.1
982257.6 177666.4
982531 180685.4
982271.2 181499.8
979493.5 184433.0
977908 185467.1
975281.9 186699.4
970190.3 187531.2
963057.1 185565.1
960746.7 186440.4
956536.2 190220.6
953587.5 191502.4
952826 191544.2
939195.4 198493.9
927241.9 210304.4
927126 211530.4
923284.6 222621.6
921301.6 225759.5
927138 229558.2
ID 13093
751905.4 253844.9
752677.8 234972.9
752626.8 224973.4
719399.5 225127.6
713092.8 240695.4
729977.5 254005.1
751905.4 253844.9
ID 13183
921301.6 225759.5
923284.6 222621.6
927126 211530.4
927241.9 210304.4
939195.4 198493.9
952826 191544.2
953587.5 191502.4
937743.2 173289.8
908126.9 200459.7
921301.6 225759.5
ID 13271
816878.4 237387.8
843844.3 213732.6
825947 202107.2
810892.9 197982.0
793599.1 205288.1
790892 211068.2
816878.4 237387.8
ID 13261
698587.2 247186
713092.8 240695.4
719399.5 225127.6
723088.9 211931.9
683783.6 212437.3
683768.3 207700.8
673805.6 218151.3
675041 236611.4
675144 240181.4
698587.2 247186
ID 13315
778271.4 233758.1
790892 211068.2
793599.1 205288.1
764970 204993.2
752465.9 205673.0
752626.8 224973.4
752677.8 234972.9
763827.9 234995.4
768981.2 235857.0
770782.7 236733.9
774704.1 236645.6
775740.8 236278.7
778271.4 233758.1
ID 13307
654512.7 247648.4
657217.5 247647.7
664254.1 241211.5
665970.9 238533.6
670087.3 236671.3
675041 236611.4
673805.6 218151.3
659042.6 212947.7
653742.8 212985.4
653957.7 224976.0
655022.5 232943.4
655319.6 240437.5
655357 246790.8
654512.7 247648.4
ID 13259
653607.8 247641.3
654512.7 247648.4
655357 246790.8
655319.6 240437.5
655022.5 232943.4
653957.7 224976.0
653742.8 212985.4
629991.9 213581.1
615264.8 220831.8
616025.8 229054.2
628583.2 247563.8
653607.8 247641.3
ID 13161
864013.3 219282.3
864164.4 216241.7
864257.8 205066.8
855840.9 204979.7
855931.6 190828.3
845961.9 186445.7
826105.2 186055.2
825947 202107.2
843844.3 213732.6
853444.5 218309.1
859324 219708.1
864013.3 219282.3
ID 13001
883640.4 213724.2
900513.8 204509.3
896873 203688.4
892614.4 198391.8
893280.9 164886.5
884225 171317.1
883615.4 173014.6
882808.8 174102.6
872792.2 180745.2
866752 183140.8
862613.4 185946.6
855931.6 190828.3
855840.9 204979.7
864257.8 205066.8
864164.4 216241.7
864013.3 219282.3
883640.4 213724.2
ID 13081
719399.5 225127.6
752626.8 224973.4
752465.9 205673.0
734462.4 199986.4
721504.9 204878.6
723088.9 211931.9
719399.5 225127.6
ID 13305
900513.8 204509.3
908126.9 200459.7
937743.2 173289.8
941679 163908.1
931769.4 149995.2
928657.4 151891.3
925067.2 153602.4
920423.7 152421.1
913493.3 151374.1
903167.2 153424.6
902236.5 154197.2
893280.9 164886.5
892614.4 198391.8
896873 203688.4
900513.8 204509.3
ID 13191
953587.5 191502.4
956536.2 190220.6
960746.7 186440.4
963057.1 185565.1
970190.3 187531.2
975281.9 186699.4
977908 185467.1
979493.5 184433.0
982271.2 181499.8
982531 180685.4
982257.6 177666.4
975758.8 147033.8
974168.3 146887.6
964943.5 149231.1
952112.9 153432.7
946129 158137.7
941689 163556.6
941679 163908.1
937743.2 173289.8
953587.5 191502.4
ID 13069
810892.9 197982.0
825947 202107.2
826105.2 186055.2
845961.9 186445.7
846045.2 173781.8
849084.5 173769.6
849116 163943.0
846271.7 152208.2
828354 152027.6
827057 153655.0
814884.8 157749.6
797607.3 157922.2
796989.5 163647.2
810768.8 186074.5
810892.9 197982.0
ID 13017
764970 204993.2
793599.1 205288.1
810892.9 197982.0
810768.8 186074.5
799500.6 185349.6
793840.1 183512.1
785383.7 183727.7
779742.3 186612.6
775422.3 195033.3
767600.2 195091.1
764970 204993.2
ID 13273
686866.8 187471.9
687558.4 179811.4
673089.2 179827.3
663953.6 179781.1
664268.3 180582.2
664849.7 182715.4
665026 186505.8
661765.3 194823.3
658663.6 196520.7
659042.6 212947.7
673805.6 218151.3
683768.3 207700.8
686866.8 187471.9
ID 13273
686866.8 187471.9
685999.6 187480.9
685973.7 186598.5
686836.6 186597.4
686866.8 187471.9
ID 13177
686866.8 187471.9
683768.3 207700.8
683783.6 212437.3
723088.9 211931.9
721504.9 204878.6
714061.3 182951.4
687558.4 179811.4
686866.8 187471.9
ID 13177
685999.6 187480.9
686866.8 187471.9
686836.6 186597.4
685973.7 186598.5
685999.6 187480.9
ID 13287
752465.9 205673.0
764970 204993.2
767600.2 195091.1
763193.1 176897.4
749093.3 173959.6
745934.2 177332.5
743332.3 179534.8
742535.3 179896.7
735084.4 179969.5
734988.6 195249.5
734843.8 199662
734462.4 199986.4
752465.9 205673.0
ID 13239
615264.8 220831.8
629991.9 213581.1
624990.5 197359.7
607941.3 197783.3
615264.8 220831.8
ID 13005
855931.6 190828.3
862613.4 185946.6
866752 183140.8
872792.2 180745.2
882808.8 174102.6
883615.4 173014.6
884225 171317.1
882999.3 171289.6
877306.7 167030.3
877334 164215.1
873201.9 159975.9
866012.9 158378.2
849116 163943.0
849084.5 173769.6
846045.2 173781.8
845961.9 186445.7
855931.6 190828.3
ID 13243
653742.8 212985.4
659042.6 212947.7
658663.6 196520.7
661765.3 194823.3
665026 186505.8
664849.7 182715.4
664268.3 180582.2
663953.6 179781.1
638221.6 179744
624990.5 197359.7
629991.9 213581.1
653742.8 212985.4
ID 13321
721504.9 204878.6
734462.4 199986.4
734843.8 199662
734988.6 195249.5
735084.4 179969.5
742535.3 179896.7
743332.3 179534.8
745934.2 177332.5
749093.3 173959.6
748778.4 147645.2
715928 147990.6
716047.1 160049.3
714061.3 182951.4
721504.9 204878.6
ID 13155
810768.8 186074.5
796989.5 163647.2
778683.7 163927.3
763193.1 176897.4
767600.2 195091.1
775422.3 195033.3
779742.3 186612.6
785383.7 183727.7
793840.1 183512.1
799500.6 185349.6
810768.8 186074.5
ID 13229
884225 171317.1
893280.9 164886.5
902236.5 154197.2
906985.7 147019.2
906451.6 144699.6
905017.3 143444.3
888150.8 135023.8
887877 135041.5
879327 137301.8
866012.9 158378.2
873201.9 159975.9
877334 164215.1
877306.7 167030.3
882999.3 171289.6
884225 171317.1
ID 13127
975758.8 147033.8
959552.9 115785.4
941027 126290.4
936610 127059.5
929264.9 130326
929016.3 130786.6
928844 132136.6
931769.4 149995.2
941679 163908.1
941689 163556.6
946129 158137.7
952112.9 153432.7
964943.5 149231.1
974168.3 146887.6
975758.8 147033.8
ID 13061
607941.3 197783.3
624990.5 197359.7
638221.6 179744
637956.5 166598.1
624821.2 166059.1
622123.9 165346.6
620206 165020.2
618049.4 165059.1
616438.7 168725.8
609328 195430.9
607941.3 197783.3
ID 13277
749093.3 173959.6
763193.1 176897.4
778683.7 163927.3
769690 149884.5
762241.5 147340.5
748778.4 147645.2
749093.3 173959.6
ID 13095
687558.4 179811.4
714061.3 182951.4
716047.1 160049.3
702477.2 159638.0
674964.5 159288.9
673089.2 179827.3
687558.4 179811.4
ID 13299
849116 163943.0
866012.9 158378.2
879327 137301.8
894301 113833.4
867174.6 113680.6
867123 89440.2
890298.7 89360.38
893035.4 88665.84
887199.4 64477.82
867639.4 65785.25
866438.3 69228.5
865870.7 79261.05
865591 92184.38
857287.6 107925.1
851956.8 113041.2
849115.6 116740.5
842489.9 132184.8
846271.7 152208.2
849116 163943.0
ID 13025
931769.4 149995.2
928844 132136.6
922664 125240.7
916427.4 124106.2
914664.6 123537.6
913968.5 122701.3
912937.6 118308.7
900949.2 121162.0
899170.3 113893.0
894301 113833.4
879327 137301.8
887877 135041.5
888150.8 135023.8
905017.3 143444.3
906451.6 144699.6
906985.7 147019.2
902236.5 154197.2
903167.2 153424.6
913493.3 151374.1
920423.7 152421.1
925067.2 153602.4
928657.4 151891.3
931769.4 149995.2
ID 13037
663953.6 179781.1
673089.2 179827.3
674964.5 159288.9
655235 159051.7
637956.5 166598.1
638221.6 179744
663953.6 179781.1
ID 13019
796989.5 163647.2
797607.3 157922.2
797546.9 156091.5
797664 155767.4
801504.6 150605.3
805376.4 146783.3
806418.6 136497.6
806734.8 131766.6
807397.5 130078.5
807721.2 128094.1
807618.3 127661.7
795502 127600.2
792483 117351.9
792504.4 114068.7
783217.8 114211.2
781894.4 121297.5
776246.3 138736.6
774806.3 139459.2
770130 143673.7
769643.7 144625.2
769256 146420.5
769690 149884.5
778683.7 163927.3
796989.5 163647.2
ID 13003
846271.7 152208.2
842489.9 132184.8
813940.5 131909.5
806734.8 131766.6
806418.6 136497.6
805376.4 146783.3
801504.6 150605.3
797664 155767.4
797546.9 156091.5
797607.3 157922.2
814884.8 157749.6
827057 153655.0
828354 152027.6
846271.7 152208.2
ID 13205
716047.1 160049.3
715928 147990.6
715543.5 119422.2
704776.3 119496.5
679998.2 119602.9
667407.2 119591.5
668083 124204.7
669999.6 127756.9
670570.3 128532.4
683913.7 143171.8
696382.3 150555.2
702477.2 159638.0
716047.1 160049.3
ID 13039
959552.9 115785.4
960820 81836.02
959320.2 81850.16
951181.7 81930.54
945264.6 82403.97
934305.3 85099.43
919953.9 90134.17
916305 93323.19
912937.6 118308.7
913968.5 122701.3
914664.6 123537.6
916427.4 124106.2
922664 125240.7
928844 132136.6
929016.3 130786.6
929264.9 130326
936610 127059.5
941027 126290.4
959552.9 115785.4
ID 13007
674964.5 159288.9
702477.2 159638.0
696382.3 150555.2
683913.7 143171.8
670570.3 128532.4
669999.6 127756.9
668083 124204.7
667407.2 119591.5
664124.8 119671.7
654762.2 139656.4
655235 159051.7
674964.5 159288.9
ID 13099
637956.5 166598.1
655235 159051.7
654762.2 139656.4
654760.6 139386.5
648712.6 138904.1
628481.6 139472.4
627883 119142.6
618376.2 119517.1
617662.8 121830.7
617112.4 123168.7
613244.4 128603.2
612583.9 128908.3
611771.8 128988.6
611004.3 129571.3
610327.3 131901.1
609980.4 139880.2
610985.8 142640.7
612333.7 145436.2
616438.7 168725.8
618049.4 165059.1
620206 165020.2
622123.9 165346.6
624821.2 166059.1
637956.5 166598.1
ID 13075
769690 149884.5
769256 146420.5
769643.7 144625.2
770130 143673.7
774806.3 139459.2
776246.3 138736.6
781894.4 121297.5
783217.8 114211.2
765970.3 114598.4
756450.3 119660.2
762241.5 147340.5
769690 149884.5
ID 13071
762241.5 147340.5
756450.3 119660.2
741074.1 115108.1
715543.5 119422.2
715928 147990.6
748778.4 147645.2
762241.5 147340.5
ID 13065
813940.5 131909.5
842489.9 132184.8
849115.6 116740.5
851956.8 113041.2
857287.6 107925.1
865591 92184.38
865870.7 79261.05
866438.3 69228.5
867639.4 65785.25
863735.9 66005.72
851788.1 66665.32
852137.9 77644.5
851893.1 78235.55
851031.4 79318.5
849461.2 80190.35
843277.3 81377.13
839509.2 81766.75
837596.5 81728.65
834040.7 82044.49
831602.2 83048.88
830332.6 83950.97
828012.1 87303.01
827122.4 91316.54
826248.6 93193.45
814303.6 96970.82
813940.5 131909.5
ID 13049
912937.6 118308.7
916305 93323.19
905175.6 88646.36
902791 76873.34
902933.6 74549.86
904110.4 72128.89
906522.2 68003.2
907340.2 64450.25
906460.4 57096.57
904981.6 49633.32
903479.1 42063.44
892417.9 41385.16
891807 41577.8
890037.4 43359.56
888588.5 46120.18
887953.8 48689.03
887199.4 64477.82
893035.4 88665.84
890298.7 89360.38
867123 89440.2
867174.6 113680.6
894301 113833.4
899170.3 113893.0
900949.2 121162.0
912937.6 118308.7
ID 13173
806734.8 131766.6
813940.5 131909.5
814303.6 96970.82
809712.4 94716.18
809291.7 100797.5
807369.9 105548
794323.8 105739.8
792504.4 114068.7
792483 117351.9
795502 127600.2
807618.3 127661.7
807721.2 128094.1
807397.5 130078.5
806734.8 131766.6
ID 13201
654762.2 139656.4
664124.8 119671.7
646161.5 118657.0
627883 119142.6
628481.6 139472.4
648712.6 138904.1
654760.6 139386.5
654762.2 139656.4
ID 13027
765970.3 114598.4
771725.2 91831.37
768922.3 89438.68
765435.8 84032.65
765286.3 83597.38
768223 77905.14
769648.9 76551.01
777605.5 70924.3
753191.8 72320.92
740517.9 73058.28
741074.1 115108.1
756450.3 119660.2
765970.3 114598.4
ID 13185
783217.8 114211.2
792504.4 114068.7
794323.8 105739.8
807369.9 105548
809291.7 100797.5
809712.4 94716.18
798751.6 69658.84
782171.3 70636.28
777605.5 70924.3
769648.9 76551.01
768223 77905.14
765286.3 83597.38
765435.8 84032.65
768922.3 89438.68
771725.2 91831.37
765970.3 114598.4
783217.8 114211.2
ID 13275
715543.5 119422.2
741074.1 115108.1
740517.9 73058.28
715261.8 74510.79
707950.8 74930.17
708323.5 101617.0
706661.6 103674.0
705601.5 105401.8
704555.5 108576.3
704776.3 119496.5
715543.5 119422.2
ID 13131
704776.3 119496.5
704555.5 108576.3
705601.5 105401.8
706661.6 103674.0
708323.5 101617.0
707950.8 74930.17
689026 75964.28
679494 76467.82
679998.2 119602.9
704776.3 119496.5
ID 13087
679998.2 119602.9
679494 76467.82
633259.4 79073.67
632520.8 81405.12
632894.8 83087.55
634597.5 85795.16
638632.7 87709.05
642226.3 92757.64
643660.3 98263.15
644017.5 114841.7
646161.5 118657.0
664124.8 119671.7
667407.2 119591.5
679998.2 119602.9
ID 13253
627883 119142.6
646161.5 118657.0
644017.5 114841.7
643660.3 98263.15
642226.3 92757.64
638632.7 87709.05
634597.5 85795.16
632894.8 83087.55
632520.8 81405.12
633259.4 79073.67
633141.6 79080.57
620194.2 111225.2
618376.2 119517.1
627883 119142.6
ID 13101
814303.6 96970.82
826248.6 93193.45
827122.4 91316.54
828012.1 87303.01
830332.6 83950.97
831602.2 83048.88
834040.7 82044.49
837596.5 81728.65
839509.2 81766.75
843277.3 81377.13
849461.2 80190.35
851031.4 79318.5
851893.1 78235.55
852137.9 77644.5
851788.1 66665.32
841679.9 67184.91
798751.6 69658.84
809712.4 94716.18
814303.6 96970.82
