ID 15000
-1620894 -1203100
-1597723 -1215553
-1588148 -1218493
-1585587 -1219465
-1581519 -1221261
-1569887 -1227170
-1560249 -1233167
-1553869 -1238518
-1552468 -1240023
-1548613 -1244291
-1547684 -1245664
-1547469 -1246288
-1547596 -1247523
-1547931 -1248846
-1543243 -1258408
-1536640 -1269208
-1532731 -1273240
-1530317 -1275242
-1528096 -1276982
-1525069 -1278481
-1522699 -1279301
-1519954 -1280550
-1518646 -1281370
-1518124 -1282219
-1518101 -1282583
-1519491 -1286782
-1521114 -1288753
-1524251 -1291610
-1534313 -1299739
-1552074 -1309828
-1554805 -1310709
-1558667 -1311528
-1559684 -1311580
-1563716 -1310464
-1565901 -1310163
-1569289 -1311070
-1592199 -1326079
-1596709 -1331695
-1596435 -1333106
-1596406 -1334817
-1596632 -1335635
-1601274 -1343980
-1605077 -1347316
-1607224 -1349203
-1608649 -1350030
-1609689 -1349901
-1630902 -1336977
-1631171 -1336688
-1633767 -1332065
-1635173 -1327638
-1634765 -1323782
-1633508 -1315557
-1632539 -1310624
-1632071 -1307933
-1631730 -1303701
-1631879 -1302492
-1632966 -1299182
-1641506 -1273754
-1643589 -1269931
-1647361 -1267030
-1649315 -1263233
-1650673 -1260240
-1649154 -1254734
-1642152 -1247479
-1641505 -1246935
-1626702 -1232955
-1626352 -1232212
-1626048 -1230798
-1625702 -1227433
-1625994 -1226387
-1628352 -1223408
-1630106 -1221634
-1631943 -1218539
-1633546 -1214240
-1634312 -1207675
-1633851 -1204286
-1632730 -1202129
-1631890 -1201263
-1630977 -1200735
-1628810 -1200301
-1624400 -1201513
-1620894 -1203100
ID 15000
-1658984 -1135279
-1644961 -1142521
-1643312 -1144608
-1642954 -1145605
-1643025 -1148173
-1643200 -1150551
-1643647 -1151554
-1644723 -1153282
-1646004 -1154657
-1650105 -1158144
-1650772 -1158399
-1658126 -1161148
-1659464 -1161588
-1676256 -1165805
-1683401 -1166660
-1684126 -1166700
-1688089 -1165871
-1690521 -1164198
-1715861 -1134572
-1716952 -1132574
-1718110 -1129051
-1717515 -1125509
-1716140 -1122464
-1714535 -1119503
-1712161 -1117229
-1708328 -1116467
-1706861 -1116626
-1703762 -1118459
-1702029 -1119675
-1683950 -1128148
-1668814 -1129151
-1658984 -1135279
ID 15000
-1859407 -1086679
-1863700 -1087413
-1865272 -1087509
-1866256 -1087066
-1878802 -1066564
-1883642 -1056832
-1883450 -1056503
-1856264 -1043221
-1853009 -1041846
-1851084 -1041826
-1848845 -1044378
-1840467 -1058257
-1838662 -1064221
-1831373 -1074400
-1820076 -1085211
-1817970 -1085809
-1818170 -1087121
-1822456 -1090217
-1824217 -1090425
-1836151 -1090480
-1842924 -1086602
-1845954 -1085261
-1849405 -1085242
-1853338 -1085319
-1859407 -1086679
ID 15000
-2004560 -984705.7
-2001130 -984151.3
-1995555 -985609
-1994118 -986625.5
-1991593 -989030.4
-1989763 -993120.8
-1989565 -993694.3
-1989513 -995252.1
-1989721 -997074.2
-1993593 -1013514
-1993763 -1013851
-1996067 -1016207
-2001500 -1020765
-2003348 -1022211
-2005526 -1023613
-2022605 -1020539
-2037989 -1011346
-2038769 -1010690
-2041079 -1007168
-2041358 -1005760
-2040893 -1002373
-2040868 -1002187
-2035249 -993536.6
-2034466 -992507.6
-2019568 -984435.7
-2017028 -984180.5
-2009606 -983800
-2008730 -983856.8
-2006232 -984305.1
-2004733 -984590.2
-2004560 -984705.7
ID 15000
-1750722 -1100019
-1750094 -1098499
-1747468 -1097624
-1743341 -1098499
-1741090 -1099750
-1740346 -1102006
-1725708 -1100454
-1722639 -1100868
-1719538 -1102476
-1719688 -1103503
-1720926 -1105700
-1723319 -1108328
-1728048 -1111961
-1736744 -1114907
-1776277 -1110423
-1780891 -1109731
-1782495 -1108757
-1781043 -1105423
-1776593 -1096629
-1774980 -1096042
-1771894 -1095942
-1753852 -1099325
-1750722 -1100019
ID 15000
-1750651 -1128130
-1748533 -1127864
-1743046 -1128608
-1741043 -1128904
-1738808 -1129688
-1732484 -1135391
-1731241 -1136805
-1729589 -1139527
-1729471 -1140149
-1729572 -1141388
-1730404 -1142998
-1732588 -1146320
-1733437 -1146805
-1738040 -1148511
-1740011 -1149103
-1746185 -1149609
-1747960 -1147229
-1755852 -1133120
-1756007 -1132458
-1756155 -1130941
-1755802 -1129944
-1753356 -1128431
-1752290 -1128158
-1750651 -1128130
ID 15000
-2075306 -1010420
-2075009 -1009396
-2073300 -1008726
-2070757 -1008548
-2069346 -1009328
-2068675 -1010732
-2068756 -1011101
-2071600 -1020346
-2084983 -1033043
-2085869 -1032708
-2086253 -1032563
-2086509 -1032371
-2087989 -1031260
-2089517 -1029072
-2088989 -1025356
-2087492 -1021263
-2087273 -1020951
-2084503 -1018415
-2083269 -1017283
-2083178 -1017199
-2075306 -1010420
