ID 19
487969.4 388759.4
500210 388737.7
536478.6 388845.0
538491.9 388855.8
576633.6 389248.7
585067.6 389358.9
614929.7 389808.3
643220.1 390330.7
652887.5 390517.4
684702 391282.6
685913.1 382683.6
685682.6 377018.3
694211.4 370751
696030.1 368379.7
698395.2 364386.1
698056 363019.8
691534.6 352747.5
689225 344662.0
690694.6 334112.8
692322 325592.4
699378.1 309032.3
700351.3 306943.7
706826.4 302432.8
709080.8 301339.9
713370.6 300234.1
723926.1 297996.6
728004.6 296937.9
728923.6 296447.1
729478.3 295873.2
734472.2 286402.0
735295.9 283605.6
735299.5 282994.3
734988.8 282439.4
733816.7 280555.7
733776.4 280276.5
733813.2 279655.1
734020.8 279095
734644.9 278381.9
736534 276999
741974.3 274045.1
748914.5 269069.3
748948 269029.4
749125.7 268817.4
753927 263099
754145.6 262729.3
754188.1 262308.9
753628.5 259177.8
753136 258147.2
753138.4 258000.5
753147.1 257482.7
754193.5 254878.2
754269.1 254781.1
756557.2 251843.2
756636 251742.1
757997 250605.7
759533.7 249620.0
762943.7 248426.0
777003.4 231110.7
777623.1 219556.5
770768.4 203196.3
764759 196839.9
763152.4 184845.1
758660.2 179209.9
753556.3 173617.6
737562.7 166253.5
730783.4 164701.0
727930.4 164681.4
726702.9 164879.3
721596.6 164958.1
721586.7 164958.2
709758.3 162045.3
706625.8 161026.9
705701.6 160475.8
705632 160434.3
705597.6 160387.9
704992.6 159570.5
704991.7 159569.3
704931 159352.2
703626.9 154697.3
702567.5 150920.7
702561.2 150898.3
699935.1 141556.2
700006.5 140599.6
700049.2 140546.5
705553.9 133714.0
708176.3 132330.5
709309.3 132442.0
709956.3 132120.8
710669.8 131380.6
714472.9 124927.2
714319.4 122265.2
714399.7 121993.6
714677.3 121055.7
715042.4 118063.7
714465.9 109086.3
713661.1 105831.0
713168.1 105168.9
710719 103875.2
709813.6 103009.9
703028.7 93988.66
702682.9 92574.26
701786.4 80090.27
695734.6 73432.18
692982 73428.67
690775 73331.32
690101.6 73301.75
690054.3 73299.67
685567.1 71882
685447.7 71818.01
684942.3 71547.25
682794.6 70397.1
682042.4 69957.12
681774.6 69695.63
681450.3 69379.04
681121.5 69057.97
677408.8 63728.63
677291.4 62938.92
677544.8 62008.63
679226.4 61140.83
680587 59128.4
681031.8 57752.03
681084.4 56651.3
680593.3 46761.76
680576 46688.39
680347.6 45720.38
679417.4 45015.03
679295.7 44922.75
676676.4 44119.27
671136.1 44614.84
667663.6 47519.23
659381 58039.74
659120 58836.93
659440 61028.42
659250.6 61778.18
652680.2 66896.16
650929 68013.18
631759.5 68465.07
611740.9 67536.03
597273.8 66969.16
572978.9 65975.18
566503 65770.98
534093.8 64933
510635 64453.14
495182.5 64436.01
476771.2 64176.72
456350.8 63861.85
437996.2 63770.66
417760.1 63848.62
404143.6 64053.34
380200.6 64835.03
355865.7 65655.63
341355.5 66172.9
308210.1 67484.58
301308.1 89727.45
304279.1 102745.6
301035.5 118934.6
302505.7 131471.1
296750.9 135089.8
296145.7 157559.2
292875.4 170291.9
281749 190159.7
280860.4 210569.4
270460.7 231015.1
264134.8 249865.8
265346.9 256653.9
262979.9 261389.9
262387.2 274098.9
263006 275623.5
263012.9 277324.1
262717.8 278601.2
261878.9 279852
260798.7 280277.2
258011.6 280582.2
255302.4 288652.7
252561.0 296438
250544.5 299877.2
247931.4 302407.3
245803.2 304124.5
249514.9 318850.9
253066.4 327392.2
259291.1 346569.8
260690.7 349921.4
260940.2 350683.3
258148.9 361923.8
257373.4 362298.5
251535.2 362502.3
249876.6 366570.1
249233.2 393316.5
261033 392901.2
293399.4 391849.8
308916.0 391388.1
341826.2 390646.9
347213.3 390483
385486 389779.6
390379.2 389720.0
423690.8 389276.6
439482.7 389095.3
461897.5 388857.4
487969.4 388759.4
