ID 19005
684702 391282.6
685913.1 382683.6
685682.6 377018.3
694211.4 370751
696030.1 368379.7
698395.2 364386.1
698056 363019.8
691534.6 352747.5
689225 344662.0
654353.9 343972.8
653830.1 372913.7
653270.7 372911.5
652887.5 390517.4
684702 391282.6
ID 19191
652887.5 390517.4
653270.7 372911.5
653830.1 372913.7
654353.9 343972.8
615590.9 343361.2
615375.3 357826.1
614929.7 389808.3
643220.1 390330.7
652887.5 390517.4
ID 19089
585067.6 389358.9
614929.7 389808.3
615375.3 357826.1
576886.1 357293.0
576633.6 389248.7
585067.6 389358.9
ID 19131
576633.6 389248.7
576886.1 357293.0
538705.3 356976.8
538665.5 361724.5
538491.9 388855.8
576633.6 389248.7
ID 19195
538491.9 388855.8
538665.5 361724.5
500200.2 361603.7
500210 388737.7
536478.6 388845.0
538491.9 388855.8
ID 19189
500210 388737.7
500200.2 361603.7
461777.6 361683.8
461897.5 388857.4
487969.4 388759.4
500210 388737.7
ID 19109
461897.5 388857.4
461777.6 361683.8
461474.5 323062.8
422967.4 323417.3
423376 361976.9
423690.8 389276.6
439482.7 389095.3
461897.5 388857.4
ID 19063
423690.8 389276.6
423376 361976.9
385126.8 362500.7
385486 389779.6
390379.2 389720.0
423690.8 389276.6
ID 19059
347213.3 390483
385486 389779.6
385126.8 362500.7
346600.6 363238.2
347213.3 390483
ID 19143
341826.2 390646.9
347213.3 390483
346600.6 363238.2
308104.5 364460.1
308916.0 391388.1
341826.2 390646.9
ID 19033
500200.2 361603.7
538665.5 361724.5
538705.3 356976.8
538811.3 323069.2
500112.1 323040.6
500200.2 361603.7
ID 19081
500200.2 361603.7
500112.1 323040.6
461474.5 323062.8
461777.6 361683.8
500200.2 361603.7
ID 19037
615375.3 357826.1
615590.9 343361.2
615860.6 323825.5
577249.3 323315.9
576886.1 357293.0
615375.3 357826.1
ID 19147
423376 361976.9
422967.4 323417.3
384482.1 324135.2
385126.8 362500.7
423376 361976.9
ID 19041
346600.6 363238.2
385126.8 362500.7
384482.1 324135.2
345762.9 324870.5
346600.6 363238.2
ID 19067
538705.3 356976.8
576886.1 357293.0
577249.3 323315.9
538811.3 323069.2
538705.3 356976.8
ID 19141
308104.5 364460.1
346600.6 363238.2
345762.9 324870.5
307253.6 325738.7
308104.5 364460.1
ID 19043
689225 344662.0
690694.6 334112.8
692322 325592.4
699378.1 309032.3
700351.3 306943.7
706826.4 302432.8
709080.8 301339.9
713370.6 300234.1
694159.4 296501.7
655276 295335.8
654353.9 343972.8
689225 344662.0
ID 19065
615590.9 343361.2
654353.9 343972.8
655276 295335.8
616329.9 294387.1
615860.6 323825.5
615590.9 343361.2
ID 19017
577249.3 323315.9
615860.6 323825.5
616329.9 294387.1
577535.6 293891.8
577249.3 323315.9
ID 19023
538811.3 323069.2
577249.3 323315.9
577535.6 293891.8
577744.3 284274.5
538872 284050.3
538811.3 323069.2
ID 19069
500112.1 323040.6
538811.3 323069.2
538872 284050.3
500044.1 284042.3
500112.1 323040.6
ID 19197
461474.5 323062.8
500112.1 323040.6
500044.1 284042.3
461263.2 284202.2
461305 293823.1
461474.5 323062.8
ID 19091
422967.4 323417.3
461474.5 323062.8
461305 293823.1
422647.9 294189.8
422967.4 323417.3
ID 19151
384482.1 324135.2
422967.4 323417.3
422647.9 294189.8
422547.2 284616.3
383801.4 285286.5
384482.1 324135.2
ID 19021
384482.1 324135.2
383801.4 285286.5
344933.7 286197.8
345762.9 324870.5
384482.1 324135.2
ID 19035
345762.9 324870.5
344933.7 286197.8
315899.6 286836.2
306162.6 287057.4
307253.6 325738.7
345762.9 324870.5
ID 19061
694159.4 296501.7
713370.6 300234.1
723926.1 297996.6
728004.6 296937.9
728923.6 296447.1
729478.3 295873.2
734472.2 286402.0
735295.9 283605.6
735299.5 282994.3
734988.8 282439.4
733816.7 280555.7
733776.4 280276.5
733813.2 279655.1
734020.8 279095
734644.9 278381.9
736534 276999
741974.3 274045.1
748914.5 269069.3
748948 269029.4
749125.7 268817.4
733465 268372.5
733739 258656
714572.8 258115
695439.5 257619.8
694159.4 296501.7
ID 19055
655276 295335.8
694159.4 296501.7
695439.5 257619.8
676222 257181.8
656946.1 256733.9
656689.5 265250.8
655573.8 275916
655301.5 286888.6
655276 295335.8
ID 19019
655276 295335.8
655301.5 286888.6
655573.8 275916
656689.5 265250.8
656946.1 256733.9
637635.5 256637.6
618365.4 256106.7
618144.8 272548.3
616680 275050.1
616329.9 294387.1
655276 295335.8
ID 19013
616329.9 294387.1
616680 275050.1
618144.8 272548.3
618365.4 256106.7
599066.3 255831.8
579696.8 255553.2
577744.3 284274.5
577535.6 293891.8
616329.9 294387.1
ID 19187
461305 293823.1
461263.2 284202.2
461203.5 274658.9
464481.8 274640
464345.4 245535.5
445116 245635.9
425873.3 245716.9
426167.6 275069.2
422437.1 275119.8
422547.2 284616.3
422647.9 294189.8
461305 293823.1
ID 19075
577744.3 284274.5
579696.8 255553.2
560496.3 245701.9
541167.1 245467.7
538872 284050.3
577744.3 284274.5
ID 19083
538872 284050.3
541167.1 245467.7
522163 245346.6
503053 245354.2
500044.1 284042.3
538872 284050.3
ID 19079
500044.1 284042.3
503053 245354.2
483610 245384.9
464345.4 245535.5
464481.8 274640
461203.5 274658.9
461263.2 284202.2
500044.1 284042.3
ID 19025
383801.4 285286.5
422547.2 284616.3
422437.1 275119.8
426167.6 275069.2
425873.3 245716.9
406774.6 245974.3
387809.8 246271.3
388402.3 275637.8
383643.5 275747.0
383801.4 285286.5
ID 19161
344933.7 286197.8
383801.4 285286.5
383643.5 275747.0
388402.3 275637.8
387809.8 246271.3
368609.8 246660.9
349417.7 247104.2
350120.7 276416.5
344758.9 276540.1
344933.7 286197.8
ID 19093
344933.7 286197.8
344758.9 276540.1
350120.7 276416.5
349417.7 247104.2
320720.3 247814.0
321557.6 277064.3
318871.5 277144.4
315697.3 278837.6
315899.6 286836.2
344933.7 286197.8
ID 19097
749125.7 268817.4
753927 263099
754145.6 262729.3
754188.1 262308.9
753628.5 259177.8
753136 258147.2
753138.4 258000.5
753147.1 257482.7
754193.5 254878.2
754269.1 254781.1
756557.2 251843.2
756636 251742.1
757997 250605.7
759533.7 249620.0
762943.7 248426.0
777003.4 231110.7
715413 229057.1
714572.8 258115
733739 258656
733465 268372.5
749125.7 268817.4
ID 19105
695439.5 257619.8
714572.8 258115
715413 229057.1
715688.1 219345.5
676950.6 218418.7
676222 257181.8
695439.5 257619.8
ID 19113
676222 257181.8
676950.6 218418.7
677168.7 208731.8
638521.6 208083.5
637635.5 256637.6
656946.1 256733.9
676222 257181.8
ID 19011
637635.5 256637.6
638521.6 208083.5
599785 207556.5
599066.3 255831.8
618365.4 256106.7
637635.5 256637.6
ID 19171
599066.3 255831.8
599785 207556.5
560936.5 207078.9
560496.3 245701.9
579696.8 255553.2
599066.3 255831.8
ID 19127
541167.1 245467.7
560496.3 245701.9
560936.5 207078.9
522263.2 206894.1
522163 245346.6
541167.1 245467.7
ID 19169
522163 245346.6
522263.2 206894.1
512626 206914.2
483549.7 206962.9
483610 245384.9
503053 245354.2
522163 245346.6
ID 19015
483610 245384.9
483549.7 206962.9
473768 206996.8
444857.7 207129.2
445116 245635.9
464345.4 245535.5
483610 245384.9
ID 19073
425873.3 245716.9
445116 245635.9
444857.7 207129.2
435202.2 207185.3
406286.7 207473
406774.6 245974.3
425873.3 245716.9
ID 19027
387809.8 246271.3
406774.6 245974.3
406286.7 207473
396645.7 207566.6
367747.5 208145.2
368609.8 246660.9
387809.8 246271.3
ID 19047
368609.8 246660.9
367747.5 208145.2
329202.4 208961.4
319618.0 209166.2
320720.3 247814.0
349417.7 247104.2
368609.8 246660.9
ID 19045
715413 229057.1
777003.4 231110.7
777623.1 219556.5
770768.4 203196.3
764759 196839.9
753457.2 200388.9
725605.4 200233.8
716283.8 199951.4
715688.1 219345.5
715413 229057.1
ID 19031
715688.1 219345.5
716283.8 199951.4
716735.2 180602.2
677856.2 179682.0
677168.7 208731.8
676950.6 218418.7
715688.1 219345.5
ID 19103
677168.7 208731.8
677856.2 179682.0
678155 160242.2
668513.9 160103.4
666544.5 167751.3
665221.4 169678.9
639452.1 169185.3
638521.6 208083.5
677168.7 208731.8
ID 19095
599785 207556.5
638521.6 208083.5
639452.1 169185.3
629716.3 168927.4
600385.2 168340.5
599785 207556.5
ID 19157
560936.5 207078.9
599785 207556.5
600385.2 168340.5
590819.9 168196.3
562067.3 167816.8
560936.5 207078.9
ID 19099
522263.2 206894.1
560936.5 207078.9
562067.3 167816.8
552479.2 167711.1
514307.8 167457.9
512626 206914.2
522263.2 206894.1
ID 19153
512626 206914.2
514307.8 167457.9
514328.6 165688.2
475750.1 167927.3
475772.3 177753.4
473822.3 182602.6
473768 206996.8
483549.7 206962.9
512626 206914.2
ID 19163
716283.8 199951.4
725605.4 200233.8
753457.2 200388.9
764759 196839.9
763152.4 184845.1
758660.2 179209.9
753556.3 173617.6
737562.7 166253.5
730783.4 164701.0
727930.4 164681.4
726702.9 164879.3
716735.2 180602.2
716283.8 199951.4
ID 19049
473768 206996.8
473822.3 182602.6
475772.3 177753.4
475750.1 167927.3
438093.7 167234.4
438198.3 178052.2
434973.3 178118.0
435202.2 207185.3
444857.7 207129.2
473768 206996.8
ID 19077
406286.7 207473
435202.2 207185.3
434973.3 178118.0
438198.3 178052.2
438093.7 167234.4
399781.1 167725.1
399911.7 178614.6
396358.8 183529.7
396645.7 207566.6
406286.7 207473
ID 19009
367747.5 208145.2
396645.7 207566.6
396358.8 183529.7
399911.7 178614.6
399781.1 167725.1
371364.6 168235.1
371558.9 179045.9
367236.3 179115.8
367747.5 208145.2
ID 19165
329202.4 208961.4
367747.5 208145.2
367236.3 179115.8
371558.9 179045.9
371364.6 168235.1
361850.7 168462.9
333187.6 169155.7
333449.9 179848.2
328448.4 179960.2
329202.4 208961.4
ID 19139
716735.2 180602.2
726702.9 164879.3
721596.6 164958.1
721586.7 164958.2
709758.3 162045.3
706625.8 161026.9
705701.6 160475.8
705632 160434.3
705597.6 160387.9
704992.6 159570.5
704991.7 159569.3
704931 159352.2
703626.9 154697.3
702567.5 150920.7
678324 150552.7
678155 160242.2
677856.2 179682.0
716735.2 180602.2
ID 19183
639452.1 169185.3
665221.4 169678.9
666544.5 167751.3
668513.9 160103.4
669018.1 131038.7
649718 130665.0
630426.7 130368.8
629716.3 168927.4
639452.1 169185.3
ID 19107
600385.2 168340.5
629716.3 168927.4
630426.7 130368.8
610773.4 129947.1
591464.2 129587.5
590819.9 168196.3
600385.2 168340.5
ID 19123
562067.3 167816.8
590819.9 168196.3
591464.2 129587.5
572144.4 129316.8
552890 129102.3
552479.2 167711.1
562067.3 167816.8
ID 19125
552479.2 167711.1
552890 129102.3
533636.2 128978.4
514453.4 128900.3
514328.6 165688.2
514307.8 167457.9
552479.2 167711.1
ID 19121
475750.1 167927.3
475741.2 129066.6
456843.7 128584.1
437759.3 128758.2
438093.7 167234.4
475750.1 167927.3
ID 19181
514328.6 165688.2
514453.4 128900.3
495186.4 128966.3
475741.2 129066.6
475750.1 167927.3
514328.6 165688.2
ID 19001
438093.7 167234.4
437759.3 128758.2
418538.2 128996.6
399238.5 129298.8
399781.1 167725.1
438093.7 167234.4
ID 19029
399781.1 167725.1
399238.5 129298.8
380188.8 129617.7
361037 130066.7
361850.7 168462.9
371364.6 168235.1
399781.1 167725.1
ID 19115
668513.9 160103.4
678155 160242.2
678324 150552.7
702567.5 150920.7
702561.2 150898.3
699935.1 141556.2
700006.5 140599.6
700049.2 140546.5
705553.9 133714.0
708176.3 132330.5
709309.3 132442.0
709956.3 132120.8
710669.8 131380.6
714472.9 124927.2
714319.4 122265.2
678917.2 121472.9
669018.1 131038.7
668513.9 160103.4
ID 19087
669018.1 131038.7
678917.2 121472.9
676374.4 92366.62
650266 91866.53
650114.7 101570.2
649718 130665.0
669018.1 131038.7
ID 19101
649718 130665.0
650114.7 101570.2
611303 100757.4
610773.4 129947.1
630426.7 130368.8
649718 130665.0
ID 19179
591464.2 129587.5
610773.4 129947.1
611303 100757.4
572532.5 100179.8
572144.4 129316.8
591464.2 129587.5
ID 19135
572144.4 129316.8
572532.5 100179.8
533906.9 99849.86
533636.2 128978.4
552890 129102.3
572144.4 129316.8
ID 19117
514453.4 128900.3
533636.2 128978.4
533906.9 99849.86
495226.3 99738.34
495186.4 128966.3
514453.4 128900.3
ID 19039
495186.4 128966.3
495226.3 99738.34
456621.5 99742
456843.7 128584.1
475741.2 129066.6
495186.4 128966.3
ID 19057
714319.4 122265.2
714399.7 121993.6
714677.3 121055.7
715042.4 118063.7
714465.9 109086.3
713661.1 105831.0
713168.1 105168.9
710719 103875.2
709813.6 103009.9
703028.7 93988.66
702682.9 92574.26
701786.4 80090.27
676374.4 92366.62
678917.2 121472.9
714319.4 122265.2
ID 19175
437759.3 128758.2
456843.7 128584.1
456621.5 99742
418188.6 100334.3
418538.2 128996.6
437759.3 128758.2
ID 19003
418538.2 128996.6
418188.6 100334.3
379629.8 101007.0
380188.8 129617.7
399238.5 129298.8
418538.2 128996.6
ID 19137
361037 130066.7
380188.8 129617.7
379629.8 101007.0
341191.2 101836.3
341952.1 130415.5
361037 130066.7
ID 19177
611303 100757.4
650114.7 101570.2
650266 91866.53
650929 68013.18
631759.5 68465.07
611740.9 67536.03
611303 100757.4
ID 19051
611303 100757.4
611740.9 67536.03
597273.8 66969.16
572978.9 65975.18
572532.5 100179.8
611303 100757.4
ID 19007
572532.5 100179.8
572978.9 65975.18
566503 65770.98
534093.8 64933
533906.9 99849.86
572532.5 100179.8
ID 19185
533906.9 99849.86
534093.8 64933
510635 64453.14
495182.5 64436.01
495226.3 99738.34
533906.9 99849.86
ID 19053
456621.5 99742
495226.3 99738.34
495182.5 64436.01
476771.2 64176.72
456350.8 63861.85
456621.5 99742
ID 19159
418188.6 100334.3
456621.5 99742
456350.8 63861.85
437996.2 63770.66
417760.1 63848.62
418188.6 100334.3
ID 19173
418188.6 100334.3
417760.1 63848.62
404143.6 64053.34
380200.6 64835.03
380625.4 81746.19
379324.2 81766.34
379629.8 101007.0
418188.6 100334.3
ID 19145
379629.8 101007.0
379324.2 81766.34
380625.4 81746.19
380200.6 64835.03
355865.7 65655.63
341355.5 66172.9
341523.4 74471.6
340868.5 86880.45
341191.2 101836.3
379629.8 101007.0
ID 19111
650266 91866.53
676374.4 92366.62
701786.4 80090.27
695734.6 73432.18
692982 73428.67
690775 73331.32
690101.6 73301.75
690054.3 73299.67
685567.1 71882
685447.7 71818.01
684942.3 71547.25
682794.6 70397.1
682042.4 69957.12
681774.6 69695.63
681450.3 69379.04
681121.5 69057.97
677408.8 63728.63
677291.4 62938.92
677544.8 62008.63
679226.4 61140.83
680587 59128.4
681031.8 57752.03
681084.4 56651.3
680593.3 46761.76
680576 46688.39
680347.6 45720.38
679417.4 45015.03
679295.7 44922.75
676676.4 44119.27
671136.1 44614.84
667663.6 47519.23
659381 58039.74
659120 58836.93
659440 61028.42
659250.6 61778.18
652680.2 66896.16
650929 68013.18
650266 91866.53
ID 19119
249233.2 393316.5
261033 392901.2
293399.4 391849.8
308916.0 391388.1
308104.5 364460.1
249876.6 366570.1
249233.2 393316.5
ID 19167
249876.6 366570.1
308104.5 364460.1
307253.6 325738.7
253066.4 327392.2
259291.1 346569.8
260690.7 349921.4
260940.2 350683.3
258148.9 361923.8
257373.4 362298.5
251535.2 362502.3
249876.6 366570.1
ID 19149
307253.6 325738.7
306162.6 287057.4
255302.4 288652.7
252561.0 296438
250544.5 299877.2
247931.4 302407.3
245803.2 304124.5
249514.9 318850.9
253066.4 327392.2
307253.6 325738.7
ID 19193
306162.6 287057.4
315899.6 286836.2
315697.3 278837.6
318871.5 277144.4
321557.6 277064.3
320720.3 247814.0
264134.8 249865.8
265346.9 256653.9
262979.9 261389.9
262387.2 274098.9
263006 275623.5
263012.9 277324.1
262717.8 278601.2
261878.9 279852
260798.7 280277.2
258011.6 280582.2
255302.4 288652.7
306162.6 287057.4
ID 19133
320720.3 247814.0
319618.0 209166.2
280860.4 210569.4
270460.7 231015.1
264134.8 249865.8
320720.3 247814.0
ID 19085
329202.4 208961.4
328448.4 179960.2
333449.9 179848.2
333187.6 169155.7
292875.4 170291.9
281749 190159.7
280860.4 210569.4
319618.0 209166.2
329202.4 208961.4
ID 19155
333187.6 169155.7
361850.7 168462.9
361037 130066.7
341952.1 130415.5
302505.7 131471.1
296750.9 135089.8
296145.7 157559.2
292875.4 170291.9
333187.6 169155.7
ID 19129
341952.1 130415.5
341191.2 101836.3
304279.1 102745.6
301035.5 118934.6
302505.7 131471.1
341952.1 130415.5
ID 19071
304279.1 102745.6
341191.2 101836.3
340868.5 86880.45
341523.4 74471.6
341355.5 66172.9
308210.1 67484.58
301308.1 89727.45
304279.1 102745.6
