ID 16
444620.3 561104.4
445131.2 561059.4
448409.1 561642.1
454467.4 552038.1
454649.6 551961
463096.4 551807
464688.5 552593.1
465793.5 553271.9
467684.9 554022.7
471669.9 554231
473238.7 553386.5
473624.2 553120.6
474127.3 552773.6
474646.5 551553.4
474636 549041.3
473418.5 541058.7
470950.9 529907.9
467106.8 513732.1
455966.5 456469.5
456055.7 441302.9
456141.6 433647.1
456145.9 433266.3
456433.9 433024.2
459859.6 433199.7
463015.4 433018.4
464045.9 432790.7
471342.9 425010.4
472560.6 422453.7
472566.8 422440.5
475789.4 422526.2
489440.5 432272.1
497277.2 442322
503250.5 447447.4
505124.4 446131.7
514516 437069.4
515226.1 435798.9
517743.8 427271.3
518312.2 424039.5
517661.4 422053.2
518715.6 415513.6
520480.8 406988.4
540967.6 364920.7
557079.4 349751.8
559538 350912.6
562661.2 349285.2
566621.8 346303
568509.7 344356.0
571218.9 339460.2
575252.8 330406.0
575433.5 329566.9
575112.4 328652.6
574858.5 328368.5
577372 314757.3
579310.2 309768.5
581989.6 307147.7
589592.6 301404.8
591714.2 301065.3
593126 302265.9
593636 303601.3
593653 303879.4
593782.8 308104.3
594547.9 310033.7
596943.2 313794.2
601855.9 316031.7
630538 314536.5
641315.3 321125.1
663032.9 323108.4
679298 321717.7
689311.2 323407.6
699568 341083.9
707642.2 346070.8
712018.8 343179.9
720678.6 332138.7
726020.1 323021.1
727421.1 320634.3
734787.5 316107.7
736817.3 261588.7
738963.2 207998.5
739741 187415.5
740938.9 154568.2
742741 98257
744676.7 41417.04
706522.7 39974.94
656628.6 38429.14
652120.3 38286.86
645937.3 38653.65
645883.3 38656.87
628344.2 38288.44
606924.1 37861.61
582781.1 37307.03
549527.7 36545.74
547097.6 36488.99
519511.1 35877.46
516896.8 35831.33
509822.6 35715.84
508844.6 35700.44
502139.7 36038.05
496543.1 36324.74
476647.2 36422.8
458717.5 36541.63
436719.6 37293.54
424262.4 37415.61
413978.4 37101.43
335386.9 38768.76
292001.5 39748.81
282365.8 40110.76
249930.4 41359.58
249277 41482.1
255956.2 228194.4
260579.7 250180.9
262149.6 254393.4
264534.3 262121.2
265272.1 274762.0
268236.7 280227.4
268340.3 280418.5
268412.7 280693.9
268493.8 281002.2
268511.2 281068.5
268503.2 281177.8
268420.7 282303.9
267970.9 283098.1
267893.5 283234.7
262299.2 290486.2
261434.0 290810.6
258198.1 291307.9
257747.0 291247.9
257091.5 290767.2
246837.0 292850.9
245323.8 294586.4
244864.5 296114.5
244806.1 297036.1
244911.4 297654
244187.5 316103.1
244782.6 318197.2
257417.8 344554.8
258923.0 346501
259406.5 346821.1
261183.4 347577.6
268038.3 351411.4
271398.7 356662.1
273229.2 359526.4
274667.2 361778.4
276419.6 366663.3
276457.9 366770.2
276194.6 367627.9
275522.1 368620
275076.3 369612
274559.4 371843.8
275730 376147.6
277739.3 378801.5
280811.7 382864.8
288774.0 403603.6
290374.0 409519.8
300433.9 428950.3
306361.8 437829.6
307809 440253.2
307863.6 441697.6
302650.1 455037
301765.5 457047.5
301749.9 457082.9
299910.1 458707.5
298280.4 460147.8
298258.1 460167.5
298242.8 460171.1
295232.8 460889.6
287446.3 465755.2
283369.2 468309.9
283055.0 468709.6
282593.2 469297.1
274114.4 485073.5
272255.6 492571.8
274037.1 503269.8
271820.4 512637.7
269993.4 518526.9
269806.9 518913.9
265612.6 528150.5
266354.9 533225.3
266855.3 546158.2
269372.9 611234.2
269929.7 625909.6
270405.1 637774.1
272922.8 705742.7
273236.9 713320.9
277401.5 802346.3
278139.8 819313.6
350071.9 817096.5
348577.3 761629
347714.1 729702.4
347079.2 703253.2
350059.7 699608.9
370233.6 672216
370416.3 671873.2
370566.7 671591
370619.4 671492.1
370691.6 671085.9
371787.8 664925.2
370514.7 658108.4
369319.1 652915.1
369544.3 643777.8
369557 643718.7
370144.8 640990.9
384769.3 626958.6
386620.2 625880.7
388094.2 625023
392431.3 623791
398650 622556.3
400078.1 621875.2
409479.1 608081.2
418418.6 594690.8
423151.9 588775.2
425691.9 585607.4
429220.7 574788.4
429243.2 574750.5
429772.7 573859.9
443480.3 561205.1
444620.3 561104.4
