ID 16021
278139.8 819313.6
350071.9 817096.5
348577.3 761629
294219.3 763187.2
295017.4 782472.8
295606.0 801746.8
277401.5 802346.3
278139.8 819313.6
ID 16017
277401.5 802346.3
295606.0 801746.8
295017.4 782472.8
294219.3 763187.2
348577.3 761629
347714.1 729702.4
347079.2 703253.2
346144.4 704543.9
341389.6 709318.9
333834.6 713409.9
332889.7 713768.4
329929.0 712946
326266.5 708380.7
326201.3 706751.1
326305.2 694197.6
312680.8 694606.5
313110.0 705865.2
303495.1 706187.6
293285.1 705489.6
272922.8 705742.7
273236.9 713320.9
277401.5 802346.3
ID 16055
272922.8 705742.7
293285.1 705489.6
303495.1 706187.6
313110.0 705865.2
312680.8 694606.5
326305.2 694197.6
324213.6 641233.6
304818.3 641944.7
302089.5 640434.8
301474.1 637975.3
280905.1 637390.8
270405.1 637774.1
272922.8 705742.7
ID 16079
326305.2 694197.6
326201.3 706751.1
326266.5 708380.7
329929.0 712946
332889.7 713768.4
333834.6 713409.9
341389.6 709318.9
346144.4 704543.9
347079.2 703253.2
350059.7 699608.9
370233.6 672216
370416.3 671873.2
370566.7 671591
370619.4 671492.1
370691.6 671085.9
371787.8 664925.2
370514.7 658108.4
369319.1 652915.1
369544.3 643777.8
369557 643718.7
370144.8 640990.9
384769.3 626958.6
386620.2 625880.7
388094.2 625023
392431.3 623791
398650 622556.3
400078.1 621875.2
409479.1 608081.2
418418.6 594690.8
423151.9 588775.2
425691.9 585607.4
322617.1 587956.5
322907.9 597731.7
324213.6 641233.6
326305.2 694197.6
ID 16009
270405.1 637774.1
280905.1 637390.8
301474.1 637975.3
302089.5 640434.8
304818.3 641944.7
324213.6 641233.6
322907.9 597731.7
313125.2 597986.4
289395.8 600496.5
269372.9 611234.2
269929.7 625909.6
270405.1 637774.1
ID 16057
269372.9 611234.2
289395.8 600496.5
313125.2 597986.4
322907.9 597731.7
322617.1 587956.5
321756.9 558324.2
318371.2 554072.7
311940 554302.9
300089.0 554884.2
299265.9 554755.8
296240.5 552885.8
293225.3 550172.8
292547 548779.1
292633.6 548409.1
291547 545368.8
266855.3 546158.2
269372.9 611234.2
ID 16035
322617.1 587956.5
425691.9 585607.4
429220.7 574788.4
429243.2 574750.5
429772.7 573859.9
443480.3 561205.1
444620.3 561104.4
445131.2 561059.4
448409.1 561642.1
454467.4 552038.1
407246.3 542144.9
374853.3 535367
374736.7 535265.7
366669.2 520975.9
365199.5 516050.5
364188 514370.4
362874 512705
361679.7 512612.7
360066.1 512853
347891.5 516002.9
347410.1 516273.9
344956.1 518651.4
343082.6 521385
334962.6 524573.5
333011.6 525038.7
332614.2 527002.8
332155.1 528419.9
331129.9 529703.7
321518.6 532949.7
318032.3 536075.3
318134.1 539722.7
316336.5 539902.2
311797.9 539155.6
311695.6 546210.9
311940 554302.9
318371.2 554072.7
321756.9 558324.2
322617.1 587956.5
ID 16069
266855.3 546158.2
291547 545368.8
292633.6 548409.1
292547 548779.1
293225.3 550172.8
296240.5 552885.8
299265.9 554755.8
300089.0 554884.2
311940 554302.9
311695.6 546210.9
311797.9 539155.6
316336.5 539902.2
318134.1 539722.7
318032.3 536075.3
317558.0 536300.2
316773.2 536370.1
314880 536334.5
314468.5 536181.7
314839.4 534690.2
315323.3 533393.6
318270.3 527704.2
318378.2 524348.4
318188.4 523336.8
317626.4 522292.8
308274.2 520621.5
291036.4 521202.3
290991.0 518809.1
291184.4 518064.8
290695.2 484573.3
289411.8 483782.5
287378.8 481504.4
286870.7 480720.8
286249.3 478789.1
286408.6 477485.1
286946.9 475955.8
287525.9 475401.8
288090.1 474414.3
288093.8 473258.7
286936.2 471126.9
286440.6 470558.4
283503.5 469178.8
282593.2 469297.1
274114.4 485073.5
272255.6 492571.8
274037.1 503269.8
271820.4 512637.7
269993.4 518526.9
269806.9 518913.9
265612.6 528150.5
266354.9 533225.3
266855.3 546158.2
ID 16061
333011.6 525038.7
340217.2 512043.4
328129.4 501701.1
312607.7 506820.2
310868.8 506174.2
310667.6 505834.5
298135.1 488644.8
290695.2 484573.3
291184.4 518064.8
290991.0 518809.1
291036.4 521202.3
308274.2 520621.5
317626.4 522292.8
318188.4 523336.8
318378.2 524348.4
318270.3 527704.2
315323.3 533393.6
314839.4 534690.2
314468.5 536181.7
314880 536334.5
316773.2 536370.1
317558.0 536300.2
318032.3 536075.3
321518.6 532949.7
331129.9 529703.7
332155.1 528419.9
332614.2 527002.8
333011.6 525038.7
ID 16049
473624.2 553120.6
474127.3 552773.6
474646.5 551553.4
474636 549041.3
473418.5 541058.7
470950.9 529907.9
467106.8 513732.1
455966.5 456469.5
456055.7 441302.9
456141.6 433647.1
456145.9 433266.3
456433.9 433024.2
453517.5 429873
446871.9 423702.5
442575.5 425018.5
441309.2 425875.8
440446.5 426992.0
439510.2 427657.8
438448.9 427580.3
438012.9 427143.2
437634.7 425810.2
437572.8 423521.2
437791.3 419517.8
437912.6 419127.6
441378.9 415737.9
446343.1 411184
450999.3 404771.5
445461.2 392450.6
344756.9 393936.2
333237.8 390106.9
331981.9 387766.4
331185.7 385148.7
331236.3 384508.7
318625.9 385001.7
318705.5 386126.3
319155.7 386573.6
319759.9 389292.8
318926.9 394300.7
316932.9 400850.4
316147 402770
288774.0 403603.6
290374.0 409519.8
300433.9 428950.3
306361.8 437829.6
307809 440253.2
307863.6 441697.6
302650.1 455037
301765.5 457047.5
301749.9 457082.9
299910.1 458707.5
298280.4 460147.8
298258.1 460167.5
298242.8 460171.1
295232.8 460889.6
287446.3 465755.2
283369.2 468309.9
283055.0 468709.6
282593.2 469297.1
283503.5 469178.8
286440.6 470558.4
286936.2 471126.9
288093.8 473258.7
288090.1 474414.3
287525.9 475401.8
286946.9 475955.8
286408.6 477485.1
286249.3 478789.1
286870.7 480720.8
287378.8 481504.4
289411.8 483782.5
290695.2 484573.3
298135.1 488644.8
310667.6 505834.5
310868.8 506174.2
312607.7 506820.2
328129.4 501701.1
340217.2 512043.4
333011.6 525038.7
334962.6 524573.5
343082.6 521385
344956.1 518651.4
347410.1 516273.9
347891.5 516002.9
360066.1 512853
361679.7 512612.7
362874 512705
364188 514370.4
365199.5 516050.5
366669.2 520975.9
374736.7 535265.7
374853.3 535367
407246.3 542144.9
454467.4 552038.1
454649.6 551961
463096.4 551806.9
464688.5 552593.1
465793.5 553271.9
467684.9 554022.7
471669.9 554231
473238.7 553386.5
473624.2 553120.6
ID 16059
503250.5 447447.4
505124.4 446131.7
514516 437069.4
515226.1 435798.9
517743.8 427271.3
518312.2 424039.5
517661.4 422053.2
518715.6 415513.6
520480.8 406988.4
540967.6 364920.7
557079.4 349751.8
559538 350912.6
562661.2 349285.2
566621.8 346303
568509.7 344356.0
571218.9 339460.2
575252.8 330406.0
575433.5 329566.9
575112.4 328652.6
574858.5 328368.5
577372 314757.3
579310.2 309768.5
581989.6 307147.7
589592.6 301404.8
591714.2 301065.3
593126 302265.9
593636 303601.3
593653 303879.4
594530.1 301752
594758.2 285483.2
585108 285334.7
580255.4 285680.6
554294.1 285309.2
553825 290025.6
552661.2 294613.5
550948.7 297698
544825.2 308189.3
544018.7 309494.4
543568.5 309954.1
542549.8 309936.2
541878 309220.7
540934.1 307497.1
539968 306451.2
539517.3 306245.6
536658.3 306474.7
535580.4 306669.6
526649.2 309453.5
514380 314250.0
486773.3 341560.4
484815.7 350785.1
484508.7 354697.4
482523 356902.6
475766.7 349740.8
473014.1 346578.6
471382.6 342740.7
470440.3 338073.4
469388.9 333975.7
469138 333490
464194.5 327363.7
462102.9 325319.8
455310.9 323328.0
454826.4 323402.4
452071.4 325644.9
436396.8 339513.1
435460.9 341173.6
435078.5 342561.9
435760.5 349318.7
439176.6 355607.1
441970.9 365119.1
442717.8 375616.1
442556 380778.9
442635.5 386864.6
443283.4 390161.2
444127.3 391414
445461.2 392450.6
450999.3 404771.5
446343.1 411184
441378.9 415737.9
437912.6 419127.6
437791.3 419517.8
437572.8 423521.2
437634.7 425810.2
438012.9 427143.2
438448.9 427580.3
439510.2 427657.8
440446.5 426992.0
441309.2 425875.8
442575.5 425018.5
446871.9 423702.5
453517.5 429873
456433.9 433024.2
459859.6 433199.7
463015.4 433018.4
464045.9 432790.7
471342.9 425010.4
472560.6 422453.7
472566.8 422440.5
475789.4 422526.2
489440.5 432272.1
497277.2 442322
503250.5 447447.4
ID 16003
288774.0 403603.6
316147 402770
316932.9 400850.4
318926.9 394300.7
319759.9 389292.8
319155.7 386573.6
318705.5 386126.3
318625.9 385001.7
331236.3 384508.7
335454.6 379459.9
333110.9 368332.2
331843.7 366074.5
331144.5 365962.4
329924.4 366369.9
327300 360134.8
326670.9 357566.6
325208.6 348530.5
326554.9 326805
328452.3 316899.9
316935.3 311113.5
309575.6 311314.0
306735.7 312209.6
298993.7 316824.5
293364.6 330804
291884.2 336223.8
292473.1 355747.5
271398.7 356662.1
273229.2 359526.4
274667.2 361778.4
276419.6 366663.3
276457.9 366770.2
276194.6 367627.9
275522.1 368620
275076.3 369612
274559.4 371843.8
275730 376147.6
277739.3 378801.5
280811.7 382864.8
288774.0 403603.6
ID 16085
331236.3 384508.7
331185.7 385148.7
331981.9 387766.4
333237.8 390106.9
344756.9 393936.2
445461.2 392450.6
444127.3 391414
443283.4 390161.2
442635.5 386864.6
442556 380778.9
442717.8 375616.1
441970.9 365119.1
439176.6 355607.1
435760.5 349318.7
425103.3 340033.2
424330.1 339734.7
420797.2 340253.1
417668.2 343170.1
414909.7 344766.1
413522.4 344944.2
410111.4 342504.7
398418.3 327993
396355.7 324410.5
396840.6 321391.6
397371.1 319616.9
398180.5 317657.6
400161.3 317420
400553.8 317815.3
400814.1 317727.7
401514.2 316774.9
402413.3 313406.1
402215.3 306996.6
401924.0 306111.3
400704.3 303030.1
399592.2 301175
397584.8 298461
396775.0 297722.1
387578.5 289428.7
383603.6 287219.4
379926.7 286415.2
332017.7 287637.1
330442.9 280355.6
323032.9 278392.0
323555.6 297606.0
328324.3 297491.2
328824.7 316887.0
328452.3 316899.9
326554.9 326805
325208.6 348530.5
326670.9 357566.6
327300 360134.8
329924.4 366369.9
331144.5 365962.4
331843.7 366074.5
333110.9 368332.2
335454.6 379459.9
331236.3 384508.7
ID 16087
271398.7 356662.1
292473.1 355747.5
291884.2 336223.8
293364.6 330804
298993.7 316824.5
306735.7 312209.6
309575.6 311314.0
316935.3 311113.5
313834.6 302525.3
312940.6 297830.2
312822.6 290433
311830.3 281384.1
311320.0 278685.6
303842.8 278943.4
268236.7 280227.4
268340.3 280418.5
268412.7 280693.9
268493.8 281002.2
268511.2 281068.5
268503.2 281177.8
268420.7 282303.9
267970.9 283098.1
267893.5 283234.7
262299.2 290486.2
261434.0 290810.6
258198.1 291307.9
257747.0 291247.9
257091.5 290767.2
246837.0 292850.9
245323.8 294586.4
244864.5 296114.5
244806.1 297036.1
244911.4 297654
244187.5 316103.1
244782.6 318197.2
257417.8 344554.8
258923.0 346501
259406.5 346821.1
261183.4 347577.6
268038.3 351411.4
271398.7 356662.1
ID 16037
396775.0 297722.1
397584.8 298461
399592.2 301175
400704.3 303030.1
401924.0 306111.3
402215.3 306996.6
402413.3 313406.1
401514.2 316774.9
400814.1 317727.7
400553.8 317815.3
400161.3 317420
398180.5 317657.6
397371.1 319616.9
396840.6 321391.6
396355.7 324410.5
398418.3 327993
410111.4 342504.7
413522.4 344944.2
414909.7 344766.1
417668.2 343170.1
420797.2 340253.1
424330.1 339734.7
425103.3 340033.2
435760.5 349318.7
435078.5 342561.9
435460.9 341173.6
436396.8 339513.1
452071.4 325644.9
454826.4 323402.4
455310.9 323328.0
462102.9 325319.8
464194.5 327363.7
469138 333490
469388.9 333975.7
470440.3 338073.4
471382.6 342740.7
473014.1 346578.6
475766.7 349740.8
482523 356902.6
484508.7 354697.4
484815.7 350785.1
486773.3 341560.4
514380 314250.0
526649.2 309453.5
535580.4 306669.6
536658.3 306474.7
539517.3 306245.6
539968 306451.2
540934.1 307497.1
541878 309220.7
542549.8 309936.2
543568.5 309954.1
544018.7 309494.4
544825.2 308189.3
550948.7 297698
552661.2 294613.5
553825 290025.6
554294.1 285309.2
546594.7 285272.7
543438.7 265916.8
543411.2 262783.1
544531.3 249877.6
544817 238080.8
538291.5 228402.7
525997 221611.7
519171.6 216128.6
516479.7 211969.9
516315.2 211309.8
515185.9 213744.5
514096.2 215331.6
511073.7 219108.8
509721.2 220369.1
502136.2 226665.3
477294.1 245015.4
473872.9 246643.4
461858 247814.5
453103.4 245486.7
445303.6 251393.8
434728.3 258737.0
429942.2 258774.9
428803.5 258367.6
426087.1 256759.6
425254.6 256105.4
422022.2 252780.2
420472.7 254086.6
422277.1 256706.3
422403.3 257667.1
418603.2 275579.4
417915.4 277308.7
401711.5 293931.6
396775.0 297722.1
ID 16045
328452.3 316899.9
328824.7 316887.0
328324.3 297491.2
323555.6 297606.0
323032.9 278392.0
318157.8 278511.1
317065.2 240800.7
317024.9 240250.3
316409.8 240276.2
297833.7 240845.5
281731.2 241305.4
282373.4 260691.7
293630.5 260227.7
303515.7 269375.6
303842.8 278943.4
311320.0 278685.6
311830.3 281384.1
312822.6 290433
312940.6 297830.2
313834.6 302525.3
316935.3 311113.5
328452.3 316899.9
ID 16075
268236.7 280227.4
303842.8 278943.4
303515.7 269375.6
293630.5 260227.7
282373.4 260691.7
281731.2 241305.4
260579.7 250180.9
262149.6 254393.4
264534.3 262121.2
265272.1 274762.0
268236.7 280227.4
ID 16015
396775.0 297722.1
401711.5 293931.6
417915.4 277308.7
418603.2 275579.4
422403.3 257667.1
422277.1 256706.3
420472.7 254086.6
414324.6 253121.4
397426.1 253563.3
379846.2 248210.8
378382.7 247096.5
371249.7 237450.1
368369.3 232278.7
365827.7 226917
363993.3 224453.2
362239.4 223197.8
352166.4 217097.3
345974.4 215711.4
341488.6 215414.1
340454.4 215689
340069.7 215083.2
328891.1 227082.5
316409.8 240276.2
317024.9 240250.3
317065.2 240800.7
318157.8 278511.1
323032.9 278392.0
330442.9 280355.6
332017.7 287637.1
379926.7 286415.2
383603.6 287219.4
387578.5 289428.7
396775.0 297722.1
ID 16043
707642.2 346070.8
712018.8 343179.9
720678.6 332138.7
726020.1 323021.1
727421.1 320634.3
734787.5 316107.7
736817.3 261588.7
708886.8 253946.6
708631.5 253527.5
708356.4 253379.0
696184.8 249135.0
685191.5 248816.6
673669.8 253396.7
662461 253122.7
662321.8 257955.2
647934.8 257668.3
647754 267257.2
657504.7 267446.4
666936 277322.4
671253.2 282293.1
671492.8 289548.9
671327.1 296655.0
676011.9 303224.9
682740.3 306351.8
689767.1 306576.5
689311.2 323407.6
699568 341083.9
707642.2 346070.8
ID 16033
689311.2 323407.6
689767.1 306576.5
682740.3 306351.8
676011.9 303224.9
671327.1 296655.0
671492.8 289548.9
671253.2 282293.1
666936 277322.4
657504.7 267446.4
647754 267257.2
604587.2 266518.4
604711.1 256905.6
580705.1 256620.7
580255.4 285680.6
585108 285334.7
594758.2 285483.2
594530.1 301752
593653 303879.4
593782.8 308104.3
594547.9 310033.7
596943.2 313794.2
601855.9 316031.7
630538 314536.5
641315.3 321125.1
663032.9 323108.4
679298 321717.7
689311.2 323407.6
ID 16027
260579.7 250180.9
281731.2 241305.4
297833.7 240845.5
297225.1 221587.0
299213.9 217212.2
300026 208534
299812.6 202084.7
297533.3 195897.8
296165.2 183407.3
290560.1 185664.4
275250.8 204454.7
274999.7 204985
274886.6 209258.6
274663.2 211212.5
273426.0 214502.8
272598.1 216060.5
270268.8 218040.7
258852.4 227032.4
255956.2 228194.4
260579.7 250180.9
ID 16001
297833.7 240845.5
316409.8 240276.2
328891.1 227082.5
340069.7 215083.2
340454.4 215689
339924.1 190491.7
339733.0 181750.7
338958.7 162599.2
315558.6 163095.4
314109.1 163962.3
311876.9 165784.3
308604.1 169250.7
306135.0 172214.7
306048.4 172476.8
306256.0 174778.7
306959.5 176440.5
306917.6 177486.5
304404.5 182500.3
303215.3 183586.3
302565.0 183905.3
296165.2 183407.3
297533.3 195897.8
299812.6 202084.7
300026 208534
299213.9 217212.2
297225.1 221587.0
297833.7 240845.5
ID 16023
580255.4 285680.6
580705.1 256620.7
604711.1 256905.6
605130.1 218135.2
605139.1 208937.7
595780.6 198664.1
586052.8 198570.5
586098.1 189468.6
585445.7 180266.8
580567.7 180215.6
551787.4 179918.5
551716.9 189092.3
529546.7 188995.1
529525.9 197593.9
531009.5 199106.0
529595.6 203417.4
524672.8 212493.7
524181.7 213104.8
521973.7 213666.0
520334.6 213387.2
516315.2 211309.8
516479.7 211969.9
519171.6 216128.6
525997 221611.7
538291.5 228402.7
544817 238080.8
544531.3 249877.6
543411.2 262783.1
543438.7 265916.8
546594.7 285272.7
554294.1 285309.2
580255.4 285680.6
ID 16073
255956.2 228194.4
258852.4 227032.4
270268.8 218040.7
272598.1 216060.5
273426.0 214502.8
274663.2 211212.5
274886.6 209258.6
274999.7 204985
275250.8 204454.7
290560.1 185664.4
296165.2 183407.3
302565.0 183905.3
303215.3 183586.3
304404.5 182500.3
306917.6 177486.5
306959.5 176440.5
306256.0 174778.7
306048.4 172476.8
306135.0 172214.7
308604.1 169250.7
311876.9 165784.3
314109.1 163962.3
315558.6 163095.4
315976.3 162047.8
320708 155883.6
329605.5 148883.5
335692.5 144567.9
336713.2 144348
353434.6 143990.4
382326.6 141431.3
381876 135535.1
381121.6 132603.1
380973.5 123323.1
415070.7 122902.5
413978.4 37101.43
335386.9 38768.76
292001.5 39748.81
282365.8 40110.76
249930.4 41359.58
249277 41482.1
255956.2 228194.4
ID 16039
420472.7 254086.6
422022.2 252780.2
420461.1 243962
419537.4 243120.2
417758.4 239164.5
417073.1 236976.2
412559.5 215794.5
411936.9 189812.1
411697.3 170715.7
415307.8 138850.4
415070.7 122902.5
380973.5 123323.1
381121.6 132603.1
381876 135535.1
382326.6 141431.3
353434.6 143990.4
336713.2 144348
335692.5 144567.9
329605.5 148883.5
320708 155883.6
315976.3 162047.8
315558.6 163095.4
338958.7 162599.2
339733.0 181750.7
339924.1 190491.7
340454.4 215689
341488.6 215414.1
345974.4 215711.4
352166.4 217097.3
362239.4 223197.8
363993.3 224453.2
365827.7 226917
368369.3 232278.7
371249.7 237450.1
378382.7 247096.5
379846.2 248210.8
397426.1 253563.3
414324.6 253121.4
420472.7 254086.6
ID 16013
422022.2 252780.2
425254.6 256105.4
426087.1 256759.6
428803.5 258367.6
429942.2 258774.9
434728.3 258737.0
445303.6 251393.8
453103.4 245486.7
461858 247814.5
473872.9 246643.4
477294.1 245015.4
502136.2 226665.3
509721.2 220369.1
511073.7 219108.8
514096.2 215331.6
515185.9 213744.5
516315.2 211309.8
520334.6 213387.2
521973.7 213666.0
524181.7 213104.8
524672.8 212493.7
529595.6 203417.4
531009.5 199106.0
529525.9 197593.9
529546.7 188995.1
551716.9 189092.3
551787.4 179918.5
580567.7 180215.6
580766.8 160910.3
561570.5 160719.2
561820.4 131515.6
562457.8 121982.7
562545.8 112325
562593.3 106755.8
561808.4 105826.1
561354.9 105705.2
556856.8 107120.4
555340.6 108572.0
552571.4 111628.5
548177.2 112074.4
543267.1 111492.8
543143.9 131484.0
547976.8 131519.6
547650.3 170459.3
523186.7 170359.2
469532.9 170340.5
469557.2 175471.4
467997.8 184367.8
465168.5 185326.9
447364.7 214198.5
446218.7 222281.4
445205 230810.5
444195.4 235768.7
443706.1 237308.7
443320.5 238080.6
442599.8 238669.2
429542.3 239915.7
420461.1 243962
422022.2 252780.2
ID 16025
420461.1 243962
429542.3 239915.7
442599.8 238669.2
443320.5 238080.6
443706.1 237308.7
444195.4 235768.7
445205 230810.5
446218.7 222281.4
447364.7 214198.5
465168.5 185326.9
467997.8 184367.8
469557.2 175471.4
469532.9 170340.5
451667.5 170299.4
411697.3 170715.7
411936.9 189812.1
412559.5 215794.5
417073.1 236976.2
417758.4 239164.5
419537.4 243120.2
420461.1 243962
ID 16051
604711.1 256905.6
604587.2 266518.4
647754 267257.2
647934.8 257668.3
662321.8 257955.2
662461 253122.7
662308.2 238675.8
662411 233834.5
663436.5 233180.2
665143.2 233413.5
665397.5 233624.1
691490.1 223626.2
691556.4 220464.3
619446 218769.5
605130.1 218135.2
604711.1 256905.6
ID 16065
662461 253122.7
673669.8 253396.7
685191.5 248816.6
696184.8 249135.0
708356.4 253379.0
708631.5 253527.5
708886.8 253946.6
709854.8 220486.2
691556.4 220464.3
691490.1 223626.2
665397.5 233624.1
665143.2 233413.5
663436.5 233180.2
662411 233834.5
662308.2 238675.8
662461 253122.7
ID 16081
736817.3 261588.7
738963.2 207998.5
732329 211182
724200.9 218119.0
723939.8 219201.3
722450 220856.9
709854.8 220486.2
708886.8 253946.6
736817.3 261588.7
ID 16011
619446 218769.5
619837.9 196387.3
653584.4 197040.4
676483.4 191074.7
695786 182211.2
696001.9 173124.1
696475 153146.5
657876.9 152404
609495.8 151390.9
608607.6 151092.1
602627.8 147614.9
601891.7 144768.2
601807.8 144184.1
601960.6 143462.1
596718.9 133587.5
581071.3 133351.8
580766.8 160910.3
580567.7 180215.6
585445.7 180266.8
586098.1 189468.6
586052.8 198570.5
595780.6 198664.1
605139.1 208937.7
605130.1 218135.2
619446 218769.5
ID 16019
691556.4 220464.3
709854.8 220486.2
722450 220856.9
723939.8 219201.3
724200.9 218119.0
732329 211182
738963.2 207998.5
739741 187415.5
740938.9 154568.2
696475 153146.5
696001.9 173124.1
695786 182211.2
676483.4 191074.7
653584.4 197040.4
619837.9 196387.3
619446 218769.5
691556.4 220464.3
ID 16047
411697.3 170715.7
451667.5 170299.4
451419.5 131698.9
449444.8 109333.3
438014.1 112004.4
431596.5 115952.5
425866.1 122954.4
426273.5 132522.5
426116.6 133029.1
421610.6 139098.1
418623 139507.1
416362.2 139530.4
415307.8 138850.4
411697.3 170715.7
ID 16063
451667.5 170299.4
469532.9 170340.5
523186.7 170359.2
523382.4 131447.2
519268.6 121937.4
505491.6 121999.4
495918.5 122008.3
487854.3 125251.6
471729 126945.4
470130.3 128574.1
470137.3 131588.3
451419.5 131698.9
451667.5 170299.4
ID 16067
523186.7 170359.2
547650.3 170459.3
547976.8 131519.6
543143.9 131484.0
543267.1 111492.8
539390.2 111153.3
536200.2 109992.4
535089.7 109033.9
534570.7 108420.3
530154.5 99788.1
529252 97738.26
528313.3 96576.48
525191.8 94929.73
524686.9 94729.76
523616.2 94683.5
505602.6 96478.06
505491.6 121999.4
519268.6 121937.4
523382.4 131447.2
523186.7 170359.2
ID 16083
415307.8 138850.4
416362.2 139530.4
418623 139507.1
421610.6 139098.1
426116.6 133029.1
426273.5 132522.5
425866.1 122954.4
431596.5 115952.5
438014.1 112004.4
449444.8 109333.3
450624.3 108511.2
461387.9 104166.5
466652.1 103261.8
480603.4 98921.46
485033.8 96390.03
485603.3 95568.52
490051.5 92554.98
499943.2 95493.77
496931.8 94452.87
494317.3 85731.54
476509.8 83412
476563.3 76839.8
476822 73823.43
476647.2 36422.8
458717.5 36541.63
436719.6 37293.54
424262.4 37415.61
413978.4 37101.43
415070.7 122902.5
415307.8 138850.4
ID 16077
580766.8 160910.3
581071.3 133351.8
596718.9 133587.5
601960.6 143462.1
605900.8 140588.5
614613.4 146064.4
615687 146075.7
618350.5 144036
621179.9 139186.9
632878.2 110073.1
632930.1 107706.1
632503.5 101776.6
629863.6 94084.82
623437.8 93989.03
623640.2 84318.31
610783.9 84102.5
610937 74426.65
582352.8 73878.69
581849.3 102816.9
565803.5 107760.1
562593.3 106755.8
562545.8 112325
562457.8 121982.7
561820.4 131515.6
561570.5 160719.2
580766.8 160910.3
ID 16053
451419.5 131698.9
470137.3 131588.3
470130.3 128574.1
471729 126945.4
487854.3 125251.6
495918.5 122008.3
505491.6 121999.4
505602.6 96478.06
499943.2 95493.77
490051.5 92554.98
485603.3 95568.52
485033.8 96390.03
480603.4 98921.46
466652.1 103261.8
461387.9 104166.5
450624.3 108511.2
449444.8 109333.3
451419.5 131698.9
ID 16005
657876.9 152404
652861.3 143635.3
652697.7 143173.1
651833.3 139111.3
651754.5 126563.3
652148.5 123453.2
652482.7 122325.5
655193.2 116449
655942 116137.0
656875.8 116380.7
658249.9 117429.3
658550.6 118125.4
659106.3 118609.5
666322.2 118777.0
670449.6 109291.4
670900.5 107680.0
673866.8 93479.97
674754.9 88664.13
674852.9 85451.39
673238.2 85390.5
673507.7 67668.34
666298 67485.7
662360.8 69533.67
654537.7 70413.53
652315.6 71380.15
643412.8 77460.5
639563 80481.97
638003.1 88346.22
629863.6 94084.82
632503.5 101776.6
632930.1 107706.1
632878.2 110073.1
621179.9 139186.9
618350.5 144036
615687 146075.7
614613.4 146064.4
605900.8 140588.5
601960.6 143462.1
601807.8 144184.1
601891.7 144768.2
602627.8 147614.9
608607.6 151092.1
609495.8 151390.9
657876.9 152404
ID 16029
696475 153146.5
740938.9 154568.2
742741 98257
734049.6 95179.74
726887.6 97067.13
727442.7 99264.02
727745.8 100882.8
727939.1 103730.6
727736.5 104424.4
726301 106451.8
696658.4 105422.3
694182.9 103058.0
694520.3 100470.2
697652.4 86001.95
674852.9 85451.39
674754.9 88664.13
673866.8 93479.97
670900.5 107680.0
670449.6 109291.4
666322.2 118777.0
659106.3 118609.5
658550.6 118125.4
658249.9 117429.3
656875.8 116380.7
655942 116137.0
655193.2 116449
652482.7 122325.5
652148.5 123453.2
651754.5 126563.3
651833.3 139111.3
652697.7 143173.1
652861.3 143635.3
657876.9 152404
696475 153146.5
ID 16031
505602.6 96478.06
523616.2 94683.5
524686.9 94729.76
525191.8 94929.73
528313.3 96576.48
529252 97738.26
530154.5 99788.1
534570.7 108420.3
535089.7 109033.9
536200.2 109992.4
539390.2 111153.3
543267.1 111492.8
548177.2 112074.4
552571.4 111628.5
555340.6 108572.0
556856.8 107120.4
561354.9 105705.2
561808.4 105826.1
562593.3 106755.8
565803.5 107760.1
581849.3 102816.9
582352.8 73878.69
582781.1 37307.03
549527.7 36545.74
547097.6 36488.98
519511.1 35877.46
516896.8 35831.33
509822.6 35715.84
508844.6 35700.44
502139.7 36038.05
496543.1 36324.74
476647.2 36422.8
476822 73823.43
476563.3 76839.8
476509.8 83412
494317.3 85731.54
496931.8 94452.87
499943.2 95493.77
505602.6 96478.06
ID 16071
629863.6 94084.82
638003.1 88346.22
639563 80481.97
643412.8 77460.5
652315.6 71380.15
654537.7 70413.53
656560.4 68581.51
659214.6 65310.54
659417 57684.41
656213.5 57631.58
656628.6 38429.14
652120.3 38286.86
645937.3 38653.65
645883.3 38656.87
628344.2 38288.44
606924.1 37861.61
582781.1 37307.03
582352.8 73878.69
610937 74426.65
610783.9 84102.5
623640.2 84318.31
623437.8 93989.03
629863.6 94084.82
ID 16007
742741 98257
744676.7 41417.04
706522.7 39974.94
699005.4 50212.92
698615.6 50753.46
696127.4 60949.66
696025.8 62920.94
696889.5 67094.51
698936.3 75042.55
697652.4 86001.95
694520.3 100470.2
694182.9 103058.0
696658.4 105422.3
726301 106451.8
727736.5 104424.4
727939.1 103730.6
727745.8 100882.8
727442.7 99264.02
726887.6 97067.13
734049.6 95179.74
742741 98257
ID 16041
674852.9 85451.39
697652.4 86001.95
698936.3 75042.55
696889.5 67094.51
696025.8 62920.94
696127.4 60949.66
698615.6 50753.46
699005.4 50212.92
706522.7 39974.94
656628.6 38429.14
656213.5 57631.58
659417 57684.41
659214.6 65310.54
656560.4 68581.51
654537.7 70413.53
662360.8 69533.67
666298 67485.7
673507.7 67668.34
673238.2 85390.5
674852.9 85451.39
