ID 17
894518.5 649422
894777.5 647196.6
894446 637515.5
893585.5 635257.2
893241.6 634910.1
892502.6 631413.9
892278.5 628206.7
892886.2 624710.6
894348.1 620515.6
895428.8 617899.9
898965.5 611814.9
906533.2 600423.2
910300.7 587766.7
911067.6 584330.5
911732.2 580671.9
912375.3 578056.2
912384.4 578033.2
912664.7 577325
913175.7 576034.4
915323 571563
919936.4 563065
920611.1 536601
921101.6 517501.1
921564.1 502828.4
922110.6 485534
923041.8 455170.5
923839 427918.9
923876.2 426317.5
924545.9 389753.9
925263.5 360332.5
926252.9 329702.9
926722.1 315251.9
921176.9 290903.3
919366.4 279514.3
920734.3 273466.4
924537.2 268532.6
930099.4 257261.6
929624.5 253779.3
928884.8 252091.4
928355.7 251432.7
928703.9 245895.7
929041.7 245815.4
929250.8 245499.6
932128.2 238278.5
931919.1 235596.8
930283.7 228683.5
929314.6 227193
928562.5 226627.7
921186.4 218430.1
919198.4 214034.2
911877.8 196804.7
893619.6 175818.7
893476.4 175291.3
892244 163779.9
889394.2 138386.0
889147.5 137957.5
889087.6 137853.7
888894.6 137778.4
888742.2 137719
888734.9 137716.2
884523.8 137837.4
888352.6 127841.2
886949.8 123723.4
886449.2 122619.6
885714.6 121493.4
884596.2 120433.0
880325.9 117759.4
880256.6 117716.0
878648.3 115205.2
877897.6 114033.8
877761.1 113820.9
877207.4 112636.7
877049.2 111861.5
877063 111754.8
877390.1 109228.1
877404.6 109116.1
879003.6 104003.2
879614.2 102659.8
886155.7 95140.76
886143 94834.86
886082.7 93379.23
884278.7 91595.32
883329.8 91456.64
870951.3 89657.81
869118.6 89393.13
867562.9 89054.28
866990.6 88929.73
866785.3 88885.06
864577.3 87754.89
864132 87527.1
864075.7 87498.26
862503.8 86215.54
860093.9 83453.48
855032.8 85414.68
854468.3 85198.7
852907.5 84601.81
852253.4 84195.06
851448 83694.3
850213 82314.45
849667.7 81263.23
846482.4 70556.59
846478.3 70524.66
846382.5 69788.23
847011.4 67366.39
850428.1 62766.69
851594.4 62052.78
852590.9 60959.56
854769.1 55326.05
853082.8 49319.16
851857.1 46543.12
849744.1 45763.56
849103.2 45704.34
842683.4 46760.02
809922.6 62819.3
809448 62671.5
788437.6 44964.09
792053.9 35513.75
775107 38325.01
769485.1 43392.66
766841 51131.24
762040.8 61432.6
759975.5 64711
760441.2 74365.11
763719.4 75015.85
764736.4 75463.83
764845.3 75576.84
764909.8 75643.84
765018 75756.25
765422.3 76769.6
766000.6 80122.18
766026.4 80271.56
765999.9 80400.69
765618.6 82260.43
765576.4 82465.91
765546.4 82544.87
764326.7 85755.75
763324.7 87176.39
761134.6 89526.2
759654.8 92026.01
757440 96750.5
757411 96812.68
756985 99034.73
756993.6 100017.3
756999.3 100677.2
743358.3 126239.2
720129 134114.6
696737.7 157821.9
692475.7 161359.5
685529.9 168836.6
685319 169064
685056.6 169470.4
683603.5 171722.6
682731 174221.8
681866.6 179273.8
682000.2 183879.9
682151.4 185011.8
682319 185452.8
683900.5 189614.4
684321.3 190368.3
684601.3 190681.4
691587.7 205692.9
692065 207039.4
698718.6 221266.4
697470.1 230206.6
704252.5 237407.1
704512.5 238439.6
704997.3 240926.4
704970.8 241603.5
704630.1 242242.5
696451 247785.3
694866.9 248860.7
692751.9 250019.1
690542.7 250804.5
675377.5 255429.2
656719.5 251778.8
652829.9 264305.6
652820.7 264347.7
652657.3 265103.6
652753.5 265445.7
655352.2 268903.6
655503.4 270261.8
652330.6 283992.4
632456.3 303611.5
613137.5 325866.5
601654.4 335631.0
597056.9 343893.7
589827.4 364718.6
585594 393121.1
586437.9 398471.5
593619.9 412740.6
596267.9 413443.8
596393 413531.3
597349.5 414200.8
597614.5 415159.4
597634.6 415232.1
598502.3 425096
598491.7 426198
598099.7 427590.4
596816.7 429653.4
595169.3 430584.7
594951.5 431524
595099 432308.7
599012.4 437492.9
599353.3 437801.3
599689.5 438105.3
599967.1 438356.4
600735.5 438767.3
602925.7 439834.8
603441.1 440086.1
603562.9 440145.5
608101.2 441390.9
608148.5 441391.2
608822.5 441395
611031.8 441408
613782.6 441306.4
620084.5 447728.8
621457.5 460169.9
621857.1 461570.1
628982.4 470325.7
629920.2 471155.7
632417.2 472354.8
632935.1 472997.5
633864 476219.8
634783.7 485168.9
634533.3 488172.8
634291.9 489120.7
634222 489395.1
634477.4 492049.5
630924 498644.1
630239.4 499411.2
629605.1 499756.9
628468.6 499688.9
625901 501171.9
620661.8 508210.8
620621.1 508265.5
620586.5 509224.2
623568.9 518459.3
623576.1 518481.5
624779.6 522214.9
626261.3 526816.7
626330.4 527031.2
626331.3 527032.4
626967.2 527826
627003.3 527871.1
627074.6 527909.9
628019.2 528425.2
631188.7 529322.7
643120.4 531779.9
643130.4 531779.4
648230 531504.9
649449 531260
652300.7 531170.2
659134.5 532461.6
675398.6 539207.1
680713 544599.5
685417.8 550058.2
687482.9 561982.2
693731.2 568103.3
701207.2 584187.6
701030.5 595756
687646.6 613595
684285.5 614918.6
682788 615962.4
681471.7 617150
681396.9 617254.1
679223.6 620277.1
679151.8 620377
678206.3 623019.2
678217.5 623537
678220.6 623683.5
678752.3 624694.3
679431.5 627801
679405.1 628222.6
679200.9 628600.5
674623.6 634497.7
674454.2 634716.3
674422.2 634757.5
667679.8 639995
662358.2 643155.1
660524.1 644609.3
659928 645345.7
659742.2 645913.3
659729.4 646535.4
659780.3 646812.8
661023.7 648649.5
678655.6 648435.2
719739.8 648289.1
727043.4 648286.5
762897.6 647950.3
765807.5 647959.5
800801.4 647796.9
814275.2 647890.7
819958.3 647938.1
853058.5 648718.1
861647.5 649050.2
894517 649434.8
894518.5 649422
