ID 17097
861647.5 649050.2
894517 649434.8
894518.5 649422
894777.5 647196.6
894446 637515.5
893585.5 635257.2
893241.6 634910.1
892502.6 631413.9
892278.5 628206.7
892886.2 624710.6
894348.1 620515.6
895428.8 617899.9
898965.5 611814.9
862590.8 611085.7
861647.5 649050.2
ID 17111
853058.5 648718.1
861647.5 649050.2
862590.8 611085.7
859375.9 611001.2
830431.7 610349.6
820750.5 610171.7
819958.3 647938.1
853058.5 648718.1
ID 17007
814275.2 647890.7
819958.3 647938.1
820750.5 610171.7
801405.9 609731.8
800801.4 647796.9
814275.2 647890.7
ID 17201
800801.4 647796.9
801405.9 609731.8
782125 609253.5
782089.4 615246.3
763623.7 614821.9
762897.6 647950.3
765807.5 647959.5
800801.4 647796.9
ID 17177
727043.4 648286.5
762897.6 647950.3
763623.7 614821.9
739491.6 614308.4
720400.7 613915.5
719739.8 648289.1
727043.4 648286.5
ID 17085
719739.8 648289.1
720400.7 613915.5
687646.6 613595
684285.5 614918.6
682788 615962.4
681471.7 617150
681396.9 617254.1
679223.6 620277.1
679151.8 620377
678206.3 623019.2
678217.5 623537
678220.6 623683.5
678752.3 624694.3
679431.5 627801
679405.1 628222.6
679200.9 628600.5
674623.6 634497.7
674454.2 634716.3
674422.2 634757.5
667679.8 639995
662358.2 643155.1
660524.1 644609.3
659928 645345.7
659742.2 645913.3
659729.4 646535.4
659780.3 646812.8
661023.7 648649.5
678655.6 648435.2
719739.8 648289.1
ID 17031
862590.8 611085.7
898965.5 611814.9
906533.2 600423.2
910300.7 587766.7
911067.6 584330.5
911732.2 580671.9
912375.3 578056.2
912384.4 578033.2
912664.7 577325
913175.7 576034.4
915323 571563
919936.4 563065
920611.1 536601
898492.4 535939.1
878204 554480.6
877957.7 559364.5
887433.8 563073.9
886233.4 589829.2
885267.2 593783.2
876942.3 593459.3
857758.3 592306.5
859375.9 611001.2
862590.8 611085.7
ID 17089
859375.9 611001.2
857758.3 592306.5
858461.9 563240.8
830196.3 562123.8
830431.7 610349.6
859375.9 611001.2
ID 17141
763623.7 614821.9
782089.4 615246.3
782125 609253.5
801405.9 609731.8
801677 580789.1
766889.6 579965.1
766887.9 581583.6
750138.3 581399.4
744545.9 581310
739812.3 584492.8
739491.6 614308.4
763623.7 614821.9
ID 17037
830431.7 610349.6
830196.3 562123.8
830338.6 552324.4
802328.5 551517.7
801677 580789.1
801405.9 609731.8
820750.5 610171.7
830431.7 610349.6
ID 17015
739491.6 614308.4
739812.3 584492.8
701207.2 584187.6
701030.5 595756
687646.6 613595
720400.7 613915.5
739491.6 614308.4
ID 17043
858461.9 563240.8
857758.3 592306.5
876942.3 593459.3
885267.2 593783.2
886233.4 589829.2
887433.8 563073.9
877957.7 559364.5
858520.2 563242.1
858461.9 563240.8
ID 17195
739812.3 584492.8
744545.9 581310
744625.5 546121.3
725368.8 545900.4
698420.5 545953.2
699910 546861
700128.2 547184.8
700506.7 549685.4
700565.7 551044.2
700452.7 552536
699414.2 553761.3
698114.5 554683
696490.2 555371.4
694989.3 556929.8
693907.3 559503.6
693242 563972.8
693299.5 565979.8
693731.2 568103.3
701207.2 584187.6
739812.3 584492.8
ID 17103
744545.9 581310
750138.3 581399.4
766887.9 581583.6
766889.6 579965.1
801677 580789.1
802328.5 551517.7
792898.7 551216.9
783281.8 551328.2
783395.5 546477.9
744625.5 546121.3
744545.9 581310
ID 17093
858461.9 563240.8
858520.2 563242.1
859947.8 534193.5
831239.7 532971.5
830338.6 552324.4
830196.3 562123.8
858461.9 563240.8
ID 17197
858520.2 563242.1
877957.7 559364.5
878204 554480.6
898492.4 535939.1
920611.1 536601
921101.6 517501.1
880316.2 515717.9
880466 512060.5
875859 505896.4
861235.8 505165.1
859947.8 534193.5
858520.2 563242.1
ID 17161
693731.2 568103.3
693299.5 565979.8
693242 563972.8
693907.3 559503.6
694989.3 556929.8
696490.2 555371.4
698114.5 554683
699414.2 553761.3
700452.7 552536
700565.7 551044.2
700506.7 549685.4
700128.2 547184.8
699910 546861
698420.5 545953.2
698865.9 545315.1
698944 544588.6
698471.4 542710.7
697608.9 541070.5
693162.2 539132.1
690054 538807.6
686036.9 538126.3
684509.4 537549.3
683506.2 536885.2
677838.1 531791.7
677631.4 517371.9
623568.9 518459.3
623576.1 518481.5
624779.6 522214.9
626261.3 526816.7
626330.4 527031.2
626331.3 527032.4
626967.2 527826
627003.3 527871.1
627074.6 527909.9
628019.2 528425.2
631188.7 529322.7
643120.4 531779.9
643130.4 531779.4
648230 531504.9
649449 531260
652300.7 531170.2
659134.5 532461.6
675398.6 539207.1
680713 544599.5
685417.8 550058.2
687482.9 561982.2
693731.2 568103.3
ID 17099
802328.5 551517.7
830338.6 552324.4
831239.7 532971.5
832751.4 494207.6
803790.2 493508.2
804036 473743.3
794254.3 473405.9
784377.5 493069.9
783983.1 515957.2
783395.5 546477.9
783281.8 551328.2
792898.7 551216.9
802328.5 551517.7
ID 17011
783395.5 546477.9
783983.1 515957.2
776204.2 517203.7
775165.3 517152.7
770483.2 514968.7
758693.5 507239.1
758779.6 497759.1
744327.5 497646.9
725888 507103.3
725368.8 545900.4
744625.5 546121.3
783395.5 546477.9
ID 17073
725368.8 545900.4
725888 507103.3
715286.8 497630.5
677253.7 497857.3
677631.4 517371.9
677838.1 531791.7
683506.2 536885.2
684509.4 537549.3
686036.9 538126.3
690054 538807.6
693162.2 539132.1
697608.9 541070.5
698471.4 542710.7
698944 544588.6
698865.9 545315.1
698420.5 545953.2
725368.8 545900.4
ID 17063
859947.8 534193.5
861235.8 505165.1
860838.1 495446.6
832751.4 494207.6
831239.7 532971.5
859947.8 534193.5
ID 17091
921564.1 502828.4
922110.6 485534
871204.5 482758.2
861503.4 482217.7
860838.1 495446.6
861235.8 505165.1
875859 505896.4
880466 512060.5
880316.2 515717.9
921101.6 517501.1
921564.1 502828.4
ID 17155
783983.1 515957.2
784377.5 493069.9
767876.8 492852
768390.8 493362.3
769242 493721.7
769769.6 494380.7
769965 495093.8
770293 497791.1
758779.6 497759.1
758693.5 507239.1
770483.2 514968.7
775165.3 517152.7
776204.2 517203.7
783983.1 515957.2
ID 17131
623568.9 518459.3
677631.4 517371.9
677253.7 497857.3
677076 488170.4
648009 488844.1
634291.9 489120.7
634222 489395.1
634477.4 492049.5
630924 498644.1
630239.4 499411.2
629605.1 499756.9
628468.6 499688.9
625901 501171.9
620661.8 508210.8
620621.1 508265.5
620586.5 509224.2
623568.9 518459.3
ID 17175
725888 507103.3
744327.5 497646.9
744432.7 478251.3
715238.3 478233.9
715286.8 497630.5
725888 507103.3
ID 17105
832751.4 494207.6
860838.1 495446.6
861503.4 482217.7
863462 440411.5
844462.4 439930.1
834734.9 439656.3
833949.7 445654.3
833615.9 455307.6
804478.5 454365.3
804036 473743.3
803790.2 493508.2
832751.4 494207.6
ID 17123
744327.5 497646.9
758779.6 497759.1
770293 497791.1
769965 495093.8
769769.6 494380.7
769242 493721.7
768390.8 493362.3
767876.8 492852
784377.5 493069.9
794254.3 473405.9
758484.4 472507.8
744432.7 478251.3
744327.5 497646.9
ID 17075
871204.5 482758.2
922110.6 485534
923041.8 455170.5
923839 427918.9
889163.9 426366.2
873686 426197.9
871204.5 482758.2
ID 17095
715286.8 497630.5
715238.3 478233.9
715245.9 449089.1
676543.5 449377.8
677076 488170.4
677253.7 497857.3
715286.8 497630.5
ID 17053
861503.4 482217.7
871204.5 482758.2
873686 426197.9
889163.9 426366.2
889633.3 416745.7
844853.8 415669.7
844462.4 439930.1
863462 440411.5
861503.4 482217.7
ID 17187
648009 488844.1
677076 488170.4
676543.5 449377.8
676409.7 439737.2
647306.6 440761.3
648009 488844.1
ID 17071
634291.9 489120.7
648009 488844.1
647306.6 440761.3
637601.9 441227.2
613782.6 441306.4
620084.5 447728.8
621457.5 460169.9
621857.1 461570.1
628982.4 470325.7
629920.2 471155.7
632417.2 472354.8
632935.1 472997.5
633864 476219.8
634783.7 485168.9
634533.3 488172.8
634291.9 489120.7
ID 17143
744432.7 478251.3
758484.4 472507.8
751656.1 453181.9
752034.6 452196.2
752395.4 450133.2
751665.4 448195.9
743008.5 436905.2
724932.7 427003.4
724945.3 434470.6
724803.2 439379.7
715022.4 439483.8
715245.9 449089.1
715238.3 478233.9
744432.7 478251.3
ID 17203
794254.3 473405.9
804036 473743.3
804478.5 454365.3
799942 444492.4
794979.2 440260.7
787427.6 436758.3
775955.3 436359
771023.1 438655.4
770702.9 446910.3
770642.4 453414.8
751656.1 453181.9
758484.4 472507.8
794254.3 473405.9
ID 17113
804478.5 454365.3
833615.9 455307.6
833949.7 445654.3
834734.9 439656.3
844462.4 439930.1
844853.8 415669.7
845162.6 402650.7
835349.5 402461.4
786559.4 401799.1
776723.8 406483.3
775955.3 436359
787427.6 436758.3
794979.2 440260.7
799942 444492.4
804478.5 454365.3
ID 17179
751656.1 453181.9
770642.4 453414.8
770702.9 446910.3
771023.1 438655.4
775955.3 436359
776723.8 406483.3
747913.3 405671.1
738392 405520.2
738139.1 418456.8
720531 418417.2
724932.7 427003.4
743008.5 436905.2
751665.4 448195.9
752395.4 450133.2
752034.6 452196.2
751656.1 453181.9
ID 17057
715245.9 449089.1
715022.4 439483.8
724803.2 439379.7
724945.3 434470.6
724932.7 427003.4
720531 418417.2
719285.8 417773.3
710930.6 411637.2
710350.8 410791.3
709770.6 409096.9
708325.4 402867.9
703908.8 395858.9
703334.8 395189.1
697199.2 390411.7
675877.4 400720.5
676409.7 439737.2
676543.5 449377.8
715245.9 449089.1
ID 17183
923876.2 426317.5
924545.9 389753.9
925263.5 360332.5
890677.6 359025.4
889314.2 397408.1
890446.9 397462.1
889633.3 416745.7
889163.9 426366.2
923839 427918.9
923876.2 426317.5
ID 17109
647306.6 440761.3
676409.7 439737.2
675877.4 400720.5
636800 401827.7
637601.9 441227.2
647306.6 440761.3
ID 17067
613782.6 441306.4
637601.9 441227.2
636800 401827.7
636532.6 391680.8
585594 393121.1
586437.9 398471.5
593619.9 412740.6
596267.9 413443.8
596393 413531.3
597349.5 414200.8
597614.5 415159.4
597634.6 415232.1
598502.3 425096
598491.7 426198
598099.7 427590.4
596816.7 429653.4
595169.3 430584.7
594951.5 431524
595099 432308.7
599012.4 437492.9
599353.3 437801.3
599689.5 438105.3
599967.1 438356.4
600735.5 438767.3
602925.7 439834.8
603441.1 440086.1
603562.9 440145.5
608101.2 441390.9
608148.5 441391.2
608822.5 441395
611031.8 441408
613782.6 441306.4
ID 17019
844853.8 415669.7
889633.3 416745.7
890446.9 397462.1
889314.2 397408.1
890677.6 359025.4
845789.5 357958.5
845162.6 402650.7
844853.8 415669.7
ID 17125
720531 418417.2
738139.1 418456.8
738392 405520.2
747913.3 405671.1
748163.9 383734.4
745364.8 387156.9
742356.5 387876.1
718577.2 384699.6
714658.8 382034.5
714257.9 381428.2
706286.1 378743
697592.8 375855.2
697445.2 375817.1
689840 376126.8
683930.7 383799.7
697199.2 390411.7
703334.8 395189.1
703908.8 395858.9
708325.4 402867.9
709770.6 409096.9
710350.8 410791.3
710930.6 411637.2
719285.8 417773.3
720531 418417.2
ID 17147
835349.5 402461.4
845162.6 402650.7
845789.5 357958.5
845032 348237.7
821686.6 347866.6
821246 377048.0
835349.5 402461.4
ID 17107
776723.8 406483.3
786559.4 401799.1
787206.2 375896.4
781121.5 361209.9
765117.7 361181.9
758398.8 362787.9
758334.2 367625.8
750247.5 367497.8
748163.9 383734.4
747913.3 405671.1
776723.8 406483.3
ID 17039
835349.5 402461.4
821246 377048.0
816285 377010.2
797075.3 376134.1
787206.2 375896.4
786559.4 401799.1
835349.5 402461.4
ID 17169
636800 401827.7
675877.4 400720.5
697199.2 390411.7
683930.7 383799.7
670358 368701.1
662480.2 369102.9
660786.6 372939.6
654879.1 381646.2
646324.1 381921.1
636315.8 381852.4
636532.6 391680.8
636800 401827.7
ID 17129
714658.8 382034.5
718577.2 384699.6
742356.5 387876.1
745364.8 387156.9
748163.9 383734.4
750247.5 367497.8
740011.2 367355.0
739684 363273.3
739724.1 361013.5
733984.4 359228.9
714722.4 359135.5
714658.8 382034.5
ID 17001
636532.6 391680.8
636315.8 381852.4
635818.5 353056.1
635782.8 343295.8
611154.4 343511.1
597056.9 343893.7
589827.4 364718.6
585594 393121.1
636532.6 391680.8
ID 17115
821246 377048.0
821686.6 347866.6
816351.9 332356.5
797916.7 332209.3
788185.5 332216.2
787765.7 348369.2
781267.3 349681.8
781121.5 361209.9
787206.2 375896.4
797075.3 376134.1
816285 377010.2
821246 377048.0
ID 17017
683930.7 383799.7
689840 376126.8
697445.2 375817.1
697592.8 375855.2
706286.1 378743
714257.9 381428.2
714658.8 382034.5
714722.4 359135.5
714732.8 355885
664340.2 356386.9
670358 368701.1
683930.7 383799.7
ID 17009
636315.8 381852.4
646324.1 381921.1
654879.1 381646.2
660786.6 372939.6
662480.2 369102.9
670358 368701.1
664340.2 356386.9
665329.1 352227.2
635818.5 353056.1
636315.8 381852.4
ID 17045
890677.6 359025.4
925263.5 360332.5
926252.9 329702.9
926722.1 315251.9
913169.6 314827
913176.7 315999.3
889826.4 314721.3
888727.6 337432.4
888419.5 345568.6
890734.3 349305.5
890677.6 359025.4
ID 17167
750247.5 367497.8
758334.2 367625.8
758398.8 362787.9
765117.7 361181.9
781121.5 361209.9
781267.3 349681.8
778039.3 349849.2
766026.5 341663.9
754211.4 330336
754413 317398
739969.2 317173.4
720677.7 316963.5
720817.2 320190.4
720366 322632.1
715580.7 338703
714810.9 346168
714732.8 355885
714722.4 359135.5
733984.4 359228.9
739724.1 361013.5
739684 363273.3
740011.2 367355.0
750247.5 367497.8
ID 17041
845789.5 357958.5
890677.6 359025.4
890734.3 349305.5
888419.5 345568.6
888727.6 337432.4
883625.4 337191.1
880429.6 336711.4
880506.8 333527.5
845442 332666.4
845032 348237.7
845789.5 357958.5
ID 17139
845032 348237.7
845442 332666.4
846002.5 309998.2
840161.2 309934
836164.6 311649.5
816608.5 324259.5
816351.9 332356.5
821686.6 347866.6
845032 348237.7
ID 17137
664340.2 356386.9
714732.8 355885
714810.9 346168
715580.7 338703
720366 322632.1
720817.2 320190.4
720677.7 316963.5
701110.9 316724.1
688380.7 316726.6
688497.5 329645.3
682467.9 342627.5
672900.4 346635.8
662961.7 346768.4
665329.1 352227.2
664340.2 356386.9
ID 17021
781267.3 349681.8
787765.7 348369.2
788185.5 332216.2
797916.7 332209.3
798242.6 317660
798376.4 298013.7
788516.8 298217.8
778895.1 298067.8
754797.7 297880.2
754413 317398
754211.4 330336
766026.5 341663.9
778039.3 349849.2
781267.3 349681.8
ID 17149
665329.1 352227.2
662961.7 346768.4
661277.9 341788.3
662084.1 330028.7
664596.9 321588.7
665121.3 319328.3
665132.3 318902.9
664370.2 316970.4
661494.5 303000.7
632456.3 303611.5
613137.5 325866.5
601654.4 335631.0
597056.9 343893.7
611154.4 343511.1
635782.8 343295.8
635818.5 353056.1
665329.1 352227.2
ID 17029
845442 332666.4
880506.8 333527.5
880429.6 336711.4
883625.4 337191.1
888727.6 337432.4
889826.4 314721.3
885627.3 303235.0
846114.1 301909.5
846002.5 309998.2
845442 332666.4
ID 17171
688380.7 316726.6
664370.2 316970.4
665132.3 318902.9
665121.3 319328.3
664596.9 321588.7
662084.1 330028.7
661277.9 341788.3
662961.7 346768.4
672900.4 346635.8
682467.9 342627.5
688497.5 329645.3
688380.7 316726.6
ID 17173
797916.7 332209.3
816351.9 332356.5
816608.5 324259.5
836164.6 311649.5
840161.2 309934
846002.5 309998.2
846114.1 301909.5
846443 284190.4
817550.6 283863.7
788652.2 283656.7
788516.8 298217.8
798376.4 298013.7
798242.6 317660
797916.7 332209.3
ID 17023
889826.4 314721.3
913176.7 315999.3
913169.6 314827
926722.1 315251.9
921176.9 290903.3
919366.4 279514.3
891511.8 280727
886557.8 280478.4
885627.3 303235.0
889826.4 314721.3
ID 17135
739969.2 317173.4
754413 317398
754797.7 297880.2
778895.1 298067.8
788516.8 298217.8
788652.2 283656.7
779333.4 262493.1
745670.4 259012.9
740548 258958.2
739969.2 317173.4
ID 17117
720677.7 316963.5
739969.2 317173.4
740548 258958.2
701813.2 258974.6
701606.6 288055.9
701110.9 316724.1
720677.7 316963.5
ID 17061
701110.9 316724.1
701606.6 288055.9
697580.6 288050.9
687272.2 283963
687310.1 278313.1
672373.6 278025.4
670942 278972.8
670920.6 279194.4
670426.3 279657.2
668091.5 280226.5
664239.7 279575.3
662217.6 272114.1
661494.5 303000.7
664370.2 316970.4
688380.7 316726.6
701110.9 316724.1
ID 17035
885627.3 303235.0
886557.8 280478.4
856065.9 279508.5
846443 284190.4
846114.1 301909.5
885627.3 303235.0
ID 17049
846443 284190.4
856065.9 279508.5
856560.6 250636.8
827753.9 250529.6
817928 250059.5
817550.6 283863.7
846443 284190.4
ID 17033
891511.8 280727
919366.4 279514.3
920734.3 273466.4
924537.2 268532.6
930099.4 257261.6
929624.5 253779.3
928884.8 252091.4
928355.7 251432.7
928703.9 245895.7
896081.3 244776.8
892805.8 244696.7
891511.8 280727
ID 17079
886557.8 280478.4
891511.8 280727
892805.8 244696.7
865641.9 243773.5
856560.6 250636.8
856065.9 279508.5
886557.8 280478.4
ID 17051
817550.6 283863.7
817928 250059.5
827753.9 250529.6
827760.7 240715.1
801305.5 239988.8
789311 239962.1
789400 230205.5
779322.8 230727
779333.4 262493.1
788652.2 283656.7
817550.6 283863.7
ID 17083
701606.6 288055.9
701813.2 258974.6
690542.7 250804.5
675377.5 255429.2
662217.6 272114.1
664239.7 279575.3
668091.5 280226.5
670426.3 279657.2
670920.6 279194.4
670942 278972.8
672373.6 278025.4
687310.1 278313.1
687272.2 283963
697580.6 288050.9
701606.6 288055.9
ID 17005
779333.4 262493.1
779322.8 230727
749488 230623.4
749305.7 238266.6
746995.2 245173.9
745918.6 250050.2
745670.4 259012.9
779333.4 262493.1
ID 17025
827753.9 250529.6
856560.6 250636.8
865641.9 243773.5
865980.7 230822.6
863735.1 230881.3
863587 227782.2
863689.7 226096.6
866627.5 216247.6
827883.4 216280.5
827760.7 240715.1
827753.9 250529.6
ID 17101
928703.9 245895.7
929041.7 245815.4
929250.8 245499.6
932128.2 238278.5
931919.1 235596.8
930283.7 228683.5
929314.6 227193
928562.5 226627.7
921186.4 218430.1
919198.4 214034.2
896484.2 213709.3
896081.3 244776.8
928703.9 245895.7
ID 17159
896081.3 244776.8
896484.2 213709.3
892756.9 213612.9
875961.2 213051.0
866627.5 216247.6
863689.7 226096.6
863587 227782.2
863735.1 230881.3
865980.7 230822.6
865641.9 243773.5
892805.8 244696.7
896081.3 244776.8
ID 17121
789400 230205.5
789311 239962.1
801305.5 239988.8
827760.7 240715.1
827883.4 216280.5
828069 201700.7
789212.4 201075
789211 204305.7
789400 230205.5
ID 17027
779322.8 230727
789400 230205.5
789211 204305.7
778176.6 204590.1
751821.1 201719.4
748219.9 200623.9
743551.8 197258.5
740360.3 194517.7
740007.5 220789.4
749488 230623.4
779322.8 230727
ID 17185
896484.2 213709.3
919198.4 214034.2
911877.8 196804.7
893619.6 175818.7
893476.4 175291.3
890452.8 179036.4
892756.9 213612.9
896484.2 213709.3
ID 17191
866627.5 216247.6
875961.2 213051.0
876440.4 178308.7
857208.4 177812.3
828157.6 177470.5
828069 201700.7
827883.4 216280.5
866627.5 216247.6
ID 17047
892756.9 213612.9
890452.8 179036.4
876440.4 178308.7
875961.2 213051.0
892756.9 213612.9
ID 17189
789211 204305.7
789212.4 201075
789259.7 172090.7
750250.8 172455
740579.1 172413.9
740360.3 194517.7
743551.8 197258.5
748219.9 200623.9
751821.1 201719.4
778176.6 204590.1
789211 204305.7
ID 17081
828069 201700.7
828157.6 177470.5
828169 162899.7
790958.3 162323.7
789259.7 172090.7
789212.4 201075
828069 201700.7
ID 17193
890452.8 179036.4
893476.4 175291.3
892244 163779.9
889394.2 138386.0
889147.5 137957.5
889087.6 137853.7
888894.6 137778.4
888742.2 137719
888734.9 137716.2
884523.8 137837.4
857601.4 139321.6
857208.4 177812.3
876440.4 178308.7
890452.8 179036.4
ID 17065
857208.4 177812.3
857601.4 139321.6
857602 139237.7
828384.6 138636
828169 162899.7
828157.6 177470.5
857208.4 177812.3
ID 17145
750250.8 172455
789259.7 172090.7
790958.3 162323.7
786909 142916.1
750234.2 143163.8
750250.8 172455
ID 17157
750250.8 172455
750234.2 143163.8
743358.3 126239.2
720129 134114.6
696737.7 157821.9
711455 163031.7
711407.5 172743.0
723394.4 172505.9
740579.1 172413.9
750250.8 172455
ID 17055
828169 162899.7
828384.6 138636
828451.6 133806.4
789355.8 133139.3
786909 142916.1
790958.3 162323.7
828169 162899.7
ID 17059
884523.8 137837.4
888352.6 127841.2
886949.8 123723.4
886449.2 122619.6
885714.6 121493.4
884596.2 120433.0
880325.9 117759.4
880256.6 117716.0
878648.3 115205.2
877897.6 114033.8
877761.1 113820.9
877207.4 112636.7
877049.2 111861.5
877063 111754.8
877390.1 109228.1
877404.7 109116.1
879003.6 104003.2
879614.2 102659.8
858186.4 105035.9
857602 139237.7
857601.4 139321.6
884523.8 137837.4
ID 17165
857602 139237.7
858186.4 105035.9
854937.5 105013.3
828760.1 104494.9
828451.6 133806.4
828384.6 138636
857602 139237.7
ID 17077
750234.2 143163.8
786909 142916.1
789355.8 133139.3
789450.6 104109.9
756999.3 100677.2
743358.3 126239.2
750234.2 143163.8
ID 17199
828451.6 133806.4
828760.1 104494.9
799369.6 103790.7
789450.6 104109.9
789355.8 133139.3
828451.6 133806.4
ID 17069
858186.4 105035.9
879614.2 102659.8
886155.7 95140.76
886143 94834.86
886082.7 93379.23
884278.7 91595.32
883329.8 91456.64
870951.3 89657.81
869118.6 89393.13
867562.9 89054.28
866990.6 88929.73
866785.3 88885.06
864577.3 87754.89
864132 87527.1
864075.7 87498.26
862503.8 86215.54
860093.9 83453.48
855032.8 85414.68
854937.5 105013.3
858186.4 105035.9
ID 17151
854937.5 105013.3
855032.8 85414.68
854468.3 85198.7
852907.5 84601.81
852253.4 84195.06
851448 83694.3
850213 82314.45
849667.7 81263.23
846482.4 70556.59
846478.3 70524.66
846382.5 69788.23
847011.4 67366.39
850428.1 62766.69
851594.4 62052.78
852590.9 60959.56
854769.1 55326.05
853082.8 49319.16
851857.1 46543.12
849744.1 45763.56
849103.2 45704.34
848889.8 55997.25
829024.2 75392.07
828760.1 104494.9
854937.5 105013.3
ID 17087
828760.1 104494.9
829024.2 75392.07
809713 71295.04
799423.2 74184.03
799369.6 103790.7
828760.1 104494.9
ID 17181
799369.6 103790.7
799423.2 74184.03
781369.5 74574.37
760441.2 74365.11
763719.4 75015.85
764736.4 75463.83
764845.3 75576.84
764909.8 75643.84
765018 75756.25
765422.3 76769.6
766000.6 80122.18
766026.4 80271.56
765999.9 80400.69
765618.6 82260.43
765576.4 82465.91
765546.4 82544.87
764326.7 85755.75
763324.7 87176.39
761134.6 89526.2
759654.8 92026.01
757440 96750.5
757411 96812.68
756985 99034.73
756993.6 100017.3
756999.3 100677.2
789450.6 104109.9
799369.6 103790.7
ID 17127
809713 71295.04
829024.2 75392.07
848889.8 55997.25
849103.2 45704.34
842683.4 46760.02
809922.6 62819.3
809713 71295.04
ID 17153
781369.5 74574.37
799423.2 74184.03
809713 71295.04
809922.6 62819.3
809448 62671.5
788437.6 44964.09
782806.8 47687.07
780717.6 48771.71
780069.7 49634.57
779358 51431.5
780326.4 62562.69
781369.5 74574.37
ID 17003
760441.2 74365.11
781369.5 74574.37
780326.4 62562.69
779358 51431.5
780069.7 49634.57
780717.6 48771.71
782806.8 47687.07
788437.6 44964.09
792053.9 35513.75
775107 38325.01
769485.1 43392.66
766841 51131.24
762040.8 61432.6
759975.5 64711
760441.2 74365.11
ID 17013
632456.3 303611.5
661494.5 303000.7
662217.6 272114.1
675377.5 255429.2
656719.5 251778.8
652829.9 264305.6
652820.7 264347.7
652657.3 265103.6
652753.5 265445.7
655352.2 268903.6
655503.4 270261.8
652330.6 283992.4
632456.3 303611.5
ID 17119
745670.4 259012.9
745918.6 250050.2
746995.2 245173.9
749305.7 238266.6
749488 230623.4
740007.5 220789.4
698718.6 221266.4
697470.1 230206.6
704252.5 237407.1
704512.5 238439.6
704997.3 240926.4
704970.8 241603.5
704630.1 242242.5
696451 247785.3
694866.9 248860.7
692751.9 250019.1
690542.7 250804.5
701813.2 258974.6
740548 258958.2
745670.4 259012.9
ID 17163
698718.6 221266.4
740007.5 220789.4
740360.3 194517.7
740579.1 172413.9
723394.4 172505.9
721297.3 177691.8
701847.3 195314.8
691587.7 205692.9
692065 207039.4
698718.6 221266.4
ID 17133
691587.7 205692.9
701847.3 195314.8
721297.3 177691.8
723394.4 172505.9
711407.5 172743.0
711455 163031.7
696737.7 157821.9
692475.7 161359.5
685529.9 168836.6
685319 169064
685056.6 169470.4
683603.5 171722.6
682731 174221.8
681866.6 179273.8
682000.2 183879.9
682151.4 185011.8
682319 185452.8
683900.5 189614.4
684321.3 190368.3
684601.3 190681.4
691587.7 205692.9
