ID 18
1089567 718370.3
1090166 699951
1090535 688389.9
1091020 671169.7
1091081 669109.9
1091862 639864.5
1092088 632442.8
1092718 610875.3
1093155 593555.9
1093627 569189.8
1093767 564445.1
1094060 530538.4
1094160 520762.5
1094550 499620.6
1094926 481929.5
1095018 476898.6
1095270 452817.1
1095763 430645.3
1090907 422176.0
1098290 407912
1098980 403005.5
1078889 392183.9
1063724 383939.1
1052051 389134.0
1044289 371880.1
1043903 364938.2
1026290 348723.0
1013012 338313.3
1003626 325921.2
999658.7 306859.5
995293.2 305806.3
992567.4 305201.2
980015.7 306986.9
979417.3 307135.1
975765.5 308944.7
972047.3 311841.6
971652.7 312149.2
971479.5 312479.8
971055.3 313289.4
970624.9 315499.7
970583.6 315711.8
970599.6 316201.4
970625.2 316987.3
970631.1 317169
971201.6 320247.3
952527.5 310768.2
952005.1 310742.8
950171 310581.7
949686.8 310377.4
949291.5 309896.9
949022.5 308735.6
949044.2 302114.5
942125.7 289871.4
939524.5 288257.2
938315 287982.9
937674.7 288100.1
923638.2 305345.9
909176 297751.9
903263 293270.7
895658.8 282299
883675.7 291826.9
880739.6 294244.9
867683.8 299026.0
845725 294669
825769.1 294962.4
816801.1 283630.1
813305.5 293744.1
817509 293483.9
817516.3 293486.5
817670.6 293540.8
817866 293609.6
817929.2 293711.4
818189.8 294131.3
821878.3 319408.2
823492.3 330868.1
823653 331390.3
842593.3 351746.6
850483 368712.5
852616.2 373036.8
860259.3 380977.4
861029.5 381516.7
862047.6 382972.9
863913.7 389823
864213 392494.4
861582.4 399804.0
861384.2 400126.5
861049.5 400218.1
860888.6 405760.4
861439.4 406400.5
862235.3 408061.4
862827.3 411523.5
857653.1 422969.7
854022 428026.8
852860.8 434114.5
855056.6 445429.1
861426.2 469560.4
861452.4 484010.5
861517.6 514638.1
861818.5 544049.7
862422 580593.5
862440.8 582194.2
862598.8 609441.4
862737.5 639801.6
862803.1 657094.9
862861.4 671766.5
863050.7 690861.2
863321.7 717317.7
888384 707883.7
912509.2 717514.6
921496.9 723020.9
946519.7 723052.7
971289 723319
984878.3 723497
1007441 723663.4
1018382 723841.6
1048959 724508.8
1056899 724653.3
1087789 725426.1
1089567 718370.3
