ID 18151
1087789 725426.1
1089567 718370.3
1090166 699951
1057692 698777.9
1056899 724653.3
1087789 725426.1
ID 18087
1048959 724508.8
1056899 724653.3
1057692 698777.9
1019229 697667.2
1018382 723841.6
1048959 724508.8
ID 18039
1018382 723841.6
1019229 697667.2
1019492 688059.8
985615.5 687463.5
985525.3 692269.7
984878.3 723497
1007441 723663.4
1018382 723841.6
ID 18141
984878.3 723497
985525.3 692269.7
966534.9 692031.1
951470.9 691674
951533.2 686833.8
946689.5 686782.7
946519.7 723052.7
971289 723319
984878.3 723497
ID 18091
921496.9 723020.9
946519.7 723052.7
946689.5 686782.7
936822.8 686715.4
931989.7 683326.3
929670.8 677053.4
928970.7 675642.8
927288.8 673097.4
925089.4 670315.7
922473.8 668966
912847.2 664883.3
912509.2 717514.6
921496.9 723020.9
ID 18127
912509.2 717514.6
912847.2 664883.3
912039.5 664039
909571.4 662965.1
908839.2 663228.2
902800.7 667846.5
898411.3 669778.2
896762.7 670360.5
895820 670277.5
890839.5 668006.7
888637.4 665444.5
888384 707883.7
912509.2 717514.6
ID 18033
1057692 698777.9
1090166 699951
1090535 688389.9
1091020 671169.7
1058481 669633
1057692 698777.9
ID 18089
863321.7 717317.7
888384 707883.7
888637.4 665444.5
883870.6 662859.8
862803.1 657094.9
862861.4 671766.5
863050.7 690861.2
863321.7 717317.7
ID 18113
1057692 698777.9
1058481 669633
1048790 669404.8
1029559 669268.8
1029590 672490.5
1019891 672282.4
1019492 688059.8
1019229 697667.2
1057692 698777.9
ID 18099
985615.5 687463.5
984416.2 658243.8
951715.2 657799.8
951533.2 686833.8
951470.9 691674
966534.9 692031.1
985525.3 692269.7
985615.5 687463.5
ID 18085
985615.5 687463.5
1019492 688059.8
1019891 672282.4
1020027 667726
1020036 659367.7
1017194 659308
1017633 644688.9
995654.8 643941.6
984416.2 658243.8
985615.5 687463.5
ID 18149
951533.2 686833.8
951715.2 657799.8
912840.4 657710.7
912847.2 664883.3
922473.8 668966
925089.4 670315.7
927288.8 673097.4
928970.7 675642.8
929670.8 677053.4
931989.7 683326.3
936822.8 686715.4
946689.5 686782.7
951533.2 686833.8
ID 18003
1091081 669109.9
1091862 639864.5
1092088 632442.8
1069276 631379.8
1047197 630816.6
1047060 640624.2
1048790 669404.8
1058481 669633
1091020 671169.7
1091081 669109.9
ID 18183
1019891 672282.4
1029590 672490.5
1029559 669268.8
1048790 669404.8
1047060 640624.2
1021103 639806
1017633 644688.9
1017194 659308
1020036 659367.7
1020027 667726
1019891 672282.4
ID 18073
912847.2 664883.3
912840.4 657710.7
912858.3 628852.7
898711.7 609301.9
884457.8 609315.2
884353.9 628744.9
883931.9 628984.2
883721.3 629465.9
883870.6 662859.8
888637.4 665444.5
890839.5 668006.7
895820 670277.5
896762.7 670360.5
898411.3 669778.2
902800.7 667846.5
908839.2 663228.2
909571.4 662965.1
912039.5 664039
912847.2 664883.3
ID 18049
951715.2 657799.8
984416.2 658243.8
995654.8 643941.6
995655.1 639091.7
977024.6 628926.6
951797.4 628728.4
951715.2 657799.8
ID 18131
951715.2 657799.8
951797.4 628728.4
942275 628789.6
912858.3 628852.7
912840.4 657710.7
951715.2 657799.8
ID 18111
862803.1 657094.9
883870.6 662859.8
883721.3 629465.9
883931.9 628984.2
884353.9 628744.9
884457.8 609315.2
862598.8 609441.4
862737.5 639801.6
862803.1 657094.9
ID 18169
1017633 644688.9
1021103 639806
1022186 601026.2
1003056 600610.5
996722.1 600448.8
995655.1 639091.7
995654.8 643941.6
1017633 644688.9
ID 18069
1021103 639806
1047060 640624.2
1047197 630816.6
1047901 601652.4
1038235 601377.1
1022186 601026.2
1021103 639806
ID 18001
1092088 632442.8
1092718 610875.3
1093155 593555.9
1070621 592564.5
1069276 631379.8
1092088 632442.8
ID 18103
995655.1 639091.7
996722.1 600448.8
1003056 600610.5
1003270 591033.2
977763.5 590404.5
977024.6 628926.6
995655.1 639091.7
ID 18179
1047197 630816.6
1069276 631379.8
1070621 592564.5
1059384 592188.2
1038568 591729.1
1038235 601377.1
1047901 601652.4
1047197 630816.6
ID 18017
951797.4 628728.4
977024.6 628926.6
977763.5 590404.5
960050.3 590086.8
959995 604664.2
947156.8 609329.6
942368.5 609336.1
942275 628789.6
951797.4 628728.4
ID 18181
942275 628789.6
942368.5 609336.1
928344 609466.8
927930.5 609057.2
927544.1 608293.5
926255.4 599275.3
926425.7 589976
898991 590019.1
898711.7 609301.9
912858.3 628852.7
942275 628789.6
ID 18053
1022186 601026.2
1038235 601377.1
1038568 591729.1
1039182 570905.2
1027787 570743.9
1003689 570246.1
1003651 573409.5
1003270 591033.2
1003056 600610.5
1022186 601026.2
ID 18015
960050.3 590086.8
960038.1 575708.7
932984.2 575558.9
926425.7 589976
926255.4 599275.3
927544.1 608293.5
927930.5 609057.2
928344 609466.8
942368.5 609336.1
947156.8 609329.6
959995 604664.2
960050.3 590086.8
ID 18075
1093155 593555.9
1093627 569189.8
1093767 564445.1
1058508 563241.1
1058242 571286.3
1059384 592188.2
1070621 592564.5
1093155 593555.9
ID 18007
884457.8 609315.2
898711.7 609301.9
898991 590019.1
899123 580342.3
862422 580593.5
862440.8 582194.2
862598.8 609441.4
884457.8 609315.2
ID 18009
1038568 591729.1
1059384 592188.2
1058242 571286.3
1039182 570905.2
1038568 591729.1
ID 18067
977763.5 590404.5
1003270 591033.2
1003651 573409.5
971365.2 569368.8
968150.8 569334.8
965717.7 570926.3
965660.6 575736.1
960038.1 575708.7
960050.3 590086.8
977763.5 590404.5
ID 18157
898991 590019.1
926425.7 589976
932984.2 575558.9
932990.5 551392.3
899244.6 551368.3
899251.1 568204
899123 580342.3
898991 590019.1
ID 18035
1058242 571286.3
1058508 563241.1
1059417 537733.2
1028555 537171.7
1027787 570743.9
1039182 570905.2
1058242 571286.3
ID 18159
1003689 570246.1
1003964 552547.8
971555.3 551822.7
971365.2 569368.8
1003651 573409.5
1003689 570246.1
ID 18095
1027787 570743.9
1028555 537171.7
1028786 522594.7
1004337 521973.6
1003964 552547.8
1003689 570246.1
1027787 570743.9
ID 18135
1058508 563241.1
1093767 564445.1
1094060 530538.4
1060688 529716.3
1059417 537733.2
1058508 563241.1
ID 18023
932984.2 575558.9
960038.1 575708.7
965660.6 575736.1
965717.7 570926.3
968150.8 569334.8
971365.2 569368.8
971555.3 551822.7
971627.6 547929.1
933005.2 547426.4
932990.5 551392.3
932984.2 575558.9
ID 18171
862422 580593.5
899123 580342.3
899251.1 568204
888200.8 562592
885990.4 561060.4
871188.3 548430.4
869866.9 546421
869721.5 545838.4
870044.2 544780.6
872441.6 541725.2
861818.5 544049.7
862422 580593.5
ID 18045
899244.6 551368.3
899344.4 522300.2
871212.8 522292.7
872441.6 541725.2
870044.2 544780.6
869721.5 545838.4
869866.9 546421
871188.3 548430.4
885990.4 561060.4
888200.8 562592
899251.1 568204
899244.6 551368.3
ID 18057
971555.3 551822.7
1003964 552547.8
1004337 521973.6
997942 520056.3
972032.2 519634.7
971627.6 547929.1
971555.3 551822.7
ID 18011
971627.6 547929.1
972032.2 519634.7
964716.3 519358.3
933180.2 519020.8
933005.2 547426.4
971627.6 547929.1
ID 18107
932990.5 551392.3
933005.2 547426.4
933180.2 519020.8
933214 512586.7
906319 512720.5
899344.4 522300.2
899244.6 551368.3
932990.5 551392.3
ID 18065
1028555 537171.7
1059417 537733.2
1060688 529716.3
1059516 505690.7
1052625 505446.4
1027327 504876.9
1028786 522594.7
1028555 537171.7
ID 18177
1094060 530538.4
1094160 520762.5
1094550 499620.6
1075688 497835.6
1062782 497653.5
1062745 505748.8
1059516 505690.7
1060688 529716.3
1094060 530538.4
ID 18165
872441.6 541725.2
871212.8 522292.7
874637 516896.1
875579.4 515395.7
876852.8 512239.1
874208.2 492686.9
874315.4 484030.7
861452.4 484010.5
861517.6 514638.1
861818.5 544049.7
872441.6 541725.2
ID 18059
1028786 522594.7
1027327 504876.9
1024365 495051.6
997068.4 494493.4
997942 520056.3
1004337 521973.6
1028786 522594.7
ID 18097
997942 520056.3
997068.4 494493.4
997107.6 487975.7
971548 487174.3
964973.6 486916.2
964716.3 519358.3
972032.2 519634.7
997942 520056.3
ID 18063
964716.3 519358.3
964973.6 486916.2
964166.2 486908.5
953004.2 486623.2
953053 483385.8
936626.2 483323.4
935473.4 486555
933977.3 497380.7
933912.7 512582.6
933214 512586.7
933180.2 519020.8
964716.3 519358.3
ID 18121
899344.4 522300.2
906319 512720.5
906046.7 483639.4
890065.7 483905.6
874315.4 484030.7
874208.2 492686.9
876852.8 512239.1
875579.4 515395.7
874637 516896.1
871212.8 522292.7
899344.4 522300.2
ID 18041
1052625 505446.4
1059516 505690.7
1062745 505748.8
1062782 497653.5
1075688 497835.6
1076026 476916.7
1053492 476342
1052625 505446.4
ID 18139
1027327 504876.9
1052625 505446.4
1053492 476342
1053701 468325.2
1025117 467795.9
1024365 495051.6
1027327 504876.9
ID 18161
1075688 497835.6
1094550 499620.6
1094926 481929.5
1095018 476898.6
1076026 476916.7
1075688 497835.6
ID 18133
906319 512720.5
933214 512586.7
933912.7 512582.6
933977.3 497380.7
935473.4 486555
936626.2 483323.4
934114.7 468768.6
912334.5 469055.1
906046.7 483639.4
906319 512720.5
ID 18145
997068.4 494493.4
1024365 495051.6
1025117 467795.9
1020555 456267.5
997520.3 455658.9
997107.6 487975.7
997068.4 494493.4
ID 18081
997107.6 487975.7
997520.3 455658.9
986007.7 455181.2
971693.1 454756.9
971548 487174.3
997107.6 487975.7
ID 18047
1095018 476898.6
1095270 452817.1
1074031 452525.4
1054197 447802.6
1053701 468325.2
1053492 476342
1076026 476916.7
1095018 476898.6
ID 18109
971548 487174.3
971693.1 454756.9
960512.8 454448.9
939006.2 455221.8
934114.7 468768.6
936626.2 483323.4
953053 483385.8
953004.2 486623.2
964166.2 486908.5
964973.6 486916.2
971548 487174.3
ID 18021
890065.7 483905.6
906046.7 483639.4
912334.5 469055.1
912142.9 454477.7
902556.2 454532.9
902485 435156.5
886398.2 435577.2
886445.5 445260.9
886625.7 474297.2
889959.3 474201.9
890065.7 483905.6
ID 18167
890065.7 483905.6
889959.3 474201.9
886625.7 474297.2
886445.5 445260.9
855056.6 445429.1
861426.2 469560.4
861452.4 484010.5
874315.4 484030.7
890065.7 483905.6
ID 18031
1025117 467795.9
1053701 468325.2
1054197 447802.6
1041958 439499.2
1020747 431926.8
1020555 456267.5
1025117 467795.9
ID 18119
912334.5 469055.1
934114.7 468768.6
939006.2 455221.8
934597.1 434972.6
902485 435156.5
902556.2 454532.9
912142.9 454477.7
912334.5 469055.1
ID 18029
1074031 452525.4
1095270 452817.1
1095763 430645.3
1090907 422176.0
1069118 412540
1074031 452525.4
ID 18137
1074031 452525.4
1069118 412540
1068873 410482.5
1063070 408608.5
1042105 408111.2
1041958 439499.2
1054197 447802.6
1074031 452525.4
ID 18005
1020555 456267.5
1020747 431926.8
1011146 424862.5
986828.1 422555.7
986007.7 455181.2
997520.3 455658.9
1020555 456267.5
ID 18013
971693.1 454756.9
986007.7 455181.2
986828.1 422555.7
966239.2 422193.5
960512.8 454448.9
971693.1 454756.9
ID 18105
939006.2 455221.8
960512.8 454448.9
966239.2 422193.5
966350.4 415761.8
934744.7 415729.6
934597.1 434972.6
939006.2 455221.8
ID 18079
1041958 439499.2
1042105 408111.2
1034014 407884.9
1032134 404584.1
1031025 402042.0
1027892 398016.5
1021546 396935.1
1011873 395915.9
1011146 424862.5
1020747 431926.8
1041958 439499.2
ID 18153
886445.5 445260.9
886398.2 435577.2
886344.5 406279.8
860888.6 405760.4
861439.4 406400.5
862235.3 408061.4
862827.3 411523.5
857653.1 422969.7
854022 428026.8
852860.8 434114.5
855056.6 445429.1
886445.5 445260.9
ID 18115
1069118 412540
1090907 422176.0
1098290 407912
1068873 410482.5
1069118 412540
ID 18055
902485 435156.5
934597.1 434972.6
934744.7 415729.6
934737.6 405992.9
915538.2 405877.7
898661 405836.5
886344.5 406279.8
886398.2 435577.2
902485 435156.5
ID 18071
986828.1 422555.7
1011146 424862.5
1011873 395915.9
1003891 387689.2
970229 390585.4
966350.4 415761.8
966239.2 422193.5
986828.1 422555.7
ID 18155
1068873 410482.5
1098290 407912
1098980 403005.5
1078889 392183.9
1063724 383939.1
1063070 408608.5
1068873 410482.5
ID 18077
1042105 408111.2
1063070 408608.5
1063724 383939.1
1052051 389134.0
1044289 371880.1
1031817 373873.7
1031604 381915.5
1028327 383484
1025905 385066.3
1023374 388247.4
1021670 390848.6
1021546 396935.1
1027892 398016.5
1031025 402042.0
1032134 404584.1
1034014 407884.9
1042105 408111.2
ID 18093
934744.7 415729.6
966350.4 415761.8
970229 390585.4
967414.4 382149.7
934822 381777.8
934737.6 405992.9
934744.7 415729.6
ID 18101
915538.2 405877.7
934737.6 405992.9
934822 381777.8
934964.3 363983.1
913882.2 361516.7
915538.2 405877.7
ID 18143
1021546 396935.1
1021670 390848.6
1023374 388247.4
1025905 385066.3
1028327 383484
1031604 381915.5
1031817 373873.7
1007678 368517.3
1003891 387689.2
1011873 395915.9
1021546 396935.1
ID 18027
898661 405836.5
915538.2 405877.7
913882.2 361516.7
900956.2 362624.6
886162.2 365992.9
883894 383124.1
885938.4 392030.7
887722.4 394846
895980.4 404119.5
898661 405836.5
ID 18083
886344.5 406279.8
898661 405836.5
895980.4 404119.5
887722.4 394846
885938.4 392030.7
883894 383124.1
886162.2 365992.9
885032.7 364517.9
883794.5 363523.7
882166.8 362329.8
880995.6 362154.4
876592.5 365716.5
875999.6 365930.6
870172.8 365564.3
866906.4 364781.8
842593.3 351746.6
850483 368712.5
852616.2 373036.8
860259.3 380977.4
861029.5 381516.7
862047.6 382972.9
863913.7 389823
864213 392494.4
861582.4 399804.0
861384.2 400126.5
861049.5 400218.1
860888.6 405760.4
886344.5 406279.8
ID 18175
970229 390585.4
1003891 387689.2
1007678 368517.3
1007726 366949.4
1006139 363740.1
1004547 362058.7
999059.7 361822.4
995098.3 360283.7
995073.3 352490.8
991741.5 352402
972345.3 352735.5
967645.9 352716
967414.4 382149.7
970229 390585.4
ID 18117
967414.4 382149.7
967645.9 352716
967655.8 349518.3
955173 349688.8
935109.5 349388.3
934964.3 363983.1
934822 381777.8
967414.4 382149.7
ID 18019
1031817 373873.7
1044289 371880.1
1043903 364938.2
1026290 348723.0
1013012 338313.3
1015610 345201.2
1011363 351152.7
997519.2 350866.4
995085.8 351668.6
995073.3 352490.8
995098.3 360283.7
999059.7 361822.4
1004547 362058.7
1006139 363740.1
1007726 366949.4
1007678 368517.3
1031817 373873.7
ID 18037
934964.3 363983.1
935109.5 349388.3
935340.5 334772.5
935393.2 333104.9
925487.7 333182.7
925560.3 328302.6
905773.4 328090.4
900898.8 331311.1
900956.2 362624.6
913882.2 361516.7
934964.3 363983.1
ID 18125
886162.2 365992.9
900956.2 362624.6
900898.8 331311.1
879555.3 332833.2
879665.7 347687.3
878947.4 348080.4
874262.4 347746.8
873016.2 347439.0
868475 353963.9
866869.1 357210.7
866906.4 364781.8
870172.8 365564.3
875999.6 365930.6
876592.5 365716.5
880995.6 362154.4
882166.8 362329.8
883794.5 363523.7
885032.7 364517.9
886162.2 365992.9
ID 18051
842593.3 351746.6
866906.4 364781.8
866869.1 357210.7
868475 353963.9
873016.2 347439.0
874262.4 347746.8
878947.4 348080.4
879665.7 347687.3
879555.3 332833.2
879530.9 327913.4
866429 327898.3
866353.8 323929.0
846982.1 324366
823653 331390.3
842593.3 351746.6
ID 18043
995073.3 352490.8
995085.8 351668.6
997519.2 350866.4
1011363 351152.7
1015610 345201.2
1013012 338313.3
1003626 325921.2
1003618 326767
998746 335010.4
997116 336630.1
993780.7 339517.6
993525 339517.2
991874.3 342718.5
991741.5 352402
995073.3 352490.8
ID 18061
991741.5 352402
991874.3 342718.5
993525 339517.2
993780.7 339517.6
997116 336630.1
998746 335010.4
1003618 326767
1003626 325921.2
999658.7 306859.5
995293.2 305806.3
992567.4 305201.2
980015.7 306986.9
979417.3 307135.1
975765.5 308944.7
972047.3 311841.6
971652.7 312149.2
971479.5 312479.8
971055.3 313289.4
970624.9 315499.7
970583.6 315711.8
970599.6 316201.4
970625.2 316987.3
970631.1 317169
971201.6 320247.3
972345.3 352735.5
991741.5 352402
ID 18025
967645.9 352716
972345.3 352735.5
971201.6 320247.3
952527.5 310768.2
954781.3 316378.5
954556 328633.9
944910.5 335179.7
935340.5 334772.5
935109.5 349388.3
955173 349688.8
967655.8 349518.3
967645.9 352716
ID 18123
935340.5 334772.5
944910.5 335179.7
954556 328633.9
954781.3 316378.5
952527.5 310768.2
952005.1 310742.8
950171 310581.7
949686.8 310377.4
949291.5 309896.9
949022.5 308735.6
949044.2 302114.5
942125.7 289871.4
939524.5 288257.2
938315 287982.9
937674.7 288100.1
923638.2 305345.9
925560.3 328302.6
925487.7 333182.7
935393.2 333104.9
935340.5 334772.5
ID 18173
879555.3 332833.2
900898.8 331311.1
905773.4 328090.4
900849.3 318120.4
883956 297539.4
883764 297159.7
883675.7 291826.9
880739.6 294244.9
867683.8 299026.0
867822.8 309460.3
865790.8 309444
865930 319100.7
866353.8 323929.0
866429 327898.3
879530.9 327913.4
879555.3 332833.2
ID 18147
925560.3 328302.6
923638.2 305345.9
909176 297751.9
903263 293270.7
895658.8 282299
883675.7 291826.9
883764 297159.7
883956 297539.4
900849.3 318120.4
905773.4 328090.4
925560.3 328302.6
ID 18129
823653 331390.3
846982.1 324366
845725 294669
825769.1 294962.4
816801.1 283630.1
813305.5 293744.1
817509 293483.9
817516.3 293486.5
817670.6 293540.8
817866 293609.6
817929.2 293711.4
818189.8 294131.3
821878.3 319408.2
823492.3 330868.1
823653 331390.3
ID 18163
846982.1 324366
866353.8 323929.0
865930 319100.7
865790.8 309444
867822.8 309460.3
867683.8 299026.0
845725 294669
846982.1 324366
