ID 20
376600.7 185344.6
405823 185259.7
415234.6 185267.4
453875 185446.3
492558.7 185751
502016 185855.0
531193.1 186250.1
550359.3 186568.5
569867.9 186966.6
588877.1 187387.0
627133.5 188366.0
629831.4 188445.7
629905.9 187405.9
630461 186643.1
641023.2 177677.2
645255.8 175136.1
647415.3 174388.7
649054 173822.1
649384 173708.0
649758.4 173753.3
653038.9 174151.2
653638.4 174393.2
654162.9 174875.0
654229.7 174936.4
657104.6 178278.4
664469.2 169598
665257.1 166323.3
665980 163321.2
665985.6 163298.2
664262.7 159348.3
662474.3 158986.0
656379.3 153461.3
656030.7 153082.0
653184.6 148777.1
652223 147324
649021.2 137201.0
660945.1 124876.4
676931.4 101204
693635.9 97235.36
693342.4 92096.47
693627.8 84393.15
694390.5 62559.6
694715.7 50457.95
695505.7 21539.21
695838.8 11681.11
697134.5 -24778.39
697237 -27345.17
698416 -67721.45
698510.7 -69879.58
699713.7 -101980.7
699812.5 -104859.2
700959 -136111.1
701184.1 -142622.1
666501.2 -143690.1
660635.2 -143882.4
630882.9 -144819.1
620666.9 -145100.7
597127.6 -145707.3
581320.7 -146102.2
578067.3 -146200.6
531338.1 -147065.1
511356.9 -147383.4
475917 -147781.2
447898.3 -148043.5
417610.7 -148163.4
390024.6 -148240.9
369073.4 -148206.8
351464.9 -148005.1
310850.5 -147601.3
270292.6 -147055.5
262730.1 -146919.1
221639.3 -145878.0
213899.5 -145660.3
165467.8 -144636.5
137661.7 -143977.9
126872.7 -143645.3
83376.51 -142332.9
41269.64 -140823.2
40020.56 -140772.1
42020.05 -96830.9
43305.06 -68536.49
43736.31 -58080.15
46111.35 38.94432
46137.75 741.8626
47792.2 39163.92
48206.89 48292.64
49821.8 87054.26
50195.48 96606.3
52132.17 144863.3
52157.77 145516.5
54122.03 193110.8
108783.7 190777.8
116210.5 190538.3
164447.1 188873.9
166153.9 188813.9
212695.5 187473.2
214041.6 187442.9
260954.6 186487.2
261156.6 186483.5
299325.1 185904.7
308880.6 185807.7
337978.9 185525.3
356922.5 185408.4
376600.7 185344.6
