ID 20181
52132.17 144863.3
106723.0 142629.3
108857.1 142543.3
106826.5 94498.82
99355.16 94741.82
50195.48 96606.3
52132.17 144863.3
ID 20193
106826.5 94498.82
108857.1 142543.3
164523.1 140623.2
166295.1 140578.7
164751.6 92328.56
156924.7 92570.98
132857.8 93343.13
119704.5 94041.2
106826.5 94498.82
ID 20029
405848.5 136956.5
405862.1 146612
454176.5 146804.7
454257.8 137136.3
454363.7 108187
406084.4 108029.5
405848.5 136956.5
ID 20179
166295.1 140578.7
212663.8 139196.7
214269.8 139201.2
212881.4 90886.63
164751.6 92328.56
166295.1 140578.7
ID 20005
649021.2 137201.0
660945.1 124876.4
642812.5 124301.2
609177.5 123342.2
609024.4 149310.7
628273.6 149851.5
652223 147324
649021.2 137201.0
ID 20085
609177.5 123342.2
608131.4 100765.1
569630.9 99883.57
568756.4 138684.9
589735.2 148818.0
609024.4 149310.7
609177.5 123342.2
ID 20065
212881.4 90886.63
214269.8 139201.2
260121.0 138259.4
262328.7 138207.9
261204.2 89938.4
214303.4 90883.08
212881.4 90886.63
ID 20163
262328.7 138207.9
308413.9 137598.1
310286.4 137566.0
309960.2 118249.6
309581.1 105423.8
309418.6 89297.35
262370.1 89910.6
261204.2 89938.4
262328.7 138207.9
ID 20141
357691.3 98504.85
357646.8 88855.38
310299.4 89299.09
309418.6 89297.35
309581.1 105423.8
309960.2 118249.6
310286.4 137566.0
356583.7 137141.2
358119.2 137119.9
357691.3 98504.85
ID 20123
405848.5 136956.5
406084.4 108029.5
406029.2 98341.32
357691.3 98504.85
358119.2 137119.9
405848.5 136956.5
ID 20027
454363.7 108187
454257.8 137136.3
489461 137415.6
489685.4 98982.43
489620.5 89214.8
454370.7 88845.24
454363.7 108187
ID 20161
489685.4 98982.43
489461 137415.6
502563.7 137568.4
521862.9 137833.8
511066.7 125820.1
510032.4 124057.6
510088.6 119626.4
514522.6 112068.5
518917 105639.8
527217.3 98417.02
532966.6 96093.98
539212 94420.13
529747.4 79928.35
529693.3 83160.14
522888.2 83065.77
499393.6 84449.57
499306.5 98948.37
489685.4 98982.43
ID 20149
569630.9 99883.57
569546 89889
569390.5 90762.07
566857.7 95703.87
565542 97240.35
563502.6 98033.35
553187.4 98609.06
547344 97093.08
542899.9 92397.21
541999.4 92607.22
539769.4 93908
539212 94420.13
532966.6 96093.98
527217.3 98417.02
518917 105639.8
514522.6 112068.5
510088.6 119626.4
510032.4 124057.6
511066.7 125820.1
521862.9 137833.8
551314.5 138342.4
568756.4 138684.9
569630.9 99883.57
ID 20103
642812.5 124301.2
660945.1 124876.4
676931.4 101204
667678.3 101024.4
667274.2 92840.35
667722.9 77577.89
655015.5 76168.77
643459.2 82684.22
643109.3 92067.12
643440.6 103232.0
642812.5 124301.2
ID 20087
609177.5 123342.2
642812.5 124301.2
643440.6 103232.0
643109.3 92067.12
643459.2 82684.22
631470 81010.26
630218.7 80908.1
628682.6 81257.61
625906.1 82799.98
624779.9 84000.45
623035 84696
621841.5 84894.33
620076.4 84640.97
616337.6 83212.28
608131.4 100765.1
609177.5 123342.2
ID 20143
406084.4 108029.5
454363.7 108187
454370.7 88845.24
454448.9 69526.51
406176.9 69375.49
406029.2 98341.32
406084.4 108029.5
ID 20199
99355.16 94741.82
96943.4 46541.75
89742.27 46767.52
48206.89 48292.64
49821.8 87054.26
50195.48 96606.3
99355.16 94741.82
ID 20109
106826.5 94498.82
119704.5 94041.2
132857.8 93343.13
156924.7 92570.98
154837.0 44504.37
127914.8 45471.14
96943.4 46541.75
99355.16 94741.82
106826.5 94498.82
ID 20105
406029.2 98341.32
406176.9 69375.49
406158.4 59707.53
357923.0 59776.13
357646.8 88855.38
357691.3 98504.85
406029.2 98341.32
ID 20063
164751.6 92328.56
212881.4 90886.63
214303.4 90883.08
212634.0 42632.45
204528.3 42925.74
166201.4 44176.5
154837.0 44504.37
156924.7 92570.98
164751.6 92328.56
ID 20061
489620.5 89214.8
489685.4 98982.43
499306.5 98948.37
499393.6 84449.57
522888.2 83065.77
529693.3 83160.14
529747.4 79928.35
530033.9 60618.69
496304.6 60189.32
489620.5 89214.8
ID 20177
569630.9 99883.57
608131.4 100765.1
616337.6 83212.28
616867.3 62548.03
578202.5 61575.51
569546 89889
569630.9 99883.57
ID 20197
569546 89889
578202.5 61575.51
578573.8 47051.94
543221.3 46365.08
530033.9 60618.69
529747.4 79928.35
539212 94420.13
539769.4 93908
541999.4 92607.22
542899.9 92397.21
547344 97093.08
553187.4 98609.06
563502.6 98033.35
565542 97240.35
566857.7 95703.87
569390.5 90762.07
569546 89889
ID 20209
693635.9 97235.36
693342.4 92096.47
693627.8 84393.15
680336.5 83883.93
672888.4 85575.96
671566.2 85496.57
670454 85102.64
669898.6 84628.06
667722.9 77577.89
667274.2 92840.35
667678.3 101024.4
676931.4 101204
693635.9 97235.36
ID 20195
214303.4 90883.08
261204.2 89938.4
262370.1 89910.6
260942.8 41544.99
212634.0 42632.45
214303.4 90883.08
ID 20051
262370.1 89910.6
309418.6 89297.35
310299.4 89299.09
309298.4 40885.84
262111.6 41524.78
260942.8 41544.99
262370.1 89910.6
ID 20167
310299.4 89299.09
357646.8 88855.38
357923.0 59776.13
357711.1 40481.96
310156.4 40868.24
309298.4 40885.84
310299.4 89299.09
ID 20041
489620.5 89214.8
496304.6 60189.32
493172.5 31192.52
454699 30830.97
454448.9 69526.51
454370.7 88845.24
489620.5 89214.8
ID 20045
643459.2 82684.22
655015.5 76168.77
655877.7 49137.43
617241.7 47978.16
616867.3 62548.03
616337.6 83212.28
620076.4 84640.97
621841.5 84894.33
623035 84696
624779.9 84000.45
625906.1 82799.98
628682.6 81257.61
630218.7 80908.1
631470 81010.26
643459.2 82684.22
ID 20091
667722.9 77577.89
669898.6 84628.06
670454 85102.64
671566.2 85496.57
672888.4 85575.96
680336.5 83883.93
693627.8 84393.15
694390.5 62559.6
694715.7 50457.95
655877.7 49137.43
655015.5 76168.77
667722.9 77577.89
ID 20169
454448.9 69526.51
454699 30830.97
406564.1 30702.32
406158.4 59707.53
406176.9 69375.49
454448.9 69526.51
ID 20053
357923.0 59776.13
406158.4 59707.53
406564.1 30702.32
406604.4 21030.69
358103.1 21027.61
357711.1 40481.96
357923.0 59776.13
ID 20127
530033.9 60618.69
543221.3 46365.08
543556.9 22210.93
502927.7 21666.4
493172.5 31192.52
496304.6 60189.32
530033.9 60618.69
ID 20139
616867.3 62548.03
617241.7 47978.16
617546.7 14206.28
578955.7 13241.94
578573.8 47051.94
578202.5 61575.51
616867.3 62548.03
ID 20071
48206.89 48292.64
89742.27 46767.52
87826.55 -1642.348
46111.35 38.94435
46137.75 741.8627
47792.2 39163.92
48206.89 48292.64
ID 20203
96943.4 46541.75
127914.8 45471.14
126499.9 -2923.314
90032.13 -1721.533
87826.55 -1642.348
89742.27 46767.52
96943.4 46541.75
ID 20171
127914.8 45471.14
154837.0 44504.37
166201.4 44176.5
165056.4 -4186.863
128441.1 -2985.325
126499.9 -2923.314
127914.8 45471.14
ID 20101
166201.4 44176.5
204528.3 42925.74
203575.3 -5445.997
165056.4 -4186.863
166201.4 44176.5
ID 20135
204528.3 42925.74
212634.0 42632.45
260942.8 41544.99
262111.6 41524.78
261461.3 2999.237
261344.6 -6686.153
205082.1 -5498.862
203575.3 -5445.997
204528.3 42925.74
ID 20165
262111.6 41524.78
309298.4 40885.84
310156.4 40868.24
309746.2 2186.85
261461.3 2999.237
262111.6 41524.78
ID 20121
694715.7 50457.95
695505.7 21539.21
695838.8 11681.11
656317.4 10437.51
655877.7 49137.43
694715.7 50457.95
ID 20059
617241.7 47978.16
655877.7 49137.43
656317.4 10437.51
617678.2 9326.77
617546.7 14206.28
617241.7 47978.16
ID 20111
543221.3 46365.08
578573.8 47051.94
578955.7 13241.94
578846.9 -15993.26
543956.5 -16526.66
543556.9 22210.93
543221.3 46365.08
ID 20009
357711.1 40481.96
358103.1 21027.61
357999.9 -7941.945
320128.7 -7625.256
309746.2 2186.85
310156.4 40868.24
357711.1 40481.96
ID 20113
454699 30830.97
455057.2 -17551.96
426105.4 -17683.58
406797.7 -17718.49
406604.4 21030.69
406564.1 30702.32
454699 30830.97
ID 20115
493172.5 31192.52
502927.7 21666.4
503201.1 2356.603
501585.6 2350.694
501435.5 -8600.186
501693.3 -26859.05
474308.4 -26931.55
455057.2 -17551.96
454699 30830.97
493172.5 31192.52
ID 20159
358103.1 21027.61
406604.4 21030.69
406797.7 -17718.49
358575.7 -17733.08
357999.9 -7941.945
358103.1 21027.61
ID 20017
502927.7 21666.4
543556.9 22210.93
543956.5 -16526.66
529610.5 -26359.18
501693.3 -26859.05
501435.5 -8600.186
501585.6 2350.694
503201.1 2356.603
502927.7 21666.4
ID 20031
617546.7 14206.28
617678.2 9326.77
618147.1 -5220.094
617328.6 -5242.253
617788.6 -29776.05
579154.4 -30503.87
578846.9 -15993.26
578955.7 13241.94
617546.7 14206.28
ID 20075
46111.35 38.94435
87826.55 -1642.348
90032.13 -1721.533
88838.11 -33915.17
89457.32 -50090.24
89073.01 -60234.19
43736.31 -58080.15
46111.35 38.94435
ID 20145
261461.3 2999.237
309746.2 2186.85
320128.7 -7625.256
319768 -36544.56
310205.1 -36452.8
281390.6 -36033.48
281525.4 -26397.26
262292.8 -26111.82
261344.6 -6686.153
261461.3 2999.237
ID 20107
695838.8 11681.11
697134.5 -24778.39
697237 -27345.17
656541.7 -28679.12
656333.1 -18986.65
656853.3 -4117.91
656317.4 10437.51
695838.8 11681.11
ID 20003
617678.2 9326.77
656317.4 10437.51
656853.3 -4117.91
656333.1 -18986.65
656541.7 -28679.12
617788.6 -29776.05
617328.6 -5242.253
618147.1 -5220.094
617678.2 9326.77
ID 20093
90032.13 -1721.533
126499.9 -2923.314
128441.1 -2985.325
127884.7 -21504.21
126731.9 -51327.97
127627.4 -61614.08
89073.01 -60234.19
89457.32 -50090.24
88838.11 -33915.17
90032.13 -1721.533
ID 20055
165056.4 -4186.863
203575.3 -5445.997
205082.1 -5498.862
204415.5 -34483.98
165992.8 -33271.78
165349.6 -52534.36
166179.2 -62860.72
127627.4 -61614.08
126731.9 -51327.97
127884.7 -21504.21
128441.1 -2985.325
165056.4 -4186.863
ID 20083
261344.6 -6686.153
262292.8 -26111.82
261943.4 -45465.31
204136.1 -44141.56
204415.5 -34483.98
205082.1 -5498.862
261344.6 -6686.153
ID 20185
320128.7 -7625.256
357999.9 -7941.945
358575.7 -17733.08
358401.1 -56362.54
310764.7 -55924.02
310205.1 -36452.8
319768 -36544.56
320128.7 -7625.256
ID 20155
406797.7 -17718.49
426105.4 -17683.58
426203.7 -46626.43
416945.3 -66534.68
359012.4 -66568.03
358401.1 -56362.54
358575.7 -17733.08
406797.7 -17718.49
ID 20079
455057.2 -17551.96
474308.4 -26931.55
474548.2 -46356.3
426203.7 -46626.43
426105.4 -17683.58
455057.2 -17551.96
ID 20073
578846.9 -15993.26
579154.4 -30503.87
579784.8 -64478.53
580098.2 -78974.87
530256.3 -79574.71
529610.5 -26359.18
543956.5 -16526.66
578846.9 -15993.26
ID 20047
262292.8 -26111.82
281525.4 -26397.26
281390.6 -36033.48
310205.1 -36452.8
310764.7 -55924.02
310630.3 -66150.77
262491.7 -65253.83
261943.4 -45465.31
262292.8 -26111.82
ID 20015
501693.3 -26859.05
529610.5 -26359.18
530256.3 -79574.71
530458 -94075.22
474928.4 -94883.85
474548.2 -46356.3
474308.4 -26931.55
501693.3 -26859.05
ID 20069
204136.1 -44141.56
203913.9 -92854.6
165270.2 -91864.23
166179.2 -62860.72
165349.6 -52534.36
165992.8 -33271.78
204415.5 -34483.98
204136.1 -44141.56
ID 20011
656541.7 -28679.12
697237 -27345.17
698416 -67721.45
656940.7 -69009.16
656723.2 -62564.65
656541.7 -28679.12
ID 20001
656541.7 -28679.12
656723.2 -62564.65
618157.7 -63679.96
617788.6 -29776.05
656541.7 -28679.12
ID 20207
579154.4 -30503.87
617788.6 -29776.05
618157.7 -63679.96
579784.8 -64478.53
579154.4 -30503.87
ID 20057
204136.1 -44141.56
261943.4 -45465.31
262491.7 -65253.83
262292.5 -94918.16
213548.3 -93141.05
203913.9 -92854.6
204136.1 -44141.56
ID 20173
426203.7 -46626.43
474548.2 -46356.3
474928.4 -94883.85
417038.8 -95360.5
416945.3 -66534.68
426203.7 -46626.43
ID 20187
43736.31 -58080.15
89073.01 -60234.19
87693.77 -98802.07
84968.74 -98712.23
42020.05 -96830.9
43305.06 -68536.49
43736.31 -58080.15
ID 20151
358401.1 -56362.54
359012.4 -66568.03
358876.6 -95605.87
310388.3 -95300.62
310630.3 -66150.77
310764.7 -55924.02
358401.1 -56362.54
ID 20067
89073.01 -60234.19
127627.4 -61614.08
126309.6 -100314.9
87693.77 -98802.07
89073.01 -60234.19
ID 20081
166179.2 -62860.72
165270.2 -91864.23
165008.0 -101561.7
128235.9 -100370.6
126309.6 -100314.9
127627.4 -61614.08
166179.2 -62860.72
ID 20097
262491.7 -65253.83
310630.3 -66150.77
310388.3 -95300.62
310378.7 -104867.8
263267.5 -104551.8
262292.5 -94918.16
262491.7 -65253.83
ID 20095
359012.4 -66568.03
416945.3 -66534.68
417038.8 -95360.5
417104.5 -105116.0
369005.9 -105327.2
358876.6 -95605.87
359012.4 -66568.03
ID 20133
656723.2 -62564.65
656940.7 -69009.16
657968.2 -101268.6
619605.2 -102393.6
619216.5 -102399
618157.7 -63679.96
656723.2 -62564.65
ID 20205
579784.8 -64478.53
618157.7 -63679.96
619216.5 -102399
580609.2 -103068.6
580098.2 -78974.87
579784.8 -64478.53
ID 20037
698416 -67721.45
698510.7 -69879.58
699713.7 -101980.7
699812.5 -104859.2
659267 -106107.2
657968.2 -101268.6
656940.7 -69009.16
698416 -67721.45
ID 20049
580098.2 -78974.87
580609.2 -103068.6
580560.1 -112780.7
530844.3 -113356.0
530458 -94075.22
530256.3 -79574.71
580098.2 -78974.87
ID 20119
203913.9 -92854.6
213548.3 -93141.05
213899.5 -145660.3
165467.8 -144636.5
165008.0 -101561.7
165270.2 -91864.23
203913.9 -92854.6
ID 20025
262292.5 -94918.16
263267.5 -104551.8
262730.1 -146919.1
221639.3 -145878.0
213899.5 -145660.3
213548.3 -93141.05
262292.5 -94918.16
ID 20129
42020.05 -96830.9
84968.74 -98712.23
83376.51 -142332.9
41269.64 -140823.2
40020.56 -140772.1
42020.05 -96830.9
ID 20189
84968.74 -98712.23
87693.77 -98802.07
126309.6 -100314.9
128235.9 -100370.6
126872.7 -143645.3
83376.51 -142332.9
84968.74 -98712.23
ID 20007
310388.3 -95300.62
358876.6 -95605.87
369005.9 -105327.2
369073.4 -148206.8
351464.9 -148005.1
310850.5 -147601.3
310378.7 -104867.8
310388.3 -95300.62
ID 20175
165008.0 -101561.7
165467.8 -144636.5
137661.7 -143977.9
126872.7 -143645.3
128235.9 -100370.6
165008.0 -101561.7
ID 20191
417038.8 -95360.5
474928.4 -94883.85
475917 -147781.2
447898.3 -148043.5
417610.7 -148163.4
417104.5 -105116.0
417038.8 -95360.5
ID 20035
474928.4 -94883.85
530458 -94075.22
530844.3 -113356.0
531338.1 -147065.1
511356.9 -147383.4
475917 -147781.2
474928.4 -94883.85
ID 20033
310378.7 -104867.8
310850.5 -147601.3
270292.6 -147055.5
262730.1 -146919.1
263267.5 -104551.8
310378.7 -104867.8
ID 20077
369005.9 -105327.2
417104.5 -105116.0
417610.7 -148163.4
390024.6 -148240.9
369073.4 -148206.8
369005.9 -105327.2
ID 20099
619605.2 -102393.6
657968.2 -101268.6
659267 -106107.2
660635.2 -143882.4
630882.9 -144819.1
620666.9 -145100.7
620452.5 -138132.6
620250.1 -115386.6
619605.2 -102393.6
ID 20125
580609.2 -103068.6
619216.5 -102399
619605.2 -102393.6
620250.1 -115386.6
620452.5 -138132.6
620666.9 -145100.7
597127.6 -145707.3
581320.7 -146102.2
580560.1 -112780.7
580609.2 -103068.6
ID 20021
659267 -106107.2
699812.5 -104859.2
700959 -136111.1
701184.1 -142622.1
666501.2 -143690.1
660635.2 -143882.4
659267 -106107.2
ID 20019
530844.3 -113356.0
580560.1 -112780.7
581320.7 -146102.2
578067.3 -146200.6
531338.1 -147065.1
530844.3 -113356.0
ID 20023
54122.03 193110.8
108783.7 190777.8
106723.0 142629.3
52132.17 144863.3
52157.77 145516.5
54122.03 193110.8
ID 20153
108783.7 190777.8
116210.5 190538.3
164447.1 188873.9
166153.9 188813.9
164523.1 140623.2
108857.1 142543.3
106723.0 142629.3
108783.7 190777.8
ID 20039
166153.9 188813.9
212695.5 187473.2
214041.6 187442.9
212663.8 139196.7
166295.1 140578.7
164523.1 140623.2
166153.9 188813.9
ID 20137
260954.6 186487.2
261156.6 186483.5
260121.0 138259.4
214269.8 139201.2
212663.8 139196.7
214041.6 187442.9
260954.6 186487.2
ID 20147
299325.1 185904.7
308880.6 185807.7
308413.9 137598.1
262328.7 138207.9
260121.0 138259.4
261156.6 186483.5
299325.1 185904.7
ID 20183
308880.6 185807.7
337978.9 185525.3
356922.5 185408.4
356583.7 137141.2
310286.4 137566.0
308413.9 137598.1
308880.6 185807.7
ID 20089
376600.7 185344.6
405823 185259.7
405862.1 146612
405848.5 136956.5
358119.2 137119.9
356583.7 137141.2
356922.5 185408.4
376600.7 185344.6
ID 20157
415234.6 185267.4
453875 185446.3
454176.5 146804.7
405862.1 146612
405823 185259.7
415234.6 185267.4
ID 20201
453875 185446.3
492558.7 185751
502016 185855.0
502563.7 137568.4
489461 137415.6
454257.8 137136.3
454176.5 146804.7
453875 185446.3
ID 20117
531193.1 186250.1
550359.3 186568.5
551314.5 138342.4
521862.9 137833.8
502563.7 137568.4
502016 185855.0
531193.1 186250.1
ID 20043
627133.5 188366.0
629831.4 188445.7
629905.9 187405.9
630461 186643.1
641023.2 177677.2
645255.8 175136.1
647415.3 174388.7
649054 173822.1
649384 173708.0
649758.4 173753.3
653038.9 174151.2
653638.4 174393.2
654162.9 174875.0
654229.7 174936.4
657104.6 178278.4
664469.2 169598
665257.1 166323.3
665980 163321.2
665985.6 163298.2
664262.7 159348.3
662474.3 158986.0
656379.3 153461.3
656030.7 153082.0
653184.6 148777.1
652223 147324
628273.6 149851.5
627133.5 188366.0
ID 20013
588877.1 187387.0
627133.5 188366.0
628273.6 149851.5
609024.4 149310.7
589735.2 148818.0
588877.1 187387.0
ID 20131
569867.9 186966.6
588877.1 187387.0
589735.2 148818.0
568756.4 138684.9
551314.5 138342.4
550359.3 186568.5
569867.9 186966.6
