ID 21
1166425 1026441
1165383 1024940
1160551 1025191
1158843 1028166
1158772 1028289
1157988 1030426
1157976 1030539
1157931 1030991
1157896 1031339
1158041 1031730
1158220 1032211
1158369 1032613
1158545 1032797
1159696 1033999
1160292 1034287
1161955 1034348
1164393 1033712
1165736 1033160
1165949 1032980
1166129 1032827
1166234 1032738
1166712 1031799
1166749 1031674
1167153 1030329
1167313 1029136
1167309 1029093
1167289 1028881
1167246 1028448
1167128 1028129
1166750 1027115
1166586 1026674
1166425 1026441
ID 21
1580439 1308086
1597496 1304818
1607630 1307252
1623889 1299336
1631690 1283112
1631958 1278011
1647489 1271841
1660429 1271822
1663357 1271153
1664360 1270639
1664865 1270180
1671610 1261646
1677998 1257619
1683051 1257667
1683941 1261487
1684726 1262482
1685687 1263032
1692807 1265193
1693882 1265322
1694615 1265192
1694735 1265150
1698152 1263956
1707213 1260798
1707437 1260664
1710215 1259000
1710373 1258906
1714934 1254750
1736426 1268953
1736427 1268954
1736440 1268969
1738067 1269498
1745659 1271948
1748106 1272718
1748201 1272747
1748637 1272705
1749495 1272221
1749857 1271765
1749954 1271553
1750119 1271189
1750249 1270900
1750272 1270744
1750299 1270561
1750393 1269916
1750388 1269149
1750387 1269038
1750387 1268983
1750158 1267643
1750607 1264114
1752233 1256695
1752383 1256269
1752842 1254964
1753452 1254108
1753539 1253986
1755273 1252545
1755638 1252340
1768985 1245558
1775566 1236449
1775298 1217059
1772069 1207901
1772056 1207865
1772323 1206884
1772867 1204881
1772883 1204824
1774278 1203247
1775921 1202760
1776143 1202660
1788461 1188359
1788468 1188346
1788559 1188167
1788591 1188103
1788567 1187839
1788535 1187481
1785819 1183905
1793968 1174764
1801684 1161814
1801663 1161740
1801742 1161186
1804471 1155897
1820924 1142341
1820958 1142325
1827058 1139416
1830602 1139811
1834113 1140445
1805152 1112918
1801415 1109120
1787433 1103183
1783701 1101138
1782681 1100579
1756479 1075084
1755227 1066802
1753033 1063883
1733799 1051424
1714152 1043079
1704661 1039309
1685636 1031751
1662791 1029881
1657707 1029932
1636315 1029787
1633228 1029770
1586971 1030407
1586321 1030418
1569938 1031431
1542377 1032647
1540595 1032524
1528051 1031664
1496543 1032023
1479738 1032774
1459317 1034107
1440841 1035418
1427176 1033630
1409385 1035518
1382773 1035239
1377923 1035198
1358169 1035413
1330860 1035533
1326122 1035497
1311885 1035407
1312286 1038779
1297821 1040596
1292574 1040847
1293627 1020727
1254583 1022219
1252147 1022331
1225285 1023325
1224335 1023360
1223653 1023390
1177858 1025062
1171461 1024848
1180064 1039297
1193797 1040812
1198914 1055607
1194100 1058822
1194058 1058849
1194334 1061379
1194393 1061404
1196974 1062528
1197010 1062543
1201577 1073131
1198890 1077473
1195723 1087083
1217542 1103780
1218023 1103905
1249987 1086324
1256349 1084968
1256992 1084997
1259139 1085677
1260493 1088391
1262459 1094311
1260549 1100039
1259605 1101178
1258474 1101946
1255278 1106700
1254764 1109148
1254895 1109879
1254900 1109911
1258585 1120453
1259179 1121477
1260477 1122796
1261305 1123258
1261978 1123634
1263564 1124156
1264138 1124345
1269100 1122149
1271636 1124793
1273266 1126000
1273324 1126026
1273779 1126233
1276037 1127257
1276245 1127292
1276822 1127390
1278391 1127655
1280234 1127833
1292678 1129046
1293632 1129140
1295517 1130836
1295646 1132286
1295673 1132591
1289496 1140407
1288950 1141777
1287595 1146957
1287585 1147070
1287378 1149608
1287369 1149715
1287564 1150482
1288172 1151638
1288319 1151844
1289124 1152978
1290848 1155409
1290919 1155450
1295309 1157917
1296476 1158923
1297263 1160013
1297814 1161091
1299410 1165136
1308537 1176338
1328485 1175759
1350502 1179802
1363487 1174835
1366388 1172376
1378233 1162678
1385993 1173539
1391969 1177935
1406537 1185322
1420325 1167878
1420963 1167752
1422176 1168009
1424800 1169586
1431892 1181728
1431965 1188348
1432251 1189505
1432653 1189980
1433140 1190177
1434976 1190312
1435499 1190330
1454305 1199539
1453690 1196470
1453682 1196288
1453645 1195503
1453622 1195014
1453660 1194801
1454059 1192585
1454471 1191770
1454640 1191437
1455030 1191123
1458706 1188174
1462331 1186313
1462927 1186156
1475450 1184191
1478184 1184757
1482563 1185747
1486802 1204747
1496364 1217000
1509788 1227215
1527631 1243169
1528118 1250103
1536129 1267237
1547721 1261873
1563001 1269892
1583243 1280412
1582626 1285326
1575458 1299693
1580439 1308086
