ID 21117
1607630 1307252
1615688 1275325
1605843 1273556
1598532 1274615
1597496 1304818
1607630 1307252
ID 21037
1623889 1299336
1631690 1283112
1615688 1275325
1607630 1307252
1623889 1299336
ID 21015
1597496 1304818
1598532 1274615
1594712 1271802
1583243 1280412
1582626 1285326
1575458 1299693
1580439 1308086
1597496 1304818
ID 21089
1755638 1252340
1768985 1245558
1756189 1230490
1747812 1233010
1735435 1240036
1731990 1241656
1725329 1244026
1736426 1268953
1736427 1268954
1736440 1268969
1738067 1269498
1745659 1271948
1748106 1272718
1748201 1272747
1748637 1272705
1749495 1272221
1749857 1271765
1749954 1271553
1750119 1271189
1750249 1270900
1750272 1270744
1750299 1270561
1750393 1269916
1750388 1269149
1750387 1269038
1750387 1268983
1750158 1267643
1750607 1264114
1752233 1256695
1752383 1256269
1752842 1254964
1753452 1254108
1753539 1253986
1755273 1252545
1755638 1252340
ID 21191
1631958 1278011
1634574 1250700
1611033 1245998
1605843 1273556
1615688 1275325
1631690 1283112
1631958 1278011
ID 21135
1736426 1268953
1725329 1244026
1719885 1230688
1720345 1226127
1719910 1225362
1716232 1223776
1710602 1223151
1700683 1229809
1683804 1245358
1683051 1257667
1683941 1261487
1684726 1262482
1685687 1263032
1692807 1265193
1693882 1265322
1694615 1265192
1694735 1265150
1698152 1263956
1707213 1260798
1707437 1260664
1710215 1259000
1710373 1258906
1714934 1254750
1736426 1268953
ID 21023
1660429 1271822
1653187 1252311
1638430 1247623
1634574 1250700
1631958 1278011
1647489 1271841
1660429 1271822
ID 21077
1583243 1280412
1594712 1271802
1583849 1265332
1570986 1258774
1563001 1269892
1583243 1280412
ID 21161
1683051 1257667
1683804 1245358
1676911 1242827
1665008 1237293
1658738 1241169
1653187 1252311
1660429 1271822
1663357 1271153
1664360 1270639
1664865 1270180
1671610 1261646
1677998 1257619
1683051 1257667
ID 21081
1598532 1274615
1605843 1273556
1611033 1245998
1604046 1240357
1602042 1238108
1599484 1239119
1597872 1240028
1584958 1254070
1583849 1265332
1594712 1271802
1598532 1274615
ID 21041
1547721 1261873
1563001 1269892
1570986 1258774
1558872 1251437
1550688 1250143
1536129 1267237
1547721 1261873
ID 21187
1570986 1258774
1583849 1265332
1584958 1254070
1597872 1240028
1599484 1239119
1602042 1238108
1588239 1224541
1576874 1224931
1558872 1251437
1570986 1258774
ID 21019
1775566 1236449
1775298 1217059
1758689 1216136
1756189 1230490
1768985 1245558
1775566 1236449
ID 21223
1536129 1267237
1550688 1250143
1538041 1239725
1527631 1243169
1528118 1250103
1536129 1267237
ID 21201
1653187 1252311
1658738 1241169
1654518 1235189
1643805 1237248
1638430 1247623
1653187 1252311
ID 21043
1725329 1244026
1731990 1241656
1735435 1240036
1747812 1233010
1756189 1230490
1758689 1216136
1747493 1208148
1745954 1207506
1743213 1207762
1736640 1209799
1733365 1212710
1727095 1217052
1725063 1217671
1719472 1209273
1710602 1223151
1716232 1223776
1719910 1225362
1720345 1226127
1719885 1230688
1725329 1244026
ID 21097
1638430 1247623
1643805 1237248
1635951 1227366
1614377 1217205
1604046 1240357
1611033 1245998
1634574 1250700
1638430 1247623
ID 21069
1683804 1245358
1700683 1229809
1696935 1224436
1695556 1219719
1696164 1217639
1691787 1212462
1690152 1211024
1685235 1207882
1684928 1206816
1684276 1206009
1680975 1210767
1678666 1216545
1676721 1218373
1675839 1218974
1667442 1220281
1667056 1220261
1666322 1219608
1654518 1235189
1658738 1241169
1665008 1237293
1676911 1242827
1683804 1245358
ID 21103
1550688 1250143
1558872 1251437
1576874 1224931
1565785 1222486
1540811 1224810
1538041 1239725
1550688 1250143
ID 21181
1654518 1235189
1666322 1219608
1655195 1207774
1635951 1227366
1643805 1237248
1654518 1235189
ID 21209
1604046 1240357
1614377 1217205
1618064 1208882
1598637 1198471
1589760 1207161
1588239 1224541
1602042 1238108
1604046 1240357
ID 21205
1710602 1223151
1719472 1209273
1718041 1200683
1703297 1191277
1697547 1192993
1685235 1207882
1690152 1211024
1691787 1212462
1696164 1217639
1695556 1219719
1696935 1224436
1700683 1229809
1710602 1223151
ID 21127
1758689 1216136
1775298 1217059
1772069 1207901
1772056 1207865
1772323 1206884
1772867 1204881
1772883 1204824
1774278 1203247
1775921 1202760
1776143 1202660
1788461 1188359
1788468 1188346
1788559 1188167
1788591 1188103
1788567 1187839
1788535 1187481
1785819 1183905
1775944 1176205
1769937 1177602
1764972 1179933
1756366 1185410
1746038 1188716
1745670 1188681
1744075 1187589
1743572 1186869
1742563 1184558
1739511 1189257
1747493 1208148
1758689 1216136
ID 21185
1538041 1239725
1540811 1224810
1537216 1219468
1534822 1218687
1531585 1219260
1528201 1218653
1526678 1218246
1525831 1217784
1524718 1216681
1509788 1227215
1527631 1243169
1538041 1239725
ID 21017
1614377 1217205
1635951 1227366
1655195 1207774
1646384 1199056
1628424 1193420
1618064 1208882
1614377 1217205
ID 21063
1747493 1208148
1739511 1189257
1718041 1200683
1719472 1209273
1725063 1217671
1727095 1217052
1733365 1212710
1736640 1209799
1743213 1207762
1745954 1207506
1747493 1208148
ID 21011
1666322 1219608
1667056 1220261
1667442 1220281
1675839 1218974
1676721 1218373
1678666 1216545
1680975 1210767
1684276 1206009
1684928 1206816
1685235 1207882
1697547 1192993
1674810 1186700
1674232 1188283
1669206 1195752
1664656 1200839
1663797 1201759
1659352 1202952
1655195 1207774
1666322 1219608
ID 21073
1576874 1224931
1588239 1224541
1589760 1207161
1577621 1198314
1563660 1199539
1565785 1222486
1576874 1224931
ID 21211
1540811 1224810
1565785 1222486
1563660 1199539
1556905 1189238
1528572 1201389
1524718 1216681
1525831 1217784
1526678 1218246
1528201 1218653
1531585 1219260
1534822 1218687
1537216 1219468
1540811 1224810
ID 21111
1509788 1227215
1524718 1216681
1528572 1201389
1528159 1198143
1516963 1193193
1503293 1194646
1489250 1189732
1486455 1188110
1483465 1184839
1482563 1185747
1486802 1204747
1496364 1217000
1509788 1227215
ID 21173
1655195 1207774
1659352 1202952
1663797 1201759
1664656 1200839
1669206 1195752
1674232 1188283
1674810 1186700
1674172 1177767
1656766 1178837
1646384 1199056
1655195 1207774
ID 21175
1739511 1189257
1742563 1184558
1741542 1172886
1737949 1174934
1733999 1176136
1730535 1176515
1730285 1176292
1718399 1162250
1719327 1155999
1712838 1163395
1703957 1167427
1699375 1170072
1698385 1172040
1703297 1191277
1718041 1200683
1739511 1189257
ID 21067
1618064 1208882
1628424 1193420
1624238 1173918
1615659 1168816
1595696 1185947
1598637 1198471
1618064 1208882
ID 21239
1589760 1207161
1598637 1198471
1595696 1185947
1591527 1170156
1583797 1182084
1577621 1198314
1589760 1207161
ID 21115
1775944 1176205
1774058 1158487
1773818 1158734
1766700 1161281
1764066 1161662
1761207 1160947
1750495 1156901
1747635 1157217
1741542 1172886
1742563 1184558
1743572 1186869
1744075 1187589
1745670 1188681
1746038 1188716
1756366 1185410
1764972 1179933
1769937 1177602
1775944 1176205
ID 21049
1646384 1199056
1656766 1178837
1653829 1168436
1646914 1169947
1624238 1173918
1628424 1193420
1646384 1199056
ID 21159
1793968 1174764
1801684 1161814
1780988 1154780
1774058 1158487
1775944 1176205
1785819 1183905
1793968 1174764
ID 21165
1697547 1192993
1703297 1191277
1698385 1172040
1686514 1167713
1674172 1177767
1674810 1186700
1697547 1192993
ID 21005
1563660 1199539
1577621 1198314
1583797 1182084
1576437 1178759
1565294 1173149
1564133 1172715
1563534 1172856
1563281 1173199
1552531 1173797
1551155 1181997
1556905 1189238
1563660 1199539
ID 21215
1528572 1201389
1556905 1189238
1551155 1181997
1522920 1183988
1528159 1198143
1528572 1201389
ID 21029
1528159 1198143
1522920 1183988
1514541 1173064
1515254 1172245
1515143 1172034
1509486 1166590
1506476 1164945
1502552 1163888
1501064 1164090
1483465 1184839
1486455 1188110
1489250 1189732
1503293 1194646
1516963 1193193
1528159 1198143
ID 21153
1741542 1172886
1747635 1157217
1749756 1131774
1747669 1133544
1720637 1151263
1719327 1155999
1718399 1162250
1730285 1176292
1730535 1176515
1733999 1176136
1737949 1174934
1741542 1172886
ID 21197
1656766 1178837
1674172 1177767
1686514 1167713
1680004 1155469
1678771 1155428
1669667 1158704
1662708 1159873
1657177 1164471
1653829 1168436
1656766 1178837
ID 21113
1595696 1185947
1615659 1168816
1607865 1160105
1604086 1155642
1603813 1155518
1602554 1156149
1600145 1159784
1600106 1162413
1594146 1166641
1592783 1166364
1590994 1164990
1591527 1170156
1595696 1185947
ID 21163
1435499 1190330
1454305 1199539
1453690 1196470
1453682 1196288
1453645 1195503
1453622 1195014
1453660 1194801
1454059 1192585
1454471 1191770
1454640 1191437
1455030 1191123
1458706 1188174
1462331 1186313
1462927 1186156
1475450 1184191
1478184 1184757
1480113 1171241
1477346 1164839
1464637 1162731
1434976 1190312
1435499 1190330
ID 21195
1780988 1154780
1801684 1161814
1801663 1161740
1801742 1161186
1804471 1155897
1820924 1142341
1820958 1142325
1827058 1139416
1830602 1139811
1834113 1140445
1805152 1112918
1801415 1109120
1787433 1103183
1783701 1101138
1782681 1100579
1779537 1104019
1776836 1106110
1776324 1106170
1773658 1104494
1771178 1104635
1767559 1108449
1769452 1110041
1770353 1110584
1772047 1112410
1777222 1121552
1779685 1128297
1779868 1130711
1778772 1134283
1776475 1137041
1776537 1153000
1777003 1153502
1778560 1154254
1780988 1154780
ID 21237
1698385 1172040
1699375 1170072
1703957 1167427
1712838 1163395
1719327 1155999
1720637 1151263
1708033 1154286
1705578 1153202
1705040 1152480
1704682 1151498
1704712 1150768
1704339 1149376
1702935 1147231
1702217 1146426
1699386 1145272
1696581 1147183
1680004 1155469
1686514 1167713
1698385 1172040
ID 21167
1583797 1182084
1591527 1170156
1590994 1164990
1588630 1153609
1563944 1149579
1563281 1173199
1563534 1172856
1564133 1172715
1565294 1173149
1576437 1178759
1583797 1182084
ID 21071
1774058 1158487
1780988 1154780
1778560 1154254
1777003 1153502
1776537 1153000
1776475 1137041
1778772 1134283
1779868 1130711
1779685 1128297
1777222 1121552
1772047 1112410
1770353 1110584
1769452 1110041
1767870 1110921
1766033 1112258
1765635 1112738
1764549 1117527
1765064 1120479
1765014 1124132
1764350 1125427
1758316 1129593
1749756 1131774
1747635 1157217
1750495 1156901
1761207 1160947
1764066 1161662
1766700 1161281
1773818 1158734
1774058 1158487
ID 21179
1551155 1181997
1552531 1173797
1530711 1155145
1520184 1135542
1516756 1132258
1516388 1132059
1512125 1134052
1512115 1136171
1512640 1139536
1513007 1141213
1515061 1143092
1513915 1150982
1513135 1151626
1507339 1154891
1506130 1155248
1501064 1164090
1502552 1163888
1506476 1164945
1509486 1166590
1515143 1172034
1515254 1172245
1514541 1173064
1522920 1183988
1551155 1181997
ID 21151
1624238 1173918
1646914 1169947
1646594 1138134
1637047 1133156
1623907 1134738
1607865 1160105
1615659 1168816
1624238 1173918
ID 21065
1646914 1169947
1653829 1168436
1657177 1164471
1662708 1159873
1669667 1158704
1678771 1155428
1662976 1135850
1646594 1138134
1646914 1169947
ID 21093
1482563 1185747
1483465 1184839
1501064 1164090
1506130 1155248
1499798 1145905
1495654 1141789
1488889 1134436
1487328 1122847
1473679 1123963
1472865 1129531
1468007 1136652
1466354 1136987
1464730 1136316
1462257 1135642
1453595 1139983
1464637 1162731
1477346 1164839
1480113 1171241
1478184 1184757
1482563 1185747
ID 21027
1420325 1167878
1420963 1167752
1422176 1168009
1424800 1169586
1431892 1181728
1431965 1188348
1432251 1189505
1432653 1189980
1433140 1190177
1434976 1190312
1464637 1162731
1453595 1139983
1452543 1139406
1444785 1136228
1436412 1140395
1436407 1140850
1435455 1142034
1433177 1143381
1432801 1143377
1430707 1142544
1428604 1140616
1425534 1136983
1421589 1147804
1423042 1147050
1418274 1162386
1419367 1167143
1420325 1167878
ID 21229
1563281 1173199
1563944 1149579
1563535 1144272
1543491 1144129
1536966 1146491
1533537 1150387
1530711 1155145
1552531 1173797
1563281 1173199
ID 21079
1590994 1164990
1592783 1166364
1594146 1166641
1600106 1162413
1600145 1159784
1602554 1156149
1603813 1155518
1604086 1155642
1607865 1160105
1623907 1134738
1615241 1128707
1596338 1144973
1588630 1153609
1590994 1164990
ID 21025
1696581 1147183
1699386 1145272
1702217 1146426
1702935 1147231
1704339 1149376
1704712 1150768
1704682 1151498
1705040 1152480
1705578 1153202
1708033 1154286
1720637 1151263
1747669 1133544
1732419 1122232
1725722 1123089
1705751 1115931
1695126 1113425
1691908 1132406
1696581 1147183
ID 21091
1391969 1177935
1406537 1185322
1420325 1167878
1419367 1167143
1418274 1162386
1423042 1147050
1421589 1147804
1405403 1156405
1406020 1162383
1402821 1167878
1398102 1173857
1391253 1174462
1391969 1177935
ID 21129
1680004 1155469
1696581 1147183
1691908 1132406
1688323 1134059
1684141 1134216
1682947 1132842
1677472 1130734
1670365 1129820
1668636 1130361
1666719 1131364
1664827 1133133
1662976 1135850
1678771 1155428
1680004 1155469
ID 21059
1363487 1174835
1366388 1172376
1378233 1162678
1385993 1173539
1391969 1177935
1391253 1174462
1398102 1173857
1402821 1167878
1406020 1162383
1405403 1156405
1401530 1153248
1395629 1143989
1386177 1137011
1353723 1151131
1363487 1174835
ID 21101
1350502 1179802
1363487 1174835
1353723 1151131
1345993 1147293
1324888 1146691
1308537 1176338
1328485 1175759
1350502 1179802
ID 21021
1588630 1153609
1596338 1144973
1579761 1135178
1562769 1134732
1563535 1144272
1563944 1149579
1588630 1153609
ID 21119
1749756 1131774
1758316 1129593
1764350 1125427
1765014 1124132
1765064 1120479
1764549 1117527
1765635 1112738
1766033 1112258
1767870 1110921
1769452 1110041
1767559 1108449
1761484 1107116
1755005 1103629
1753109 1101704
1751194 1100191
1747446 1097870
1745536 1098089
1744108 1099340
1732419 1122232
1747669 1133544
1749756 1131774
ID 21155
1530711 1155145
1533537 1150387
1536966 1146491
1543491 1144129
1563535 1144272
1562769 1134732
1559859 1120119
1554961 1124471
1535385 1126383
1527121 1126481
1525304 1125915
1525110 1125689
1520184 1135542
1530711 1155145
ID 21225
1299410 1165136
1308537 1176338
1324888 1146691
1306943 1129491
1295673 1132591
1289496 1140407
1288950 1141777
1287595 1146957
1287585 1147070
1287378 1149608
1287369 1149715
1287564 1150482
1288172 1151638
1288319 1151844
1289124 1152978
1290848 1155409
1290919 1155450
1295309 1157917
1296476 1158923
1297263 1160013
1297814 1161091
1299410 1165136
ID 21123
1506130 1155248
1507339 1154891
1513135 1151626
1513915 1150982
1515061 1143092
1513007 1141213
1512640 1139536
1512115 1136171
1512125 1134052
1516388 1132059
1516756 1132258
1520184 1135542
1525110 1125689
1514725 1126153
1508207 1120839
1487328 1122847
1488889 1134436
1495654 1141789
1499798 1145905
1506130 1155248
ID 21137
1596338 1144973
1615241 1128707
1610512 1111180
1591324 1100926
1592532 1107775
1591009 1114467
1584468 1117764
1579582 1121767
1578716 1126225
1579761 1135178
1596338 1144973
ID 21189
1691908 1132406
1695126 1113425
1697192 1105030
1693692 1105709
1681209 1113472
1674097 1114525
1664827 1133133
1666719 1131364
1668636 1130361
1670365 1129820
1677472 1130734
1682947 1132842
1684141 1134216
1688323 1134059
1691908 1132406
ID 21109
1646594 1138134
1662976 1135850
1664827 1133133
1674097 1114525
1660278 1103352
1642875 1110741
1642095 1116116
1640303 1122083
1638100 1125957
1636736 1129065
1636634 1131917
1637047 1133156
1646594 1138134
ID 21203
1637047 1133156
1636634 1131917
1636736 1129065
1638100 1125957
1640303 1122083
1642095 1116116
1642875 1110741
1629780 1091842
1610512 1111180
1615241 1128707
1623907 1134738
1637047 1133156
ID 21193
1732419 1122232
1744108 1099340
1741087 1094995
1739145 1091322
1738919 1090540
1740704 1086090
1740248 1080744
1739870 1079547
1739511 1079153
1735177 1076453
1734882 1076478
1733888 1077407
1728478 1079449
1729129 1084220
1728267 1088939
1725393 1095394
1722355 1098600
1713372 1105559
1706438 1110546
1698942 1102568
1697192 1105030
1695126 1113425
1705751 1115931
1725722 1123089
1732419 1122232
ID 21183
1405403 1156405
1421589 1147804
1425534 1136983
1423673 1118215
1411447 1108989
1405535 1107119
1397983 1098177
1380516 1121009
1386177 1137011
1395629 1143989
1401530 1153248
1405403 1156405
ID 21045
1562769 1134732
1579761 1135178
1578716 1126225
1579582 1121767
1584468 1117764
1591009 1114467
1592532 1107775
1591324 1100926
1575438 1087243
1562756 1094871
1551852 1108612
1559859 1120119
1562769 1134732
ID 21133
1767559 1108449
1771178 1104635
1773658 1104494
1776324 1106170
1776836 1106110
1779537 1104019
1782681 1100579
1756479 1075084
1750121 1079476
1736185 1073873
1733888 1077407
1734882 1076478
1735177 1076453
1739511 1079153
1739870 1079547
1740248 1080744
1740704 1086090
1738919 1090540
1739145 1091322
1741087 1094995
1744108 1099340
1745536 1098089
1747446 1097870
1751194 1100191
1753109 1101704
1755005 1103629
1761484 1107116
1767559 1108449
ID 21085
1425534 1136983
1428604 1140616
1430707 1142544
1432801 1143377
1433177 1143381
1435455 1142034
1436407 1140850
1436412 1140395
1444785 1136228
1452543 1139406
1453595 1139983
1462257 1135642
1464730 1136316
1466354 1136987
1468007 1136652
1472865 1129531
1473679 1123963
1463883 1111325
1436280 1109863
1423673 1118215
1425534 1136983
ID 21149
1353723 1151131
1386177 1137011
1380516 1121009
1363123 1118588
1356458 1138518
1345993 1147293
1353723 1151131
ID 21051
1674097 1114525
1681209 1113472
1693692 1105709
1697192 1105030
1698942 1102568
1699623 1069550
1692409 1071311
1690436 1071488
1686831 1072527
1683198 1074111
1680710 1075456
1680572 1076255
1679546 1077759
1678509 1078892
1675747 1079988
1668213 1081764
1667121 1081761
1666862 1084611
1664829 1088463
1660499 1091729
1658169 1094878
1660278 1103352
1674097 1114525
ID 21131
1698942 1102568
1706438 1110546
1713372 1105559
1722355 1098600
1725393 1095394
1728267 1088939
1729129 1084220
1728478 1079449
1701446 1064818
1699623 1069550
1698942 1102568
ID 21233
1345993 1147293
1356458 1138518
1345511 1129564
1334105 1125153
1317207 1114922
1318346 1118070
1306943 1129491
1324888 1146691
1345993 1147293
ID 21217
1525110 1125689
1525304 1125915
1527121 1126481
1535385 1126383
1554961 1124471
1559859 1120119
1551852 1108612
1535266 1095423
1528347 1107702
1524074 1114375
1514576 1122056
1514427 1123034
1514725 1126153
1525110 1125689
ID 21087
1508207 1120839
1514725 1126153
1514427 1123034
1514576 1122056
1524074 1114375
1528347 1107702
1535266 1095423
1519837 1086146
1505624 1094204
1508207 1120839
ID 21125
1642875 1110741
1660278 1103352
1658169 1094878
1660499 1091729
1664829 1088463
1666862 1084611
1667121 1081761
1647685 1070422
1629404 1068992
1623966 1070407
1629780 1091842
1642875 1110741
ID 21107
1356458 1138518
1363123 1118588
1355683 1109465
1356082 1103227
1361147 1095509
1359345 1092599
1353025 1089943
1342548 1087166
1328500 1092355
1317207 1114922
1334105 1125153
1345511 1129564
1356458 1138518
ID 21199
1591324 1100926
1610512 1111180
1629780 1091842
1623966 1070407
1604494 1059895
1581435 1074107
1575438 1087243
1591324 1100926
ID 21099
1487328 1122847
1508207 1120839
1505624 1094204
1500504 1092859
1472789 1092597
1463883 1111325
1473679 1123963
1487328 1122847
ID 21001
1551852 1108612
1562756 1094871
1558664 1088078
1551934 1077854
1548452 1073764
1546159 1065806
1526560 1067174
1519837 1086146
1535266 1095423
1551852 1108612
ID 21055
1306943 1129491
1318346 1118070
1291692 1096534
1282972 1093145
1269100 1122149
1271636 1124793
1273266 1126000
1273324 1126026
1273779 1126233
1276037 1127257
1276245 1127292
1276822 1127390
1278391 1127655
1280234 1127833
1292678 1129046
1293632 1129140
1295517 1130836
1295646 1132286
1295673 1132591
1306943 1129491
ID 21031
1423673 1118215
1436280 1109863
1442334 1093046
1436209 1092072
1422873 1093112
1417711 1074361
1394059 1082334
1397983 1098177
1405535 1107119
1411447 1108989
1423673 1118215
ID 21177
1380516 1121009
1397983 1098177
1394059 1082334
1384096 1081563
1365764 1083046
1359345 1092599
1361147 1095509
1356082 1103227
1355683 1109465
1363123 1118588
1380516 1121009
ID 21061
1436280 1109863
1463883 1111325
1472789 1092597
1467665 1080829
1442334 1093046
1436280 1109863
ID 21095
1728478 1079449
1733888 1077407
1736185 1073873
1750121 1079476
1756479 1075084
1755227 1066802
1753033 1063883
1733799 1051424
1714152 1043079
1704661 1039309
1701446 1064818
1728478 1079449
ID 21207
1562756 1094871
1575438 1087243
1581435 1074107
1561155 1058554
1556346 1055025
1549516 1060011
1546435 1061682
1545951 1061434
1545935 1060885
1547672 1057976
1546447 1057643
1545752 1057882
1545174 1058301
1542326 1062755
1546159 1065806
1548452 1073764
1551934 1077854
1558664 1088078
1562756 1094871
ID 21121
1667121 1081761
1668213 1081764
1675747 1079988
1678509 1078892
1679546 1077759
1680572 1076255
1680710 1075456
1683198 1074111
1686831 1072527
1690436 1071488
1692409 1071311
1694214 1069544
1694565 1068653
1693743 1066447
1687659 1061090
1683632 1058047
1674401 1050599
1667339 1040972
1660037 1045249
1650270 1059131
1647685 1070422
1667121 1081761
ID 21139
1269100 1122149
1282972 1093145
1278299 1074938
1256856 1080077
1249987 1086324
1256349 1084968
1256992 1084997
1259139 1085677
1260493 1088391
1262459 1094311
1260549 1100039
1259605 1101178
1258474 1101946
1255278 1106700
1254764 1109148
1254895 1109879
1254900 1109911
1258585 1120453
1259179 1121477
1260477 1122796
1261305 1123258
1261978 1123634
1263564 1124156
1264138 1124345
1269100 1122149
ID 21033
1317207 1114922
1328500 1092355
1323459 1076094
1310583 1071717
1302130 1083861
1296469 1095876
1291692 1096534
1318346 1118070
1317207 1114922
ID 21169
1505624 1094204
1519837 1086146
1526560 1067174
1513734 1053810
1500958 1056396
1499950 1074711
1499183 1081568
1498076 1086147
1497608 1089316
1500504 1092859
1505624 1094204
ID 21009
1500504 1092859
1497608 1089316
1498076 1086147
1499183 1081568
1499950 1074711
1500958 1056396
1479735 1043233
1462869 1066741
1467665 1080829
1472789 1092597
1500504 1092859
ID 21013
1699623 1069550
1701446 1064818
1704661 1039309
1685636 1031751
1662791 1029881
1667339 1040972
1674401 1050599
1683632 1058047
1687659 1061090
1693743 1066447
1694565 1068653
1694214 1069544
1692409 1071311
1699623 1069550
ID 21227
1442334 1093046
1467665 1080829
1462869 1066741
1459989 1066558
1454296 1061303
1451168 1057491
1441456 1049357
1441935 1052796
1425662 1055484
1423195 1061340
1417711 1074361
1422873 1093112
1436209 1092072
1442334 1093046
ID 21235
1629404 1068992
1647685 1070422
1650270 1059131
1660037 1045249
1667339 1040972
1662791 1029881
1657707 1029932
1636315 1029787
1631231 1035555
1628996 1038917
1625060 1050345
1625019 1051904
1629404 1068992
ID 21147
1623966 1070407
1629404 1068992
1625019 1051904
1625060 1050345
1628996 1038917
1631231 1035555
1636315 1029787
1633228 1029770
1586971 1030407
1595777 1045072
1602358 1053163
1604494 1059895
1623966 1070407
ID 21231
1604494 1059895
1602358 1053163
1595777 1045072
1586971 1030407
1586321 1030418
1569938 1031431
1568110 1032009
1567143 1032661
1566795 1033564
1565208 1040314
1565108 1041383
1565218 1043096
1565623 1044502
1563087 1054278
1561155 1058554
1581435 1074107
1604494 1059895
ID 21047
1359345 1092599
1365764 1083046
1358169 1035413
1330860 1035533
1326122 1035497
1327593 1044831
1329967 1072007
1323459 1076094
1328500 1092355
1342548 1087166
1353025 1089943
1359345 1092599
ID 21143
1282972 1093145
1291692 1096534
1296469 1095876
1302130 1083861
1310583 1071717
1285358 1062019
1278299 1074938
1282972 1093145
ID 21145
1218023 1103905
1249987 1086324
1256856 1080077
1256446 1071146
1227218 1072536
1226980 1073382
1217542 1103780
1218023 1103905
ID 21007
1217542 1103780
1226980 1073382
1201577 1073131
1198890 1077473
1195723 1087083
1217542 1103780
ID 21141
1394059 1082334
1417711 1074361
1423195 1061340
1409385 1035518
1382773 1035239
1384096 1081563
1394059 1082334
ID 21057
1546159 1065806
1542326 1062755
1545174 1058301
1545752 1057882
1546447 1057643
1547672 1057976
1540595 1032524
1528051 1031664
1513734 1053810
1526560 1067174
1546159 1065806
ID 21219
1365764 1083046
1384096 1081563
1382773 1035239
1377923 1035198
1358169 1035413
1365764 1083046
ID 21053
1547672 1057976
1545935 1060885
1545951 1061434
1546435 1061682
1549516 1060011
1556346 1055025
1561155 1058554
1563087 1054278
1565623 1044502
1565218 1043096
1565108 1041383
1565208 1040314
1566795 1033564
1567143 1032661
1568110 1032009
1569938 1031431
1542377 1032647
1540595 1032524
1547672 1057976
ID 21003
1462869 1066741
1479735 1043233
1479738 1032774
1459317 1034107
1440841 1035418
1441456 1049357
1451168 1057491
1454296 1061303
1459989 1066558
1462869 1066741
ID 21221
1323459 1076094
1329967 1072007
1327593 1044831
1326122 1035497
1311885 1035407
1312286 1038779
1297821 1040596
1292574 1040847
1289174 1048569
1285358 1062019
1310583 1071717
1323459 1076094
ID 21171
1500958 1056396
1513734 1053810
1528051 1031664
1496543 1032023
1479738 1032774
1479735 1043233
1500958 1056396
ID 21157
1256856 1080077
1278299 1074938
1285358 1062019
1289174 1048569
1255710 1049861
1256446 1071146
1256856 1080077
ID 21213
1423195 1061340
1425662 1055484
1441935 1052796
1441456 1049357
1440841 1035418
1427176 1033630
1409385 1035518
1423195 1061340
ID 21083
1256446 1071146
1255710 1049861
1254583 1022219
1252147 1022331
1225285 1023325
1226564 1053302
1227218 1072536
1256446 1071146
ID 21039
1227218 1072536
1226564 1053302
1198914 1055607
1194100 1058822
1194058 1058849
1194334 1061379
1194393 1061404
1196974 1062528
1197010 1062543
1201577 1073131
1226980 1073382
1227218 1072536
ID 21035
1255710 1049861
1289174 1048569
1292574 1040847
1293627 1020727
1254583 1022219
1255710 1049861
ID 21105
1198914 1055607
1226564 1053302
1225285 1023325
1224335 1023360
1223653 1023390
1217743 1031824
1214283 1033546
1193797 1040812
1198914 1055607
ID 21075
1193797 1040812
1214283 1033546
1217743 1031824
1223653 1023390
1177858 1025062
1171461 1024848
1180064 1039297
1193797 1040812
ID 21075
1160551 1025191
1158843 1028166
1158772 1028289
1157988 1030426
1157976 1030539
1157931 1030991
1157896 1031339
1158041 1031730
1158220 1032211
1158369 1032613
1158545 1032797
1159696 1033999
1160292 1034287
1161955 1034348
1164393 1033712
1165736 1033160
1165949 1032980
1166129 1032827
1166234 1032738
1166712 1031799
1166749 1031674
1167153 1030329
1167313 1029136
1167309 1029093
1167289 1028881
1167246 1028448
1167128 1028129
1166750 1027115
1166586 1026674
1166425 1026441
1165383 1024940
1160551 1025191
