ID 25
323956.1 792020.6
329002.6 782123.5
329039.1 780548.4
328703.6 779434.1
328598.7 779198.5
327831.4 778621
325618.8 777688.8
324478.2 777514.6
317620.6 777719
315798.7 777856
311415.4 779289.4
304199 782762
303299.9 783452.1
302727.3 784229.7
302541.5 785219.7
303789.3 785196.4
304747.5 784714
305156.9 784451.2
309202.3 783557.6
315221 783567.6
317920.7 784043.7
318761.6 784207.9
320377.3 785305
321732.5 786763.7
322934.1 788748.4
323106.1 791038.3
322914.4 791871.9
322267.1 792854.6
321657.3 793643.8
321316.4 794115.9
321352 794538.9
322662.7 793907.5
323956.1 792020.6
ID 25
287789.0 789210.4
262995.7 786926
261185.3 789497.7
266755.3 798175.6
267956.0 799343.1
271072.4 801565.5
274871.8 803972
275300.1 803839.6
275491.7 802814.6
287744.5 797267.6
288128.7 794581.8
288017.7 789823
287789.0 789210.4
ID 25
270410.9 807860
270410.9 807860
261754.3 801465.2
259310.9 799821.9
252923.1 797110.2
249929.9 796942.4
249185.2 797317.4
253877.4 800062.3
263035.9 805921.4
267519.8 808909.5
270410.9 807860
ID 25
270410.9 807860
267519.8 808909.5
271317.5 830153.3
256058.2 819599.8
254651.2 820071
250894.5 820478.7
248905.7 818950
247747.5 818052.1
247536.2 817853.7
246871.5 814288
246892.8 812935.6
247435.6 810154.7
238784.7 805534.9
231683.3 805322.2
225344.4 825027.3
222880.5 828900.8
215148.5 836217.2
209822.7 859409.3
200165.2 862982.3
175211.5 862008.5
175100.9 863731
153645.7 864258
150134.1 864462.2
147359.9 864624.8
116430.2 865407.7
75098.74 866545
71403.23 866667.6
35497.69 868499
34706.18 868521.7
33869.70 872605.6
47763.53 919370.9
55501.07 945421.8
75306.48 944505.9
82885.1 944114.3
121497.2 942247.5
135859.6 941563
164871.6 940270.7
167335.5 940174.8
187579.2 939420.3
188839.9 939375.2
189200.4 939363.6
216863.0 938509.3
220045.1 942571.8
220838.4 943585.5
227352 950951.1
228649.4 951711.8
230947.9 952801.8
237770.0 956043.4
246501.3 959484.6
246543.5 959492.1
247222.5 959613
247798.7 959715.6
250151.6 959290
255784.8 958186.4
255768.5 955778
256853.4 948141.7
259108.6 938364.8
263221.4 935096.3
251554.9 921567.4
242458.5 908103.9
240916.9 895113.9
247706.2 890494.3
255715.5 890828
259416 889265.1
260162.1 889005.1
260679.2 888439.2
264222.2 884460.4
271135.1 871272.3
280327.7 849259.4
280907.6 845840.7
279984.0 840530.7
280387 839844
281671.5 838321
283635.7 836447.9
285522.4 835102
290459.1 833256.5
293556.0 832672.6
301905.7 831384
314594.6 835209.7
319363.2 836844
322625.7 838512.5
323952.0 840026.6
324320.9 840892.2
324208.3 844256.7
323759 848447.8
323469.2 850112.5
321872.1 854250.3
316287.3 865673.3
315235.8 866852.3
313981 867728.1
311872.9 868836.6
311282.7 868878.2
310098.5 868562.7
309385.3 868183.3
308704.5 867509.6
308090.8 866280.5
308026.2 865690
303992.8 868562.7
303834.9 868911.8
304423.8 869936.3
305445.4 870587.3
306989.3 870977
308444.1 871047.7
310861.3 870673.3
314537.8 869511.1
317321.0 868114.8
319341.9 866560.9
321457.1 864083.4
323300.4 861003
325518.1 856585
327043.4 852402.3
329109.3 845054.9
329959.6 841093.5
330705.6 833534.2
330839.5 828032.3
330479.8 825616.7
326519.6 815747.1
325563.1 815178.5
327213.4 822339.5
327191.8 822996.4
326964.7 823745
325219.3 825207.6
324323.8 825680.1
323723.5 825713.2
296811.4 821337.3
295683.6 821138.6
274173.1 810696.4
270410.9 807860
