ID 25027
167335.5 940174.8
167465.9 939324
171727 931969.6
175868.6 931854
177404.9 932626.6
183492.8 930221.3
186493.1 929015.2
196807 921373.2
197420.9 918860.3
196439.2 912880.9
195139.8 906831.2
193394.8 904077.9
189714.3 900003.5
191509.2 885240
193105.3 882736
195389.3 881292.8
201828.2 878473.3
200165.2 862982.3
175211.5 862008.5
175100.9 863731
153645.7 864258
150134.1 864462.2
147359.9 864624.8
147542.1 879228.5
142103.1 879199.6
136897.9 881776.2
136858.1 883233.9
137136.4 884065
140489.8 888556
132877.3 899546.2
132953.4 905389.7
134926.9 914630.8
137375.5 919976.6
138075.2 929281
135859.6 941563
164871.6 940270.7
167335.5 940174.8
ID 25011
121497.2 942247.5
135859.6 941563
138075.2 929281
137375.5 919976.6
134926.9 914630.8
132953.4 905389.7
132877.3 899546.2
127951.2 908137.7
118546.8 909716.3
114084.0 909034.7
100399.7 911954.6
87268.69 915755.4
78841.46 923867.6
75306.48 944505.9
82885.1 944114.3
121497.2 942247.5
ID 25003
55501.07 945421.8
75306.48 944505.9
78841.46 923867.6
79371.57 922083.2
77740.98 913976.5
75511.96 904354.4
71067.26 905463.7
70827.47 904538.4
71194.49 898767
74090.26 896394.3
75796.26 896048
76312.84 896850.9
76072.03 890049.4
73117.36 878172.5
70142.13 878729
69766.12 873779.8
69881.28 872712.4
71403.23 866667.6
35497.69 868499
34706.18 868521.7
33869.70 872605.6
47763.53 919370.9
55501.07 945421.8
ID 25015
132877.3 899546.2
140489.8 888556
125370.8 887215.2
109714.8 885160.8
101950.6 882098.8
94188.3 884021.7
87139.81 887037.9
84277.2 889520.1
86088.64 891467.8
85844.8 898940.7
84998.32 899864.8
80210.74 900284.6
76312.84 896850.9
75796.26 896048
74090.26 896394.3
71194.49 898767
70827.47 904538.4
71067.26 905463.7
75511.96 904354.4
77740.98 913976.5
79371.57 922083.2
78841.46 923867.6
87268.69 915755.4
100399.7 911954.6
114084.0 909034.7
118546.8 909716.3
127951.2 908137.7
132877.3 899546.2
ID 25013
140489.8 888556
137136.4 884065
136858.1 883233.9
136897.9 881776.2
142103.1 879199.6
147542.1 879228.5
147359.9 864624.8
116430.2 865407.7
75098.74 866545
71403.23 866667.6
69881.28 872712.4
69766.12 873779.8
70142.13 878729
73117.36 878172.5
76072.03 890049.4
76312.84 896850.9
80210.74 900284.6
84998.32 899864.8
85844.8 898940.7
86088.64 891467.8
84277.2 889520.1
87139.81 887037.9
94188.3 884021.7
101950.6 882098.8
109714.8 885160.8
125370.8 887215.2
140489.8 888556
ID 25007
275491.7 802814.6
287744.5 797267.6
288128.7 794581.8
288017.7 789823
287789.0 789210.4
262995.7 786926
261185.3 789497.7
266755.3 798175.6
267956.0 799343.1
271072.4 801565.5
274871.8 803972
275300.1 803839.6
275491.7 802814.6
ID 25007
270410.9 807860
261754.3 801465.2
259310.9 799821.9
252923.1 797110.2
249929.9 796942.4
249185.2 797317.4
253877.4 800062.3
263035.9 805921.4
267519.8 808909.5
270410.9 807860
ID 25019
317920.7 784043.7
318761.6 784207.9
320377.3 785305
321732.5 786763.7
322934.1 788748.4
323106.1 791038.3
322914.4 791871.9
322267.1 792854.6
321657.3 793643.8
321316.4 794115.9
321352 794538.9
322662.7 793907.5
323956.1 792020.6
329002.6 782123.5
329039.1 780548.4
328703.6 779434.1
328598.7 779198.5
327831.4 778621
325618.8 777688.8
324478.2 777514.6
317620.6 777719
315798.7 777856
311415.4 779289.4
304199 782762
303299.9 783452.1
302727.3 784229.7
302541.5 785219.7
303789.3 785196.4
304747.5 784714
305156.9 784451.2
309202.3 783557.6
315221 783567.6
317920.7 784043.7
ID 25009
255784.8 958186.4
255768.5 955778
256853.4 948141.7
259108.6 938364.8
263221.4 935096.3
251554.9 921567.4
242458.5 908103.9
239053.3 910594.3
234892.1 920125.3
227491.9 927542.7
221133.7 934665.9
220045.1 942571.8
220838.4 943585.5
227352 950951.1
228649.4 951711.8
230947.9 952801.8
237770.0 956043.4
246501.3 959484.6
246543.5 959492.1
247222.5 959613
247798.7 959715.6
250151.6 959290
255784.8 958186.4
ID 25017
220045.1 942571.8
221133.7 934665.9
227491.9 927542.7
234892.1 920125.3
239053.3 910594.3
237814.5 907852.3
234960.1 904286.4
231075.5 902258.7
227292.7 901041.5
225470 892515.2
222405.5 896481.3
222223.5 896680.6
220366.7 897363.6
218965.1 897526.3
214056 895837.5
214603.8 894039.2
215822.6 891176.2
216292.5 888640
212900.3 883362
208081.1 880915.7
201828.2 878473.3
195389.3 881292.8
193105.3 882736
191509.2 885240
189714.3 900003.5
193394.8 904077.9
195139.8 906831.2
196439.2 912880.9
197420.9 918860.3
196807 921373.2
186493.1 929015.2
183492.8 930221.3
177404.9 932626.6
175868.6 931854
171727 931969.6
167465.9 939324
167335.5 940174.8
187579.2 939420.3
188839.9 939375.2
189200.4 939363.6
216863.0 938509.3
220045.1 942571.8
ID 25025
239053.3 910594.3
242458.5 908103.9
240916.9 895113.9
225470 892515.2
227292.7 901041.5
231075.5 902258.7
234960.1 904286.4
237814.5 907852.3
239053.3 910594.3
ID 25021
240916.9 895113.9
247706.2 890494.3
234727.9 871784.1
209822.7 859409.3
200165.2 862982.3
201828.2 878473.3
208081.1 880915.7
212900.3 883362
216292.5 888640
215822.6 891176.2
214603.8 894039.2
214056 895837.5
218965.1 897526.3
220366.7 897363.6
222223.5 896680.6
222405.5 896481.3
225470 892515.2
240916.9 895113.9
ID 25023
247706.2 890494.3
255715.5 890828
259416 889265.1
260162.1 889005.1
260679.2 888439.2
264222.2 884460.4
271135.1 871272.3
280327.7 849259.4
280907.6 845840.7
279984.0 840530.7
271317.5 830153.3
256058.2 819599.8
251011.4 834604
248067.7 838002.6
240865.9 843190
237304.7 857105.4
234727.9 871784.1
247706.2 890494.3
ID 25001
279984.0 840530.7
280387 839844
281671.5 838321
283635.7 836447.9
285522.4 835102
290459.1 833256.5
293556.0 832672.6
301905.7 831384
314594.6 835209.7
319363.2 836844
322625.7 838512.5
323952.0 840026.6
324320.9 840892.2
324208.3 844256.7
323759 848447.8
323469.2 850112.5
321872.1 854250.3
316287.3 865673.3
315235.8 866852.3
313981 867728.1
311872.9 868836.6
311282.7 868878.2
310098.5 868562.7
309385.3 868183.3
308704.5 867509.6
308090.8 866280.5
308026.2 865690
303992.8 868562.7
303834.9 868911.8
304423.8 869936.3
305445.4 870587.3
306989.3 870977
308444.1 871047.7
310861.3 870673.3
314537.8 869511.1
317321.0 868114.8
319341.9 866560.9
321457.1 864083.4
323300.4 861003
325518.1 856585
327043.4 852402.3
329109.3 845054.9
329959.6 841093.5
330705.6 833534.2
330839.5 828032.3
330479.8 825616.7
326519.6 815747.1
325563.1 815178.5
327213.4 822339.5
327191.8 822996.4
326964.7 823745
325219.3 825207.6
324323.8 825680.1
323723.5 825713.2
296811.4 821337.3
295683.6 821138.6
274173.1 810696.4
270410.9 807860
267519.8 808909.5
271317.5 830153.3
279984.0 840530.7
ID 25005
209822.7 859409.3
234727.9 871784.1
237304.7 857105.4
240865.9 843190
248067.7 838002.6
251011.4 834604
256058.2 819599.8
254651.2 820071
250894.5 820478.7
248905.7 818950
247747.5 818052.1
247536.2 817853.7
246871.5 814288
246892.8 812935.6
247435.6 810154.7
238784.7 805534.9
231683.3 805322.2
225344.4 825027.3
222880.5 828900.8
215148.5 836217.2
209822.7 859409.3
