ID 23
274475.4 40642.29
270912.7 39878.28
270007.5 39918.1
268762.5 40719.04
264529.3 49319.34
264411.8 49665.51
265164.1 51610.31
266617.9 53587.03
272237 57424.98
274011.9 57786.71
274482 57132
278163.7 45783.49
278348.6 44797.05
277594.3 43487.22
277115.9 43016.56
275368.7 41055.53
274475.4 40642.29
ID 23
286281.7 52442.6
285993.2 52283.14
285446.0 52404.38
282686.7 55132.07
282371.8 55853.18
282185.4 61455.82
282186.6 61896
282533.4 62455.28
283080.2 62493.86
283973.5 63051.84
285591.5 66169.3
285823.1 66929.1
285824.7 67649.37
285570.5 68073.43
285998.2 68129.19
286572.4 67767.85
290133.9 65440.61
291081.3 64238.79
291539.5 62677.58
290495.8 57156.92
288561.9 54559.03
286281.7 52442.6
ID 23
324202.1 70920.58
321274.1 69129.34
317945.7 69154.57
316808.3 68591.96
316106.9 67750.79
316076 66678.15
316157 66276.74
316347 66131.24
316706.0 64571.26
314573.7 62058.27
312823.7 61809.3
307884.5 65062.58
306414.1 67546.21
305510.2 70213.28
305516.3 71767.08
306910.7 74660.94
309790.5 77421.69
310855 78227.3
315715.7 80067.45
319614.5 80956.76
324075.5 80092.76
324146.8 80002.9
325142.6 78094.79
325938.5 75260.04
326031.2 73570.77
324633.8 71242.02
324579.5 71151.64
324202.1 70920.58
ID 23
259614.3 397350.2
269607.5 390346.4
273219.4 391988.0
283104.4 397079.1
293918.7 402325.9
310458.2 409963.4
312563.1 410463.9
316308.0 410508.5
319628.8 409832.5
320852.1 409196.3
326195.3 405391.5
341241.1 392749.1
353886.7 378218.3
353972.2 377621.3
355323.7 290575.7
355917.9 239099.2
354255.8 237677.3
353906.1 236693.7
353123.8 225459.5
354060.8 224035.9
378806.3 215447
379823.2 215790.8
381483.8 215868.6
381933.6 215673.9
383858.5 213056.9
384009.7 212288.3
384413.2 190898.3
383916.7 186955.5
381553.9 182137.7
381110 181692.3
379561.2 181029.1
379289.1 179897.5
381363.3 175790.9
386063.1 167138.1
389802.7 163522.8
389923.3 163406.2
390121 163215.3
390858.5 162817.2
391263.5 162754.6
393937.8 164931.1
394138.9 166770.5
395035.9 169700.5
395577.3 170201.3
396564.5 170111.7
405246.4 167115
405270.7 167083.4
407844.5 163744.9
409181.8 161561.8
419321.5 137750.9
420021.8 134076.5
420614 128773.0
420530.1 127973.3
417148.7 123810.6
406637 112292.5
403959.4 109591.7
397382 105637.3
394388.4 105852.9
382742.8 104004.6
350254.2 84409.7
346849.8 83778.06
344011.4 83385.18
343258.5 83350.89
343258.5 83350.89
342887.2 81512.25
341520.6 80166.09
340979.5 80149.67
340662.2 80637.61
340044.8 81587.45
338720.7 80506.77
337791 78568.73
337127.6 77186.47
336435.4 75317.18
336236.8 74738.33
335941.2 73876.94
335061.5 74011.95
335031.3 74034.95
334525.7 74420.65
331566.8 79896.68
330883.2 81724.18
330258.6 86617.95
330284.9 88157.04
330614.5 89091.29
330410.4 89883.14
329974.4 90300.83
327769.1 90687.45
324663.1 90954.75
321958.1 91178.23
318954.5 90842.33
317428.5 87200.55
313823.7 85288.34
310779.0 84307.63
308663.8 83323.68
306658.6 81252.82
306230.9 81078.84
305745.7 81121.62
305265.1 81647.21
305370 84431.73
305600.3 85825.47
304832.7 86814.48
304138.2 86975.58
303574.1 86753.09
303183.7 86288.36
302880.2 85540.96
303162.7 82620.21
303102.0 79086.95
302700.8 78946.87
301730.8 79039.8
301329.2 80158.93
301529.6 81184.92
300025.0 83050.1
297250 81231.95
295275.4 78621.59
294660.6 72321.84
294718.6 71811.15
294893.5 71257.14
295512.8 70456.38
296920.4 70353.68
297483.6 69296.37
298441.8 66480.41
298417.5 65942.99
298124.4 63233.2
297978.6 62314.92
297236.2 62512.65
295942.0 63313.62
295913.3 63513.72
294993.6 64594.78
291747.1 67559.2
289621.6 68842.73
282000.8 72787.52
278344.6 72679.95
276459.2 71279.48
273897.4 71766.97
273805.2 72255
274372.8 82518.31
274894.0 84642.95
275196.6 84848.57
275986.9 85385.83
277250.4 88471.08
277431.3 89722.46
276428.9 89453.4
275330.4 89158.74
265615.9 85864.2
261586.5 84498.35
260916.8 83262.09
261411.6 81242
261850.0 80068.4
262764.1 79481.56
263253.5 78808.78
264273.6 76670.44
263751.7 73136.42
263392.8 72060.98
256729.6 62729.02
253792.0 55531.69
253624.2 55078.42
253529.5 54614.1
253550.7 50286.9
253840 47263.82
255892.5 44196.30
244335.2 34549.4
237360.7 32600.3
229774.9 33471.02
227911.3 34292.47
226497.1 34915.04
224852.9 33779.11
224440.2 33492.3
223651.5 31023.53
222913.9 26738.69
219318.8 19487.46
218377.3 18790.58
207235.7 17369.39
204634.1 17309.90
202872.6 17825.17
188330.5 13204.02
182610.9 12267.19
179440.2 15757.69
179174.3 21788.13
178624.9 22510.85
177873.8 22459.81
167790.2 15201.23
163292.2 11015.42
158761.6 3334.005
158558.5 2625.519
159578.1 635.9703
156807.7 -10032.75
150207.4 -12910.70
147652.6 -20161.92
125974.4 -59155.09
123618.9 -63312.99
123019.1 -63955.56
120504 -65048.5
111270.6 -57772.4
111869.1 -45348.82
111745.5 -45021.42
104288.1 -36985.53
101135.3 -34036.77
99961.31 -32913.16
98681.4 -29277.97
98457.04 -27560.56
98607.08 -25035.25
101699.7 -10213.27
99684.04 16985.04
99647.19 71729.12
99134.85 120220.4
99095.46 124120.4
97732.78 176273.7
97339.36 185318.9
103290.5 186657.9
111828.7 177834.4
112737 177011.4
114893.3 176319.2
114915.9 176311.9
116047.6 176864.2
116322.7 177235.1
117054.4 179837.9
118064.1 183432.6
119029.7 186873.6
126427.6 207781.1
129185.1 213146.2
130278.0 214312.5
131511.7 215629.8
134335.5 218384.7
138735.6 222684.8
139080.7 223022.5
140174.4 223745.3
140982.4 224279.4
146605.4 228002.6
163197.7 248321.1
163929.3 249987.1
165077.7 254492.7
164169.3 255741.1
163168 256643.2
159575.1 257708.2
159587.1 262693.8
159922.3 268041.5
161623.6 282131.2
164740.0 289049.2
168496.3 297409.1
168543.7 297514.6
170079.2 299560.9
171125.6 300479.1
171228.2 300514
171454.3 300591.1
174330.9 301572.3
180354.3 306752.9
181538.5 313831
183268.2 324194.5
185446.8 337290.6
185504 337635.3
185682.2 337885.9
189335.8 343027
199493.2 357376.6
219093 384874.4
245383.4 421779.0
251252.7 420523.6
258099.7 418626.8
259058.1 417994.9
259782.6 415906.1
259913.5 415371.4
259180.3 414817.7
259108.5 414734.4
258178.6 412262.9
258348.8 399097.4
259106.9 397811.3
259614.3 397350.2
