ID 23003
275442.6 303301.1
275321.5 322950.7
206405.8 323780.1
183268.2 324194.5
185446.8 337290.6
185504 337635.3
185682.2 337885.9
189335.8 343027
199493.2 357376.6
219093 384874.4
245383.4 421779.0
251252.7 420523.6
258099.7 418626.8
259058.1 417994.9
259782.6 415906.1
259913.5 415371.4
259180.3 414817.7
259108.5 414734.4
258178.6 412262.9
258348.8 399097.4
259106.9 397811.3
259614.3 397350.2
269607.5 390346.4
273219.4 391988.0
283104.4 397079.1
293918.7 402325.9
310458.2 409963.4
312563.1 410463.9
316308.0 410508.5
319628.8 409832.5
320852.1 409196.3
326195.3 405391.5
341241.1 392749.1
353886.7 378218.3
353972.2 377621.3
355323.7 290575.7
355917.9 239099.2
354255.8 237677.3
353906.1 236693.7
353123.8 225459.5
354060.8 224035.9
335225.6 219366.8
319119.1 215504.6
318978.7 215156.4
319013.3 214541.8
313077.0 213192
306828.4 211783.3
305261.3 212548.2
305305.3 231126.8
305604.0 236508.9
305711.8 245389.9
305615.3 253128.3
304892.3 301717.7
285012.4 303215.9
275442.6 303301.1
ID 23021
275442.6 303301.1
275163.8 287114.9
275060.6 259468.6
274686.3 224258.9
264216.1 221835.6
263745.7 205179.8
272057.6 206774.6
278326.4 174890.3
271960.7 164079.8
248621.3 159538.9
232618.8 156669.6
219840.9 151398.4
211632 149961.9
209110.8 159917
199995.9 209259.8
204147.8 232850.6
211016.7 244800.6
208211.6 257931.5
204913.2 265082.7
205227.6 303731.3
206405.8 323780.1
275321.5 322950.7
275442.6 303301.1
ID 23025
206405.8 323780.1
205227.6 303731.3
204913.2 265082.7
208211.6 257931.5
211016.7 244800.6
204147.8 232850.6
199995.9 209259.8
209110.8 159917
211632 149961.9
219840.9 151398.4
232618.8 156669.6
239258.3 117535.4
222990.4 114490.9
223337.3 116145.2
223115.0 117296.8
222089.6 117544.0
210211.7 115477.4
210248.4 114238.5
210582.9 112198.4
211487.6 110467.4
212417.3 109855.5
214383.1 107251.2
213363.1 102504.2
212186.3 101771.4
194991.2 105408.1
186456.2 105892.4
184240.5 113769.1
169452.8 163755.9
167572.4 163418.6
158515.9 163613.6
149100.7 166041.9
143586.3 199557.4
140174.4 223745.3
140982.4 224279.4
146605.4 228002.6
163197.7 248321.1
163929.3 249987.1
165077.7 254492.7
164169.3 255741.1
163168 256643.2
159575.1 257708.2
159587.1 262693.8
159922.3 268041.5
161623.6 282131.2
164740.0 289049.2
168496.3 297409.1
168543.7 297514.6
170079.2 299560.9
171125.6 300479.1
171228.2 300514
171454.3 300591.1
174330.9 301572.3
180354.3 306752.9
181538.5 313831
183268.2 324194.5
206405.8 323780.1
ID 23007
140174.4 223745.3
143586.3 199557.4
149100.7 166041.9
158515.9 163613.6
167572.4 163418.6
169452.8 163755.9
184240.5 113769.1
186456.2 105892.4
170391.6 92466.76
161632.0 89493.41
160772.1 94463.04
158556.9 101866.5
140465.1 108681.0
132667.4 127606.3
120264.3 120892.2
116854 152351.6
118765.2 164622.2
117054.4 179837.9
118064.1 183432.6
119029.7 186873.6
126427.6 207781.1
129185.1 213146.2
130278.0 214312.5
131511.7 215629.8
134335.5 218384.7
138735.6 222684.8
139080.8 223022.5
140174.4 223745.3
ID 23017
117054.4 179837.9
118765.2 164622.2
116854 152351.6
120264.3 120892.2
132667.4 127606.3
140465.1 108681.0
158556.9 101866.5
160772.1 94463.04
161632.0 89493.41
158766.2 87541.36
158352.5 84689
159295.6 78875.28
155060.8 64995.5
153429.2 62074.84
140943.8 45664.1
141287.6 42494.75
136077.5 39702.06
133315.5 41020.06
132863.4 41440.6
131415.2 43906.94
130753.1 46195.91
122214.7 35172.03
116315.2 18884.56
99684.04 16985.04
99647.19 71729.12
99134.85 120220.4
99095.46 124120.4
97732.78 176273.7
97339.36 185318.9
103290.5 186657.9
111828.7 177834.4
112737 177011.4
114893.3 176319.2
114915.9 176311.9
116047.6 176864.2
116322.7 177235.1
117054.4 179837.9
ID 23011
186456.2 105892.4
194991.2 105408.1
212186.3 101771.4
213363.1 102504.2
214383.1 107251.2
212417.3 109855.5
211487.6 110467.4
210582.9 112198.4
210248.4 114238.5
210211.7 115477.4
222089.6 117544.0
223115.0 117296.8
223337.3 116145.2
222990.4 114490.9
223858.6 109366.1
229154.2 108568.5
230650.8 97773.8
228697.4 88207.03
224771.1 89003.2
219725.4 75618.1
218489.7 68733.54
217123.5 66988.91
216340.5 66579.81
208188.7 68754.71
206892.7 62981.51
207426.6 51279.81
199316.3 53278.69
199285.4 53942.84
198930.7 54837.99
191555.6 56570.79
190785.0 56042.31
189772.5 55007.19
189375.4 54311.58
188444.4 51826.84
185318 50632.57
179530.4 51975
174073.1 61155.54
172426.6 81150.58
170391.6 92466.76
186456.2 105892.4
ID 23001
161632.0 89493.41
170391.6 92466.76
172426.6 81150.58
174073.1 61155.54
179530.4 51975
176933.8 35485.51
173061.1 30060.21
170210.9 27937.75
147740.0 37991.39
143752.0 39922.75
141302.0 41858.96
141184.4 42258.77
141287.6 42494.75
140943.8 45664.1
153429.2 62074.84
155060.8 64995.5
159295.6 78875.28
158352.5 84689
158766.2 87541.36
161632.0 89493.41
ID 23015
199316.3 53278.69
207426.6 51279.81
206892.7 62981.51
208188.7 68754.71
216340.5 66579.81
217123.5 66988.91
218489.7 68733.54
219725.4 75618.1
227469.6 73886.53
225274.3 73514.43
224116.7 72361.41
224182.6 66617.53
225480.5 62644.75
227602.8 60843.19
230296.4 60223.78
233051.8 60638.47
235684.7 52115.16
236764.1 43491.4
232131.4 39447.96
229774.9 33471.02
227911.3 34292.47
226497.1 34915.04
224852.9 33779.11
224440.2 33492.3
223651.5 31023.53
222913.9 26738.69
219318.8 19487.46
218377.3 18790.58
207235.7 17369.39
204634.1 17309.90
202872.6 17825.17
199316.3 53278.69
ID 23023
199316.3 53278.69
202872.6 17825.17
188330.5 13204.02
189012.5 21624.41
187297.4 29815.60
185060.1 28235.56
180721.7 29569.89
177903.6 32595.81
176933.8 35485.51
179530.4 51975
185318 50632.57
188444.4 51826.84
189375.4 54311.58
189772.5 55007.19
190785.0 56042.31
191555.6 56570.79
198930.7 54837.99
199285.4 53942.84
199316.3 53278.69
ID 23005
141287.6 42494.75
141184.4 42258.77
141302.0 41858.96
143752.0 39922.75
147740.0 37991.39
170210.9 27937.75
173061.1 30060.21
176933.8 35485.51
177903.6 32595.81
180721.7 29569.89
185060.1 28235.56
187297.4 29815.60
189012.5 21624.41
188330.5 13204.02
182610.9 12267.19
179440.2 15757.69
179174.3 21788.13
178624.9 22510.85
177873.8 22459.81
167790.2 15201.23
163292.2 11015.42
158761.6 3334.005
158558.5 2625.519
159578.1 635.9703
156807.7 -10032.75
150207.4 -12910.70
147233.0 -10785.18
139195.2 -4720.051
142057.4 -848.633
134807.1 7500.483
116315.2 18884.56
122214.7 35172.03
130753.1 46195.91
131415.2 43906.94
132863.4 41440.6
133315.5 41020.06
136077.5 39702.06
141287.6 42494.75
ID 23031
116315.2 18884.56
134807.1 7500.483
142057.4 -848.633
139195.2 -4720.051
147233.0 -10785.18
150207.4 -12910.70
147652.6 -20161.92
125974.4 -59155.09
123618.9 -63312.99
123019.1 -63955.56
120504 -65048.5
111270.6 -57772.4
111869.1 -45348.82
111745.5 -45021.42
104288.1 -36985.53
101135.3 -34036.77
99961.31 -32913.16
98681.4 -29277.97
98457.04 -27560.56
98607.08 -25035.25
101699.7 -10213.26
99684.04 16985.04
116315.2 18884.56
ID 23019
335225.6 219366.8
342723.5 187592.9
344017 178013.4
337183.1 176785.7
334862.4 176607.5
315449.5 172789.2
318108.8 159317.6
309862 147916.2
299835.3 146096.4
301088.1 140085.1
304269.8 121918.8
290761.5 119372.7
284892.5 117227.1
282037.8 114378.4
277327.1 113368.4
274984.1 113052.0
273266.7 115089.5
245778.0 108819.0
244140.9 118344.8
239258.3 117535.4
232618.8 156669.6
248621.3 159538.9
271960.7 164079.8
278326.4 174890.3
272057.6 206774.6
263745.7 205179.8
264216.1 221835.6
274686.3 224258.9
275060.6 259468.6
275163.8 287114.9
275442.6 303301.1
285012.4 303215.9
304892.3 301717.7
305615.3 253128.3
305711.8 245389.9
305604.0 236508.9
305305.3 231126.8
305261.3 212548.2
306828.4 211783.3
313077.0 213192
319013.3 214541.8
318978.7 215156.4
319119.1 215504.6
335225.6 219366.8
ID 23029
354060.8 224035.9
378806.3 215447
379823.2 215790.8
381483.8 215868.6
381933.6 215673.9
383858.5 213056.9
384009.7 212288.3
384413.2 190898.3
383916.7 186955.5
381553.9 182137.7
381110 181692.3
379561.2 181029.1
379289.1 179897.5
381363.3 175790.9
386063.1 167138.1
389802.7 163522.8
389923.3 163406.2
390121 163215.3
390858.5 162817.2
391263.5 162754.6
393937.8 164931.1
394138.9 166770.5
395035.9 169700.5
395577.3 170201.3
396564.5 170111.7
405246.4 167115
405270.7 167083.4
407844.5 163744.9
409181.8 161561.8
419321.5 137750.9
420021.8 134076.5
420614 128773.0
420530.1 127973.3
417148.7 123810.6
406637 112292.5
403959.4 109591.7
397382 105637.3
394388.4 105852.9
382742.8 104004.6
350254.2 84409.7
346849.8 83778.06
344011.4 83385.18
343258.5 83350.89
342598.8 84694.82
341513.3 88487.6
340443.5 93033.35
338329.5 102586.8
338970.7 105957.8
338370.2 112327.8
335446.3 121943.4
331093.6 141463.3
339494.5 143107.9
339820.9 148823.7
337781.4 162153.5
334862.4 176607.5
337183.1 176785.7
344017 178013.4
342723.5 187592.9
335225.6 219366.8
354060.8 224035.9
ID 23009
274984.1 113052.0
277327.1 113368.4
282037.8 114378.4
284892.5 117227.1
290761.5 119372.7
304269.8 121918.8
301088.1 140085.1
299835.3 146096.4
309862 147916.2
318108.8 159317.6
315449.5 172789.2
334862.4 176607.5
337781.4 162153.5
339820.9 148823.7
339494.5 143107.9
331093.6 141463.3
335446.3 121943.4
338370.2 112327.8
338970.7 105957.8
338329.5 102586.8
340443.5 93033.34
341513.3 88487.6
342598.8 84694.81
343258.5 83350.9
342887.2 81512.25
341520.6 80166.09
340979.5 80149.67
340662.2 80637.61
340044.8 81587.45
338720.7 80506.77
337791 78568.73
337127.6 77186.47
336435.4 75317.18
336236.8 74738.33
335941.2 73876.94
335061.5 74011.95
335031.3 74034.95
334525.7 74420.65
331566.8 79896.68
330883.2 81724.18
330258.6 86617.95
330284.9 88157.04
330614.5 89091.29
330410.4 89883.14
329974.4 90300.83
327769.1 90687.45
324663.1 90954.75
321958.1 91178.23
318954.5 90842.33
317428.5 87200.55
313823.7 85288.34
310779.0 84307.63
308663.8 83323.68
306658.6 81252.82
306230.9 81078.84
305745.7 81121.62
305265.1 81647.21
305370 84431.73
305600.3 85825.47
304832.7 86814.48
304138.2 86975.58
303574.1 86753.09
303183.7 86288.36
302880.2 85540.96
303162.7 82620.21
303102.0 79086.95
302700.8 78946.87
301730.8 79039.8
301329.2 80158.93
301529.6 81184.92
300025.0 83050.1
297250 81231.95
295275.4 78621.59
294660.6 72321.84
294718.6 71811.15
294893.5 71257.14
295512.8 70456.38
296920.4 70353.68
297483.6 69296.37
298441.8 66480.41
298417.5 65942.99
298124.4 63233.2
297978.6 62314.92
297236.2 62512.65
295942.0 63313.62
295913.3 63513.72
294993.6 64594.78
291747.1 67559.2
289621.6 68842.73
282000.8 72787.52
278344.6 72679.95
276459.2 71279.48
273897.4 71766.97
273805.2 72255
274372.8 82518.31
274894.0 84642.95
275196.6 84848.57
275986.9 85385.83
277250.4 88471.08
277431.3 89722.46
276428.9 89453.4
276524.4 90056.1
276750.2 92212.43
276125.4 100405.3
274286.1 103346.1
272745.1 105143.5
272420.4 105951.0
272463.5 106591.1
274984.1 113052.0
ID 23009
310855 78227.3
315715.7 80067.45
319614.5 80956.76
324075.5 80092.76
324146.8 80002.9
325142.6 78094.79
325938.5 75260.04
326031.2 73570.77
324633.8 71242.02
324579.5 71151.64
324202.1 70920.58
321274.1 69129.34
317945.7 69154.57
316808.3 68591.96
316106.9 67750.79
316076 66678.15
316157 66276.74
316347 66131.24
316706.0 64571.26
314573.7 62058.27
312823.7 61809.3
307884.5 65062.58
306414.1 67546.2
305510.2 70213.28
305516.3 71767.08
306910.7 74660.94
309790.5 77421.69
310855 78227.3
ID 23009
285570.5 68073.43
285998.2 68129.19
286572.4 67767.85
290133.9 65440.61
291081.3 64238.79
291539.5 62677.58
290495.8 57156.92
288561.9 54559.03
286281.7 52442.6
285993.2 52283.14
285446.0 52404.38
282686.7 55132.07
282371.8 55853.18
282185.4 61455.82
282186.6 61896
282533.4 62455.28
283080.2 62493.86
283973.5 63051.84
285591.5 66169.3
285823.1 66929.1
285824.7 67649.37
285570.5 68073.43
ID 23027
239258.3 117535.4
244140.9 118344.8
245778.0 108819.0
273266.7 115089.5
274984.1 113052.0
272463.5 106591.1
272420.4 105951.1
272745.1 105143.5
274286.1 103346.1
276125.4 100405.3
276750.2 92212.43
276524.4 90056.11
276428.9 89453.4
275330.4 89158.74
265615.9 85864.2
261586.5 84498.35
260916.8 83262.09
261411.6 81242
261850.0 80068.4
262764.1 79481.56
263253.5 78808.78
264273.6 76670.44
263751.7 73136.42
263392.8 72060.98
256729.6 62729.02
253562 65813.4
238676.7 77826.96
228708.0 75490.28
227469.6 73886.53
219725.4 75618.1
224771.1 89003.2
228697.4 88207.03
230650.8 97773.8
229154.2 108568.5
223858.6 109366.1
222990.4 114490.9
239258.3 117535.4
ID 23013
227469.6 73886.53
228708.0 75490.28
238676.7 77826.96
253562 65813.4
256729.6 62729.02
253792.0 55531.69
253624.2 55078.42
253529.5 54614.1
253550.7 50286.9
253840 47263.82
255892.5 44196.30
244335.2 34549.4
237360.7 32600.3
229774.9 33471.02
232131.4 39447.97
236764.1 43491.4
235684.7 52115.15
233051.8 60638.47
230296.4 60223.78
227602.8 60843.19
225480.5 62644.75
224182.6 66617.53
224116.7 72361.41
225274.3 73514.43
227469.6 73886.53
ID 23013
277115.9 43016.56
275368.7 41055.53
274475.4 40642.29
270912.7 39878.28
270007.5 39918.1
268762.5 40719.04
264529.3 49319.34
264411.8 49665.51
265164.1 51610.31
266617.9 53587.03
272237 57424.98
274011.9 57786.71
274482 57132
278163.7 45783.49
278348.6 44797.05
277594.3 43487.22
277115.9 43016.56
