ID 26
5972826 272258.1
5992594 259558.8
5999241 259905.9
6002894 260886.2
6011805 257605.3
6012690 256734.4
6018719 247359.3
6043832 233783.3
6060130 226515.2
6062401 225941.1
6066762 225903.4
6068160 227149.2
6068780 226970.9
6072218 221978.9
6076925 210509.7
6082373 202883.7
6086742 190623.4
6086305 190236.7
6085003 190557.6
6080862 192180.1
6079482 193170.5
6078689 194456.0
6076176 195325.2
6073472 193876.8
6072830 193140.5
6071959 191383.1
6071900 190998.9
6072280 186373.4
6072824 182159.8
6073222 180897.0
6073692 180018.6
6074309 179342.4
6076423 177108.7
6076816 176739.9
6082634 171907
6084291 168696.5
6086620 155844.5
6086383 153113.4
6083360 133305
6083444 130483.2
6082988 122585.4
6080913 113372.1
6073516 106728.9
6072132 107320.1
6070815 107444.7
6069154 107040
6068483 106710.7
6067222 105347.1
6066208 103849.0
6065322 101518.8
6064110 94450.13
6063848 90331.12
6063543 87501.63
6062709 82543.04
6055074 75523.01
6048370 74465.41
6046437 74464.78
6043128 74866.03
6041593 74022.53
6041062 73516.12
6039248 71523.44
6036890 66934.5
6036591 66085.1
6033926 49348.33
6044545 36418.91
6053887 31355.63
6072463 46222.03
6072643 46763.37
6074072 51004.19
6077142 57722.77
6088661 73096.39
6112100 84250.86
6116214 84808.24
6126149 79741.64
6129973 76792.85
6130570 76078.95
6133002 71540.32
6138580 61013.73
6139396 58669.96
6140808 51739.4
6141338 48547.04
6141940 43076.69
6142027 40750.21
6142614 33365.48
6142854 31934.75
6149817 -8444.532
6150171 -9839.833
6151591 -14738.26
6151721 -15482.89
6152731 -20293.70
6153144 -22027.97
6158547 -32409.88
6154287 -63057.3
6152382 -73766.49
6151715 -76384.33
6151358 -77104.34
6146508 -83155.6
6146041 -83539.8
6144625 -83774.73
6139925 -84164.04
6135976 -79282.17
6135805 -78505.11
6137643 -75215.74
6139321 -74060.38
6141255 -74695.65
6142443 -73451.14
6142801 -72856.93
6143056 -71899.01
6142972 -70850.76
6142374 -69980.07
6142007 -69742.08
6138780 -68531.88
6137854 -68219.03
6136587 -68299.43
6134520 -69095.4
6134381 -69190.58
6123178 -95141.63
6121808 -100977.0
6121365 -101963.6
6118970 -106162.1
6116071 -107595.2
6113677 -108436.9
6111570 -108731.0
6111232 -108778.2
6107475 -110174.1
6106204 -111206.3
6104850 -113284.8
6102337 -119028.2
6102315 -119451.1
6102297 -119780.4
6101958 -126162.1
6100146 -136109.1
6097911 -142420.2
6087255 -152932.3
6081855 -160231.3
6077579 -166100.8
6077136 -166706.5
6076970 -167210.7
6076053 -175674.7
6050298 -176886.9
6040511 -177379.0
6000510 -178964.0
5997269 -179092.6
5963367 -180069.8
5961814 -172953.4
5930881 -172736.1
5922932 -172624.8
5892311 -172301.8
5881356 -172123.7
5858769 -171552.1
5845163 -171283.6
5820363 -170731.7
5795317 -169931.6
5795374 -169894.6
5799360 -167326.8
5804480 -163626.1
5807695 -160887.4
5812827 -155576.3
5814691 -152906.0
5816067 -150279.2
5818380 -143911.7
5824184 -132374.7
5826243 -129172.8
5834911 -117328.7
5842907 -97894.6
5849137 -59314.47
5844906 -20275.93
5844220 -18238.82
5841489 -11603.69
5835364 2010.365
5834446 4502.557
5832398 11031.73
5831395 14982.79
5830422 19489.61
5826036 31208.94
5825335 33088.95
5824680 35778.72
5824532 37523.2
5824576 38793.17
5824804 40365.8
5825611 42466.78
5827193 44729.85
5829564 47614.45
5831261 49965.88
5832655 52695.51
5833328 54653.56
5833914 57599.94
5833921 57924.01
5831778 74883.96
5834867 91345.04
5838475 97808.94
5848351 116084.1
5849833 122235.9
5850190 124446.2
5851591 135196.6
5852450 138631.5
5852741 140592
5852434 143694.2
5851965 145318.5
5850310 149688.5
5849948 151427.9
5850185 153991.5
5850341 154562.1
5850876 155340.0
5852161 156088.8
5856972 157599.6
5862226 158647.9
5863597 159775.4
5864527 161616.0
5864904 162893.9
5864960 163860.9
5865317 173512.4
5868567 178105.1
5875702 183182.7
5889286 189697.6
5891320 193669.0
5901619 208566.0
5906967 211149.8
5907796 211074
5908844 208741.4
5900948 179275.3
5900622 179056.4
5898981 174918.7
5898689 173852.6
5898375 171088.3
5898417 169146.4
5899171 162891.1
5915524 172991.7
5916328 174446.6
5917922 177773.9
5918768 179901.8
5920244 187392.2
5921277 195207.1
5921303 200531.7
5919813 210606.6
5919763 213698.4
5921147 217636.9
5922427 218948.1
5924928 221205.5
5926219 222277.9
5933951 227060.3
5934971 227461.5
5939138 228501.3
5944657 227897
5948645 228009.7
5953597 229002.1
5956999 230883.2
5957265 231960.9
5957238 232733.2
5956992 233608.8
5956538 234087.0
5951932 234950.1
5951159 234498.4
5947245 235800.8
5945026 238324.5
5943572 240303.2
5941986 245285.3
5941518 247265.8
5941216 250560.6
5941308 251243.2
5941844 252422.4
5944773 257221.3
5945830 258352.9
5955064 266148.1
5966314 270172.8
5967153 270741.1
5971558 274682.4
5972826 272258.1
ID 26
6065192 289483.8
6062445 288780.7
6049374 290430.2
6047129 292491.3
6046182 294076.9
6045074 295682.1
6045109 297310.9
6045254 298499
6045721 298823.8
6046574 300404.3
6046566 301913.0
6045888 304079.7
6044122 304647
6042873 306503.8
6041960 309851.5
6042591 310399.5
6042855 310408.9
6056579 310001.3
6057309 309814.4
6060744 308446.1
6068644 298138.9
6069171 297299.1
6069233 296840.0
6066399 290684.5
6065892 290044.5
6065192 289483.8
ID 26
5747306 459253.8
5739456 457732.9
5738576 457923
5728104 457072.6
5714806 442654.5
5712330 440177.6
5707337 438572.6
5689214 411334.8
5686787 404644.9
5685880 398642.2
5685938 398023.5
5686530 395769.5
5687258 393559.4
5689084 393467.8
5689472 394204.2
5690993 396156.1
5695382 400892.2
5704644 408616.9
5711607 412235.9
5712504 412371.7
5713304 411837.8
5719796 405991.6
5730739 405205.3
5737271 402512.4
5739576 401505.9
5750639 393508.2
5753408 390151.9
5753623 386810.9
5754136 384288.3
5768065 360821.6
5768644 360001.1
5769722 358849.7
5770899 358077
5773957 356993.6
5777935 356431.8
5788034 356720.5
5788886 356822
5791963 358960.5
5796643 360831.8
5797286 360718.8
5799700 359957.3
5800617 358811.8
5801851 355214.4
5806544 350277.5
5807203 349786.1
5809116 349375
5829487 352033.4
5844800 362741.5
5860544 372469.6
5880819 375464.8
5885479 375975.5
5890692 374877.1
5894077 374405.2
5906567 373899.8
5909997 373808.6
5912526 373941.9
5914631 374429.3
5923271 378022.4
5933433 382574.3
5938375 383401.5
5948823 382950.6
5950986 379363.6
5950013 377605.7
5949437 375940.9
5949229 374532.2
5947085 356952.1
5947166 355642.6
5947547 354439.9
5948766 352618
5949390 352096.7
5950184 351721.6
5964427 347661
5981459 348996.5
5993973 352559.9
5995884 353899.4
6013269 358231.3
6017438 357385.3
6018245 357154.1
6019093 355766.7
6019612 354267.2
6017528 339595.4
6015060 318410.7
6023237 307953.3
6026222 304335.0
6029200 301906.9
6036112 298173.9
6037859 297682.4
6038420 294536.8
6037445 292143.1
6027064 293696.2
6021415 294587
6020252 295215.9
6019550 295809.5
6002841 293327.5
5987083 298839.5
5971140 292230.9
5949862 299588.1
5940880 303590.6
5925038 308931.4
5919161 309987.4
5918013 310060.9
5912347 309579
5911369 309346.7
5910677 308970.7
5909167 307694.3
5904216 302296.1
5903100 299877.9
5900175 296057.9
5899444 295327.7
5896856 294607.6
5883765 295738.6
5879349 293599.4
5867812 295724.3
5866057 295916.1
5858154 295698.2
5856288 295262.3
5851791 293495.8
5848775 290586.7
5848111 289583.4
5847313 283568.9
5845689 277640
5844723 276765.9
5838743 273648.5
5837498 273255.9
5837185 273388.5
5832893 272874.4
5832053 284094.2
5811943 278154.5
5797068 274013.3
5796711 278372
5796247 280433.2
5795030 282818.9
5793983 283650.2
5793004 283499
5792340 283188
5791347 281845.6
5776252 256443.5
5773854 252437.9
5773788 252269.9
5771682 246908.0
5768179 239287.3
5759077 224220.1
5753024 216761.7
5746344 202679.2
5742899 203681.2
5740914 204259.6
5740858 204336.1
5735589 211538.1
5735309 212169.9
5734914 214526.2
5734903 214593.2
5732313 248267.2
5734090 268257.8
5732171 271416.5
5731986 271612.1
5731909 271693.5
5730571 273107.1
5713004 280348.6
5711926 280346.8
5711856 280375.2
5710852 280780.3
5710248 281024.2
5710231 281041.9
5707612 283791.8
5707547 283859.8
5707153 284880.5
5707334 285260.5
5707366 285326.7
5708945 286896.2
5709555 287222
5711012 288800.4
5712311 290531.4
5712266 290938.6
5712067 291318.4
5710219 294848.6
5709144 295771.1
5707473 297206.3
5704749 298998.9
5702861 299569.5
5702704 299616.9
5680686 305349.8
5667014 305705.2
5665821 308712.4
5646930 316311.7
5642579 319197.7
5637512 322568.3
5632516 325039.9
5629350 326155.1
5625326 327558.8
5571699 346244.6
5564135 348917
5557281 351348.2
5544378 372517.6
5536320 378433.1
5541936 381867.2
5543583 382538.5
5556388 385820
5561301 386542.3
5565626 387702.4
5566973 388290
5569589 390207.3
5575869 395024.1
5578285 397652
5581610 400807
5582945 401646.7
5586199 403034.9
5591648 404003.6
5595241 404081
5596196 403776.3
5597554 403050.6
5613286 403625.3
5614985 404017.5
5618361 405301.5
5647691 418925.4
5652871 422746.6
5655453 428607.9
5656647 430147.1
5662532 434369.7
5671638 440943.5
5673787 442422.8
5686276 449215.5
5690598 455006.1
5693837 458328.7
5696116 459690.6
5709411 466208.8
5712172 467071.9
5722935 468617.9
5727576 468790.4
5731316 468548.8
5740944 467527.7
5744236 465987.6
5746138 464615.8
5747217 463535.9
5747475 459781.4
5747306 459253.8
ID 26
5643575 512044.8
5641030 511681.7
5638653 512668.9
5635468 515102.6
5634086 517905.4
5634772 519247
5637380 521922.4
5640160 524113.8
5646643 527400.5
5654404 530785.2
5672057 539046.9
5678186 542129.3
5678838 543108.3
5679015 543354.2
5680373 544627
5683656 546190.6
5688756 548166.1
5698102 549484.7
5698367 548288.9
5698192 547222.9
5685648 535367.7
5678639 530470.7
5659867 518104.1
5643575 512044.8
