ID 27
761764.9 558337.3
763361 544884.6
767569.1 520156.4
767571 520154.2
770917.4 516902.7
772111.3 515761.4
776916.3 512887.9
779002.8 511642.2
779148.3 511555.4
780172.4 511433.1
783885.6 510990.9
786719.2 512174.1
787759.6 512609
789773.7 512716.1
795695.2 512518.8
796999.4 512240.7
799223.4 510975
799913.9 509543
799926.5 508778.1
799963.3 506556.3
799963.4 506553.8
799985.9 506517
800413.3 506196.4
801896.9 505761
809119.7 505202.5
814568.5 505166
830189.3 503504
830665.8 503106.5
831536.9 501343.2
832728.4 497849.8
832837.1 496824.1
832422.5 493927.6
831897.2 493040.9
831908.9 492551.8
832138.3 492159.3
833676.7 491001
836484.2 490945
843443.7 491030.5
852151.7 492592.8
857813.7 494488.3
858303.7 495037.1
858595.7 496295.5
858562.3 496892.2
858208.8 497648.8
857878.4 499121.3
857998.9 499623.4
866574.9 503590.7
873388.5 505471.3
876888.5 505481.8
878936 503556.1
881537.8 503591.7
881707.4 503594
885685 503948.5
893652.6 503772.3
945432 473452.4
947379.5 474830
962714.4 475711.4
964623.7 472048.4
967897 464838.7
968246.6 464302.7
968829 463410.3
982307 458575.3
986450.7 459195.5
988505 458664.2
988564.6 458566
988851.6 458093
989859 452652.8
989284.6 450214.4
988999.2 449526.1
989035.3 449272.9
994367.4 447565.9
1005876 444662.7
1017737 445364.1
1020593 445843.9
1022349 446440.5
1023531 447080.1
1023538 447083.6
1039315 459649.6
1043259 462934.9
1049929 466146.5
1052766 466118.5
1053047 466034
1053397 465596.4
1056291 458854
1057503 455165.8
1057531 455082
1059846 450152.0
1060628 449372.1
1074083 451761.9
1103307 453805.4
1106316 453926.6
1109674 453266
1111016 452947.7
1114854 451321.3
1116932 448409.3
1117283 447476.9
1117150 445950.8
1117464 445189.4
1119395 443742.7
1124838 441045.1
1126651 440902.2
1128524 441788.5
1142723 444276.9
1155087 445787.5
1154962 444741.9
1154712 444408.6
1150447 441088.9
1149207 440167.4
1133185 430788.8
1122971 425254.9
1117154 422112.9
1111694 419781.5
1105010 417582.2
1099844 415798.5
1085632 409935.4
1078618 407002.7
1064097 397577.4
1054477 389651.6
1043247 378951
1041588 377944.5
1035622 371373.6
1033571 368978.3
1024081 356058.3
1011835 341506
1010342 339953.0
1007267 337894.2
1003161 335729
993535.1 325993.5
991147.7 323426.5
986915.8 318456.3
983415 316775.6
980290.9 314514.1
967208.6 303484.8
965180.7 301694.4
964589.9 300955.4
965075.6 299389.6
966979 296305.9
970043.1 292543.7
970859.3 292080.7
970484.8 291799.9
969422.2 292315.0
965058 296675.9
962989.8 296553.1
957542 292950.7
957088.8 292058.7
957014.6 291220
957250.6 290528.9
957274.2 290459.7
957637.9 290014.3
957720.3 289913.4
957768.3 288664.4
956712.8 285979.4
956354.4 285625.5
955954.6 285392.8
953653.2 285256.2
951544.7 285502.1
949811.5 286716.8
950436.1 259377.5
951084.5 230498.2
951217.5 225664.7
951286.9 221280.7
939896.3 214369.7
923620 203992
923570.5 203949.7
919684.1 200630.1
918666.2 199376.9
917697.6 197613.3
909663.2 182115.2
906356 172510.4
906194.7 170755.4
906234.1 170007.9
906390.8 167035.3
906636.4 164883.3
907640.3 164022.3
911382.4 163349.7
912930.9 163551.9
919024.4 160173.9
922763.7 152827.6
924183.2 144959.1
921142 137474.9
919010.3 134954.4
918915.2 134869.8
917965 134025.1
916592 124385.8
914744.6 109779.7
914943.1 106138.0
916802 101983.3
918366.8 94150.93
917654.5 85784.54
914671.6 72721.6
920283.4 69361.49
928378.2 62297.76
929224 61198.33
929401.8 60115.8
935091.4 54318.57
936336.2 53719.96
939716.5 53307.97
950419.3 52718.15
951799 52394.66
952688.4 51929.34
953425.7 51285.07
953700.8 50855.04
959874.7 41360.79
972616.4 36348.46
990928.9 13166.49
1015862 -4842.54
1027149 -8855.271
1038637 -23708.63
1040421 -37151.11
1045455 -62015.67
1013640 -63157.42
1003972 -63455.68
975679.2 -64297.21
945813 -65071.3
937377.6 -65270.97
899228.2 -66055.83
897214.3 -66086.75
860935.4 -66546.95
848690.7 -66640.18
822609.5 -66780.03
800185.3 -66738.97
784386.8 -66692.1
751060.7 -66520.91
746165.4 -66499.93
707874.6 -66087.5
702484.5 -65962.84
669558 -65452.98
654033.1 -65094.99
621649 -64249.25
622711.7 -25428.75
623825 13171.6
624956.8 51692.62
625248 61433.22
625802.4 80797.82
626291.7 99911.2
627125.4 132310.2
625979.4 138734.1
624568.5 142168.0
622064.6 144304.6
614660.3 148129.4
603513.8 161074.2
598269 168439.6
596908.9 170283.2
596602.2 170699.8
597780.2 174399.8
598071 175025.4
598185.2 175158.6
598344.8 175344.9
598474.6 175496.4
605721.5 181038.3
608417.7 182731.4
611463.3 184280.4
613102.2 185839.8
618719.6 193812.8
618837.9 194082.8
618900.4 194225.5
618998.3 194449.1
619097.7 194976.4
619292.7 196011.0
619639.7 198408.9
620052.7 201340.1
620072.4 201481.4
620101 201686.8
620631.9 206567.6
619825.1 216221.5
621341.3 220227.2
621542.1 220925.1
621770.3 223167.1
621586.4 225131.5
619165.7 248567.1
609132 274577.6
606075 284304.2
606070.7 284317.8
606179.5 290581.2
608231.4 314805.3
607338.7 317403
604392.4 328095.8
604611 342208.9
604449.6 351902.9
603824.6 381003.7
601690.2 400344.5
592532 423112.4
586005.5 449558.1
584439.3 456413.7
584451 456708.3
584541.1 458974.8
587179.2 468457.8
587394.1 495229.6
585716.6 497435.2
585123.3 497776.9
584806.8 497959.2
590564.1 513136.8
587525.1 520725.9
586194.7 525061.2
581362.2 542938.1
580971 545296.1
581090.4 546966.5
581473.5 548605.1
581850.4 548949.3
642143.1 546897.8
721411.1 545164.9
733806.5 545025.3
734072 565729.1
734146.3 572979.2
734280.2 584604.5
734320.8 587798.5
734325 587940.9
748549.6 586217.8
752035.7 583959.2
758185 579307.3
761764.9 558337.3
