ID 27077
721411.1 545164.9
733806.5 545025.3
734072 565729.1
734146.3 572979.2
734280.2 584604.5
734320.8 587798.5
734325 587940.9
748549.6 586217.8
752035.7 583959.2
758185 579307.3
761764.9 558337.3
763361 544884.6
767569.1 520156.4
767571 520154.2
770917.4 516902.7
772111.3 515761.4
776916.3 512887.9
779002.8 511642.2
779148.3 511555.4
780172.4 511433.1
783885.6 510990.9
786719.2 512174.1
786751.9 474375.2
728759.2 474640.7
728919.3 493999.7
719272 494152.7
719558.7 513369.8
738145.5 513159.4
738291 536281.2
736425.8 534390.8
734816.7 533428.4
734062.2 533150.9
728313.9 532028.4
727458 532049.7
726236.5 532377.9
722912.3 534589
721363.5 537803.5
721176.7 543227.6
721411.1 545164.9
ID 27135
721411.1 545164.9
721176.7 543227.6
721363.5 537803.5
722912.3 534589
726236.5 532377.9
727458 532049.7
728313.9 532028.4
734062.2 533150.9
734816.7 533428.4
736425.8 534390.8
738291 536281.2
738145.5 513159.4
719558.7 513369.8
719272 494152.7
700077.1 494293.7
642061.4 496174.8
642231.3 504688
641318.5 515451.1
642143.1 546897.8
721411.1 545164.9
ID 27071
786751.9 474375.2
786719.2 512174.1
787759.6 512609
789773.7 512716.1
795695.2 512518.8
796999.4 512240.7
799223.4 510975
799913.9 509543
799926.5 508778.1
799963.3 506556.3
799963.4 506553.8
799985.9 506517
800413.3 506196.4
801896.9 505761
809119.7 505202.5
814568.5 505166
830189.3 503504
830665.8 503106.5
831536.9 501343.2
832728.4 497849.8
832837.1 496824.1
832422.5 493927.6
831897.2 493040.9
831908.9 492551.8
832138.3 492159.3
833676.7 491001
836484.2 490945
843443.7 491030.5
852151.7 492592.8
857813.7 494488.3
858303.7 495037.1
858595.7 496295.5
858562.3 496892.2
858208.8 497648.8
857878.4 499121.3
857998.9 499623.4
866574.9 503590.7
873388.5 505471.3
876888.5 505481.8
878936 503556.1
881537.8 503591.7
881707.4 503594
885685 503948.5
885747.8 480250.6
885627.8 461091.6
885934.2 444005.4
885998.2 441667.3
886648 436573.8
887348.4 426364.4
887429.9 422115.1
835468.8 422363.6
835469.9 416519.3
787381.6 416361.3
786751.9 474375.2
ID 27137
885685 503948.5
893652.6 503772.3
945432 473452.4
947379.5 474830
962714.4 475711.4
964623.7 472048.4
967897 464838.7
968246.6 464302.7
968829 463410.3
982307 458575.3
983485.6 416028
983854.2 406554.6
985350.6 382957
986433 339081.3
986915.8 318456.3
983415 316775.6
980290.9 314514.1
967208.6 303484.8
965180.7 301694.4
964589.9 300955.4
965075.6 299389.6
966979 296305.9
970043.1 292543.7
970859.3 292080.7
970484.8 291799.9
969422.2 292315.0
965058 296675.9
962989.8 296553.1
957542 292950.7
957088.8 292058.7
957014.6 291220
957250.6 290528.9
957274.2 290459.7
957637.9 290014.3
957720.3 289913.4
957768.3 288664.4
956712.8 285979.4
956354.4 285625.5
955954.6 285392.8
953653.2 285256.2
951544.7 285502.1
949811.5 286716.8
948818.4 297914.3
931057 297712.1
890775.4 297029.8
890766.5 325921
890609.1 335131.9
889631.2 350778.0
889375.7 364281.9
888737.8 390123
887634 403044.1
887330 414346.5
887429.9 422115.1
887348.4 426364.4
886648 436573.8
885998.2 441667.3
885934.2 444005.4
885627.8 461091.6
885747.8 480250.6
885685 503948.5
ID 27007
719272 494152.7
728919.3 493999.7
728759.2 474640.7
786751.9 474375.2
787381.6 416361.3
787324.8 398342.1
787622.2 384336.6
787457 371769.4
768282.6 367984.7
729566.4 368607
729775 397564
729383.6 419747
726930.5 436168.3
700541.4 436620.1
700016.3 453585
700417.4 474997
699772 475017.1
699767.4 479805.9
700077.1 494293.7
719272 494152.7
ID 27031
1039315 459649.6
1043259 462934.9
1049929 466146.5
1052766 466118.5
1053047 466034
1053397 465596.4
1056291 458854
1057503 455165.8
1057531 455082
1059846 450152.0
1060628 449372.1
1074083 451761.9
1103307 453805.4
1106316 453926.6
1109674 453266
1111016 452947.7
1114854 451321.3
1116932 448409.3
1117283 447476.9
1117150 445950.8
1117464 445189.4
1119395 443742.7
1124838 441045.1
1126651 440902.2
1128524 441788.5
1142723 444276.9
1155087 445787.5
1154962 444741.9
1154712 444408.6
1150447 441088.9
1149207 440167.4
1133185 430788.8
1122971 425254.9
1117154 422112.9
1111694 419781.5
1105010 417582.2
1099844 415798.5
1085632 409935.4
1078618 407002.7
1064097 397577.4
1054477 389651.6
1043247 378951
1041528 424505.5
1040421 445525.6
1039315 459649.6
ID 27075
1039315 459649.6
1040421 445525.6
1041528 424505.5
1043247 378951
1041588 377944.5
1035622 371373.6
1033571 368978.3
1024081 356058.3
1011835 341506
1010342 339953.0
1007267 337894.2
1003161 335729
993535.1 325993.5
991147.7 323426.5
986915.8 318456.3
986433 339081.3
985350.6 382957
983854.2 406554.6
983485.6 416028
982307 458575.3
986450.7 459195.5
988505 458664.2
988564.6 458566
988851.6 458093
989859 452652.8
989284.6 450214.4
988999.2 449526.1
989035.3 449272.9
994367.4 447565.9
1005876 444662.7
1017737 445364.1
1020593 445843.9
1022349 446440.5
1023531 447080.1
1023538 447083.6
1039315 459649.6
ID 27113
700016.3 453585
700541.4 436620.1
700434.1 426989.3
690920.1 427361.7
690957.1 430532.1
633236.8 431787.3
632547.3 455243.3
650737.4 454780.8
656300.9 454429.6
669770.3 454025.5
700016.3 453585
ID 27029
700434.1 426989.3
700541.4 436620.1
726930.5 436168.3
729383.6 419747
729775 397564
729566.4 368607
730290.5 339660.3
701319.1 339948.3
701727.7 378736.7
702107.3 397999.3
700976 398016.1
700225.2 399831.3
700434.1 426989.3
ID 27125
690920.1 427361.7
690771.7 417659.5
680999 408073.1
642407.5 408944.4
632923.5 418881.6
633236.8 431787.3
690957.1 430532.1
690920.1 427361.7
ID 27061
887429.9 422115.1
887330 414346.5
887634 403044.1
888737.8 390123
889375.7 364281.9
889631.2 350778.0
890609.1 335131.9
890766.5 325921
836086.2 325790
835997.5 356315.6
835260.9 356710.5
829775.8 357864.6
828303.9 358015.6
828249.1 357577.9
826364.6 355958.6
825507.5 355510.5
823493.6 356836
817075.4 361388.1
816196.5 362354.3
815615.8 364069.6
815662.7 366844.5
815837.4 367119.3
815672.6 369146.7
812824.7 374399.4
811676.3 375452.8
809950.7 375757.9
796383.8 369583.6
794522.6 368510.9
789885.1 369928.3
787457 371769.4
787622.2 384336.6
787324.8 398342.1
787381.6 416361.3
835469.9 416519.3
835468.8 422363.6
887429.9 422115.1
ID 27087
701727.7 378736.7
701319.1 339948.3
662202.9 340744
663055.1 379373.1
701727.7 378736.7
ID 27021
768282.6 367984.7
787457 371769.4
789885.1 369928.3
794522.6 368510.9
796383.8 369583.6
809950.7 375757.9
811676.3 375452.8
812824.7 374399.4
815672.6 369146.7
815837.4 367119.3
815662.7 366844.5
815615.8 364069.6
816196.5 362354.3
817075.4 361388.1
823493.6 356836
825507.5 355510.5
826364.6 355958.6
828249.1 357577.9
828303.9 358015.6
829775.8 357864.6
835260.9 356710.5
835997.5 356315.6
836086.2 325790
836179.4 300497.0
792941.7 300686.0
792657 287846.1
792698.6 281313.5
793822.2 275977.4
794049 247980.6
794045.1 243352.9
793640.3 242222.0
792934.4 242015.9
792761.9 243139.4
792254.8 243984.4
786409 248099.1
783795.8 247975
783260.1 247021.2
781710 246111.4
778067.2 244840.4
777271.7 245060.8
771104.6 247937.5
768946 249979.5
762942.3 252240.4
759308 255097.7
758965.3 281334.1
759011.3 300657.7
768710 300536.3
768928.3 319816.8
768732.5 358142.5
768282.6 367984.7
ID 27057
729566.4 368607
768282.6 367984.7
768732.5 358142.5
768928.3 319816.8
768710 300536.3
759011.3 300657.7
730327.5 301006.8
730591.1 320280.9
730060.6 321595.2
730064.4 329606.4
730290.5 339660.3
729566.4 368607
ID 27005
730290.5 339660.3
730064.4 329606.4
730060.6 321595.2
730591.1 320280.9
730327.5 301006.8
730161.7 291316.9
694112.6 291589.6
652880.6 292736.3
652525.2 340907.7
662202.9 340744
701319.1 339948.3
730290.5 339660.3
ID 27001
890766.5 325921
890775.4 297029.8
890661.3 287412.6
890807.1 281920.8
890976.3 277773.7
891545.6 275127
891868.2 258439.7
892381.5 229417.8
863196.3 228587.8
863330.1 231514.2
863191.6 238828.9
855216.3 238865.3
834999.6 238277.5
834117.3 238849.4
833897.5 239113.1
833863.8 239389.2
833608.7 276176.4
836097.8 284274.1
836179.4 300497.0
836086.2 325790
890766.5 325921
ID 27035
792934.4 242015.9
793640.3 242222.0
794045.1 243352.9
794049 247980.6
793822.2 275977.4
792698.6 281313.5
792657 287846.1
792941.7 300686.0
836179.4 300497.0
836097.8 284274.1
833608.7 276176.4
833863.8 239389.2
833897.5 239113.1
834117.3 238849.4
834999.6 238277.5
833957 228643.9
790376.8 228613.7
790329.4 232306.4
790537.5 238156.6
792934.4 242015.9
ID 27017
890775.4 297029.8
931057 297712.1
948818.4 297914.3
949811.5 286716.8
950436.1 259377.5
891868.2 258439.7
891545.6 275127
890976.3 277773.7
890807.1 281920.8
890661.3 287412.6
890775.4 297029.8
ID 27159
759011.3 300657.7
758965.3 281334.1
759308 255097.7
762942.3 252240.4
730334.8 252550.8
730161.7 291316.9
730327.5 301006.8
759011.3 300657.7
ID 27111
652880.6 292736.3
694112.6 291589.6
730161.7 291316.9
730334.8 252550.8
730749 223393.5
682504.8 224216.8
644215.4 225170.0
644762.9 244485.4
643576.1 244528.6
644498.7 283256.6
652880.6 292736.3
ID 27115
891868.2 258439.7
950436.1 259377.5
951084.5 230498.2
951217.5 225664.7
951286.9 221280.7
939896.3 214369.7
923620 203992
923570.5 203949.7
919684.1 200630.1
918666.2 199376.9
917697.6 197613.3
909663.2 182115.2
886256 181827.3
885761.7 209627.4
892584.7 209758.5
892381.5 229417.8
891868.2 258439.7
ID 27153
762942.3 252240.4
768946 249979.5
769357.5 186096.7
730801.3 186351.8
730749 223393.5
730334.8 252550.8
762942.3 252240.4
ID 27097
768946 249979.5
771104.6 247937.5
777271.7 245060.8
778067.2 244840.4
781710 246111.4
783260.1 247021.2
783795.8 247975
786409 248099.1
792254.8 243984.4
792761.9 243139.4
792934.4 242015.9
790537.5 238156.6
790329.4 232306.4
790376.8 228613.7
833957 228643.9
834067.3 209355.0
834459.3 209346.6
837341.8 202813.3
837770 191494.1
818609.7 191610.5
791999.3 191367.4
798306.4 186161.9
769357.5 186096.7
768946 249979.5
ID 27095
834999.6 238277.5
855216.3 238865.3
863191.6 238828.9
863330.1 231514.2
863196.3 228587.8
863295.4 212630.7
860158.4 209438.7
856711.4 209384.0
856804.3 197510.9
857298.7 181892.9
857704.3 162392.6
838286.6 162328.5
837770 191494.1
837341.8 202813.3
834459.3 209346.6
834067.3 209355.0
833957 228643.9
834999.6 238277.5
ID 27065
863196.3 228587.8
892381.5 229417.8
892584.7 209758.5
885761.7 209627.4
886256 181827.3
857298.7 181892.9
856804.3 197510.9
856711.4 209384.0
860158.4 209438.7
863295.4 212630.7
863196.3 228587.8
ID 27041
730749 223393.5
730801.3 186351.8
730787.9 184736.8
682652.2 185589.1
683005.1 204893.5
682172.3 204907.3
682504.8 224216.8
730749 223393.5
ID 27051
644215.4 225170.0
682504.8 224216.8
682172.3 204907.3
683005.1 204893.5
682652.2 185589.1
644115.3 186420.7
643946.2 215531.5
644215.4 225170.0
ID 27009
798306.4 186161.9
791999.3 191367.4
818609.7 191610.5
837770 191494.1
838286.6 162328.5
807849.3 162143.9
798306.4 186161.9
ID 27145
769357.5 186096.7
798306.4 186161.9
807849.3 162143.9
815902.9 146949.6
799151 131564.9
789532.9 131451.6
785087.1 136249.0
777653.7 136299.5
759745.3 136377.2
759826 146013.1
730976.8 146222.2
731201.2 165407.0
730556.1 165417.2
730787.9 184736.8
730801.3 186351.8
769357.5 186096.7
ID 27025
909663.2 182115.2
906356 172510.4
906194.7 170755.4
906234.1 170007.9
906390.8 167035.3
906636.4 164883.3
907640.3 164022.3
911382.4 163349.7
912930.9 163551.9
919024.4 160173.9
922763.7 152827.6
924183.2 144959.1
921142 137474.9
919010.3 134954.4
918915.2 134869.8
917965 134025.1
896552.9 133746.8
896340.5 146515.9
895886.7 161062.7
886510.4 162637.6
886256 181827.3
909663.2 182115.2
ID 27121
730787.9 184736.8
730556.1 165417.2
731201.2 165407.0
730976.8 146222.2
721317.8 146350.7
682779.6 146942.5
683122 166184.3
682285 166198.8
682652.2 185589.1
730787.9 184736.8
ID 27059
886256 181827.3
886510.4 162637.6
895886.7 161062.7
896340.5 146515.9
885102 146623.0
862654.3 146294.0
857919.9 146393.7
857704.3 162392.6
857298.7 181892.9
886256 181827.3
ID 27149
682652.2 185589.1
682285 166198.8
683122 166184.3
682779.6 146942.5
653862.4 147512.1
644129.8 147826.9
644614.8 167025.3
643692.5 167047.8
644115.3 186420.7
682652.2 185589.1
ID 27141
857704.3 162392.6
857919.9 146393.7
857934.2 127575.6
857211 127668.9
852454.3 132666.1
845524.4 132979.5
838912.3 132870
837787.3 133166.6
829978.3 137789.7
815902.9 146949.6
807849.3 162143.9
838286.6 162328.5
857704.3 162392.6
ID 27003
857919.9 146393.7
862654.3 146294.0
885102 146623.0
896340.5 146515.9
896552.9 133746.8
896741.6 114518.8
880620.6 104462.7
857934.2 127575.6
857919.9 146393.7
ID 27171
799151 131564.9
815902.9 146949.6
829978.3 137789.7
837787.3 133166.6
838912.3 132870
845524.4 132979.5
852454.3 132666.1
857211 127668.9
847745 123044.9
846634 122162.1
839356 108919.2
838149 97666.86
818757.6 97661.92
799534 97717.38
799151 131564.9
ID 27067
721317.8 146350.7
730976.8 146222.2
759826 146013.1
759745.3 136377.2
759845.9 88131.49
721107 88426.37
721625 117430.6
721317.8 146350.7
ID 27151
682779.6 146942.5
721317.8 146350.7
721625 117430.6
659491.2 118502.7
654293.4 121342.6
653862.4 147512.1
682779.6 146942.5
ID 27163
896552.9 133746.8
917965 134025.1
916592 124385.8
914744.6 109779.7
914943.1 106138.0
916802 101983.3
918366.8 94150.93
917654.5 85784.54
914671.6 72721.6
897231.1 88602.4
896741.6 114518.8
896552.9 133746.8
ID 27093
759745.3 136377.2
777653.7 136299.5
785087.1 136249.0
789532.9 131451.6
799151 131564.9
799534 97717.38
780062.4 88061.77
759845.9 88131.49
759745.3 136377.2
ID 27053
857934.2 127575.6
880620.6 104462.7
884695.8 88164.38
872858.8 77187.8
857734.8 78508.64
857637.8 88167.71
838160.8 87985.18
838149 97666.86
839356 108919.2
846634 122162.1
847745 123044.9
857211 127668.9
857934.2 127575.6
ID 27123
880620.6 104462.7
896741.6 114518.8
897231.1 88602.4
884695.8 88164.38
880620.6 104462.7
ID 27023
659491.2 118502.7
721625 117430.6
721107 88426.37
702543 88620.14
702349.9 73316.95
682604.9 94003.32
659491.2 118502.7
ID 27019
818757.6 97661.92
838149 97666.86
838160.8 87985.18
857637.8 88167.71
857734.8 78508.64
856088.4 78527.04
853136 77368.57
849031.5 71119.88
848909.4 69515.39
849466.5 68502.04
847453.9 65933.71
840701.1 60852.75
838607 60001.68
838251.4 60133.13
818999.2 68613.03
818757.6 97661.92
ID 27085
799534 97717.38
818757.6 97661.92
818999.2 68613.03
809330.4 68603.66
799675.3 67566.72
799618.7 58895.34
783204.7 58875.96
780329.6 58893.75
780338 68600.73
780062.4 88061.77
799534 97717.38
ID 27037
884695.8 88164.38
897231.1 88602.4
914671.6 72721.6
920283.4 69361.49
920459.6 59960.43
915884 50329.3
905828.1 50152.35
896351.5 46821.97
896379.4 42009.18
877002.1 49766.85
877106.3 59418.07
873955.2 59369.09
873072.7 69019.48
872858.8 77187.8
884695.8 88164.38
ID 27129
780062.4 88061.77
780338 68600.73
769900.2 68597.19
769847.1 49197.02
770201.5 39619.3
757724.3 39742.74
751001.8 44400.65
711981.5 67100.98
702349.9 73316.95
702543 88620.14
721107 88426.37
759845.9 88131.49
780062.4 88061.77
ID 27139
857734.8 78508.64
872858.8 77187.8
873072.7 69019.48
873955.2 59369.09
877106.3 59418.07
877002.1 49766.85
857691.9 49515.73
826963.8 49275.83
838251.4 60133.13
838607 60001.68
840701.1 60852.75
847453.9 65933.71
849466.5 68502.04
848909.4 69515.39
849031.5 71119.88
853136 77368.57
856088.4 78527.04
857734.8 78508.64
ID 27049
920283.4 69361.49
928378.2 62297.76
929224 61198.33
929401.8 60115.8
935091.4 54318.57
936336.2 53719.96
939716.5 53307.97
950419.3 52718.15
951799 52394.66
952688.4 51929.34
953425.7 51285.07
953700.8 50855.04
959874.7 41360.79
944860.6 41090.81
935513.6 31232.37
935906.9 11914.16
925680.2 11814.98
896709 11422.31
896379.4 42009.18
896351.5 46821.97
905828.1 50152.35
915884 50329.3
920459.6 59960.43
920283.4 69361.49
ID 27143
818999.2 68613.03
838251.4 60133.13
826963.8 49275.83
825528.6 39651.04
770201.5 39619.3
769847.1 49197.02
769900.2 68597.19
780338 68600.73
780329.6 58893.75
783204.7 58875.96
799618.7 58895.34
799675.3 67566.72
809330.4 68603.66
818999.2 68613.03
ID 27127
751001.8 44400.65
750780.5 20402.00
731517.3 20528.29
731306.3 10886.79
703023.4 11371.58
692539.7 11500.05
693079.1 50018.5
711720.3 49660.05
711981.5 67100.98
751001.8 44400.65
ID 27083
692539.7 11500.05
654929.3 12342.50
653734.8 12380.10
653723.4 60629.61
692527 59778.36
693079.1 50018.5
692539.7 11500.05
ID 27131
857691.9 49515.73
877002.1 49766.85
896379.4 42009.18
896709 11422.31
896311 11416.24
867459.6 11014.96
857973.8 10884.59
857691.9 49515.73
ID 27079
826963.8 49275.83
857691.9 49515.73
857973.8 10884.59
838557.5 10721.21
819036.5 15452.94
818911.7 18707.61
822937 30005.19
825528.6 39651.04
826963.8 49275.83
ID 27157
959874.7 41360.79
972616.4 36348.46
990928.9 13166.49
973869 3107.717
954682 2651.867
954400 12323.83
935906.9 11914.16
935513.6 31232.37
944860.6 41090.81
959874.7 41360.79
ID 27015
757724.3 39742.74
760264.5 38936.89
763615 37205.37
780328.8 28380.01
781249.9 27686.47
783106.5 25825.47
790274.4 18229.10
790463.4 914.8604
751140.4 1018.975
731306.3 10886.79
731517.3 20528.29
750780.5 20402.00
751001.8 44400.65
757724.3 39742.74
ID 27103
825528.6 39651.04
822937 30005.19
818911.7 18707.61
819036.5 15452.94
819813.6 8403.056
819678.6 7630.008
816299.7 6040.024
815608.3 5977.243
813257.3 6736.961
810904.4 8115.956
809934.2 8910.777
793522 17039.98
790274.4 18229.10
783106.5 25825.47
781249.9 27686.47
780328.8 28380.01
763615 37205.37
760264.5 38936.89
757724.3 39742.74
770201.5 39619.3
825528.6 39651.04
ID 27013
838557.5 10721.21
838809.7 -27959.42
800235.2 -28099.25
790427 -28094.62
790463.4 914.8604
790274.4 18229.10
793522 17039.98
809934.2 8910.777
810904.4 8115.956
813257.3 6736.961
815608.3 5977.243
816299.7 6040.024
819678.6 7630.008
819813.6 8403.056
819036.5 15452.94
838557.5 10721.21
ID 27169
990928.9 13166.49
1015862 -4842.54
1027149 -8855.271
1038637 -23708.63
1002742 -24966.57
974677 -25781.66
973869 3107.717
990928.9 13166.49
ID 27109
925680.2 11814.98
935906.9 11914.16
954400 12323.83
954682 2651.867
973869 3107.717
974677 -25781.66
944961.5 -27974.28
925536.3 -26786.34
925680.2 11814.98
ID 27039
896709 11422.31
925680.2 11814.98
925536.3 -26786.34
896909 -27291.16
896311 11416.24
896709 11422.31
ID 27147
896311 11416.24
896909 -27291.16
896593.5 -27291.83
867862.7 -27697.86
867459.6 11014.96
896311 11416.24
ID 27161
857973.8 10884.59
867459.6 11014.96
867862.7 -27697.86
848404.7 -27873.88
838809.7 -27959.42
838557.5 10721.21
857973.8 10884.59
ID 27033
703023.4 11371.58
731306.3 10886.79
751140.4 1018.975
750960 -27890.37
703227.4 -27371.53
702406.5 -27354.23
703023.4 11371.58
ID 27101
692539.7 11500.05
703023.4 11371.58
702406.5 -27354.23
654982.5 -26296.39
653989.1 -26271.04
654929.3 12342.50
692539.7 11500.05
ID 27165
751140.4 1018.975
790463.4 914.8604
790427 -28094.62
751356.6 -27888.07
750960 -27890.37
751140.4 1018.975
ID 27055
1038637 -23708.63
1040421 -37151.11
1045455 -62015.67
1013640 -63157.42
1003972 -63455.68
1002742 -24966.57
1038637 -23708.63
ID 27045
974677 -25781.66
1002742 -24966.57
1003972 -63455.68
975679.2 -64297.21
945813 -65071.3
944961.5 -27974.28
974677 -25781.66
ID 27099
925536.3 -26786.34
944961.5 -27974.28
945813 -65071.3
937377.6 -65270.97
899228.2 -66055.83
897214.3 -66086.75
896593.5 -27291.83
896909 -27291.16
925536.3 -26786.34
ID 27047
896593.5 -27291.83
897214.3 -66086.75
860935.4 -66546.95
848690.7 -66640.18
848404.7 -27873.88
867862.7 -27697.86
896593.5 -27291.83
ID 27043
848404.7 -27873.88
848690.7 -66640.18
822609.5 -66780.03
800185.3 -66738.97
800235.2 -28099.25
838809.7 -27959.42
848404.7 -27873.88
ID 27091
800235.2 -28099.25
800185.3 -66738.97
784386.8 -66692.1
751060.7 -66520.91
751356.6 -27888.07
790427 -28094.62
800235.2 -28099.25
ID 27063
750960 -27890.37
751356.6 -27888.07
751060.7 -66520.91
746165.4 -66499.93
707874.6 -66087.5
702484.5 -65962.84
703227.4 -27371.53
750960 -27890.37
ID 27105
654982.5 -26296.39
702406.5 -27354.23
703227.4 -27371.53
702484.5 -65962.84
669558 -65452.98
654033.1 -65094.99
654982.5 -26296.39
ID 27069
581850.4 548949.3
642143.1 546897.8
641318.5 515451.1
642231.3 504688
642061.4 496174.8
584806.8 497959.2
590564.1 513136.8
587525.1 520725.9
586194.7 525061.2
581362.2 542938.1
580971 545296.1
581090.4 546966.5
581473.5 548605.1
581850.4 548949.3
ID 27089
584806.8 497959.2
642061.4 496174.8
700077.1 494293.7
699767.4 479805.9
699772 475017.1
700417.4 474997
700016.3 453585
669770.3 454025.5
656300.9 454429.6
650737.4 454780.8
632547.3 455243.3
584451 456708.3
584541.1 458974.8
587179.2 468457.8
587394.1 495229.6
585716.6 497435.2
585123.3 497776.9
584806.8 497959.2
ID 27119
632547.3 455243.3
633236.8 431787.3
632923.5 418881.6
642407.5 408944.4
680999 408073.1
690771.7 417659.5
690920.1 427361.7
700434.1 426989.3
700225.2 399831.3
700976 398016.1
702107.3 397999.3
701727.7 378736.7
663055.1 379373.1
603824.6 381003.7
601690.2 400344.5
592532 423112.4
586005.5 449558.1
584439.3 456413.7
584451 456708.3
632547.3 455243.3
ID 27107
663055.1 379373.1
662202.9 340744
652525.2 340907.7
604611 342208.9
604449.6 351902.9
603824.6 381003.7
663055.1 379373.1
ID 27027
652525.2 340907.7
652880.6 292736.3
644498.7 283256.6
606070.7 284317.8
606179.5 290581.2
608231.4 314805.3
607338.7 317403
604392.4 328095.8
604611 342208.9
652525.2 340907.7
ID 27167
606070.7 284317.8
644498.7 283256.6
643576.1 244528.6
644762.9 244485.4
644215.4 225170.0
643946.2 215531.5
619825.1 216221.5
621341.3 220227.2
621542.1 220925.1
621770.3 223167.1
621586.4 225131.5
619165.7 248567.1
609132 274577.6
606075 284304.2
606070.7 284317.8
ID 27155
619825.1 216221.5
643946.2 215531.5
644115.3 186420.7
643692.5 167047.8
598269 168439.6
596908.9 170283.2
596602.2 170699.8
597780.2 174399.8
598071 175025.4
598185.2 175158.6
598344.8 175344.9
598474.6 175496.4
605721.5 181038.3
608417.7 182731.4
611463.3 184280.4
613102.2 185839.8
618719.6 193812.8
618837.9 194082.8
618900.4 194225.5
618998.3 194449.1
619097.7 194976.4
619292.7 196011.0
619639.7 198408.9
620052.7 201340.1
620072.4 201481.4
620101 201686.8
620631.9 206567.6
619825.1 216221.5
ID 27011
598269 168439.6
643692.5 167047.8
644614.8 167025.3
644129.8 147826.9
653862.4 147512.1
654293.4 121342.6
648853.3 123369.8
640950.2 126792.9
640234.1 128366.5
636924.1 129967.6
627125.4 132310.2
625979.4 138734.1
624568.5 142168.0
622064.6 144304.6
614660.3 148129.4
603513.8 161074.2
598269 168439.6
ID 27073
654293.4 121342.6
659491.2 118502.7
682604.9 94003.32
682488.5 89041.21
673486 79639.29
625802.4 80797.82
626291.7 99911.2
627125.4 132310.2
636924.1 129967.6
640234.1 128366.5
640950.2 126792.9
648853.3 123369.8
654293.4 121342.6
ID 27173
625802.4 80797.82
673486 79639.29
682488.5 89041.21
682604.9 94003.32
702349.9 73316.95
711981.5 67100.98
711720.3 49660.05
693079.1 50018.5
692527 59778.36
653723.4 60629.61
625248 61433.22
625802.4 80797.82
ID 27081
653723.4 60629.61
653734.8 12380.10
623825 13171.6
624956.8 51692.62
625248 61433.22
653723.4 60629.61
ID 27117
623825 13171.6
653734.8 12380.10
654929.3 12342.50
653989.1 -26271.04
622711.7 -25428.75
623825 13171.6
ID 27133
622711.7 -25428.75
653989.1 -26271.04
654982.5 -26296.39
654033.1 -65094.99
621649 -64249.25
622711.7 -25428.75
