ID 29
319469.1 528053.9
333086.5 527696.5
353325.1 527391.2
371682.5 527275.6
392107.1 527359.8
410521 527410.4
425972.8 527252
449435 527464.6
481849.9 527931.8
488327.3 528061.7
512630.3 528776.3
527102 529176.3
547128.9 529873.9
566291.4 529199.9
568029.4 528062.6
574539.9 522868.7
574720.5 522116.8
574375 519929.2
574626.8 519129.1
582786 508513
586224.3 505568.3
591758.3 505008
584955.2 490555.5
584252.3 485185.2
589228.5 456905.5
596998.7 436277.2
601809.6 428136.9
613542.9 418673.8
633433.7 396924.4
653811.8 377820.6
657337.6 364172.6
657221.4 362810.6
654711.6 359286.3
654624.2 358941.7
654807 358190.0
654817.2 358148.2
659027.7 345721.8
677592.2 349850.0
692877.2 345613.4
695106.7 344884.5
697251.6 343780
698863.5 342745
707185.8 337410.4
707542.9 336780.1
707586.7 336103.5
707165.4 333603.8
706931.7 332564.5
700331.8 325189.6
701808.4 316279.8
695515.4 301881.4
695072.2 300522.6
688465.3 285332.2
688193.3 285012
687791.5 284247.3
686315.1 280045.4
686158.6 279600.1
686036 278464.3
686018.7 273854.3
687010.6 268823.7
687946.3 266346.2
689456.3 264130.4
689728.9 263730.5
689945.6 263508.4
697080.6 256205.2
701432.2 252774.2
725423.7 229648
748858.4 222350.7
763143 197117.1
763153.6 196456.7
763169.5 195473.4
763650.8 193260.9
763681.5 193199.4
766014.7 188527.5
767557.3 186063.1
769806.8 183766.4
770844.6 182369.9
772144.6 179187.5
772176.6 179109.2
772223.8 178904.7
772651.4 177053.4
772681.1 176924.8
772659 176774.7
772163.3 173406.0
771784 172382.1
771678.5 172266.9
771615.6 172198.3
771509.4 172082.5
770503 171609.2
767239.1 170877.0
767011.7 161206.3
769159 157977.2
774215.7 147788.5
777051.7 140110.5
782801.4 135178
799828.3 132781.0
802822.9 128638.0
799020.7 117740.1
798985.9 117721.8
796488.9 116415.5
796432.2 116385.8
796337.4 113841.1
796381.2 113816.2
801417.8 110950.6
797364.9 95814.59
783764 93321.4
776207.4 78284.67
770134.4 77943.26
771067 79516
771211.8 79760.39
771344 80211.73
771648.1 81250.58
771744 81577.81
771755.2 82012.7
771760.7 82226.08
771761.8 82269.2
771517 83448.65
771017.6 84762.63
770971.5 84883.87
770427.5 85787.7
770316.2 85869.05
770125.1 86008.7
769900.6 86172.83
768520.5 86627.87
766041.1 87088.8
764386.1 86909.08
763811.4 86579.1
762748.3 85297.09
762586 85101.4
762466 84689.79
762322 84196.07
762205.3 83795.72
762264.9 83450.92
762342.3 83003.47
762361.7 82891.4
763297.3 80814.36
763376.4 80696.81
765293.6 77849.53
765295.4 59919.01
758227.9 42881.39
749486 22101.63
729082.9 21369.39
699381.1 20356.22
692175.8 20130.75
706971 43297.27
717113.2 51417.44
717757.7 52363.76
718802.5 54869.91
718533.4 63641.98
717750.5 64835.24
710156 76177.67
706610.7 76202.07
704212.7 76148.86
672364.8 75519
653700.2 75174.92
623049.7 74593.24
597909.7 74204.77
594068.2 74209.35
574147 74228.77
534015.5 73910.79
531329.1 73875.06
497387.6 73719.35
475602.3 73757.07
468270.1 73804.23
428681.5 74085.74
426955.7 74102.29
402861.5 74394.05
377553.5 74704.15
358708.7 74985.68
310251.8 75991.33
310654.9 94686.78
310871.4 105641.4
311462.2 131343.3
311625.4 137854.0
312345.5 169111.7
312418.8 171990.6
313138.4 204104.6
313173.2 206264.6
314419.2 246643.2
314471.1 249212
315372.5 285692.1
315634.5 295555.2
316592.5 324478.4
316999.9 336581.9
317560.9 358429.7
317743.0 366139.1
318347.9 371252.7
301908 376229.6
287382 400841.4
276223.9 413876
280038.5 423790.8
281087.4 425183.3
284192.3 429309
284563.6 429666.4
290987.3 434811.9
292795.3 435064.6
294756.8 438903.8
294752.6 438927.1
294214 441969
293627 445287.3
286803.1 454405.4
283728.0 451243.7
283657.4 451186.4
283104.2 450737.4
282490.8 450532.3
279190.4 450335.5
278813.7 450313.1
278491.2 450447.2
276889.3 451113.2
274778.4 451991.6
270706.8 454788.1
260706.9 464388.8
260199.1 465184.5
260188.4 466227.6
240333 496000.2
240359.0 496314.5
240523.9 498311.1
240536.9 498468.8
240553.2 498666
240375.4 499251.5
234674.5 505139.8
229677.1 518967.1
229292.5 520978.6
230278.3 521810.2
232270.1 524962.2
229202.9 527889.7
227989.6 525560.7
223524.3 532554.7
256678.3 530874.6
271190.7 530195.7
295527.2 529103.5
319469.1 528053.9
