ID 29045
566291.4 529199.9
568029.4 528062.6
574539.9 522868.7
574720.5 522116.8
574375 519929.2
574626.8 519129.1
582786 508513
586224.3 505568.3
591758.3 505008
584955.2 490555.5
546720.1 491155.6
546778.4 495996
547128.9 529873.9
566291.4 529199.9
ID 29199
547128.9 529873.9
546778.4 495996
512937.9 496078.4
512745.4 500931.9
512630.3 528776.2
527102 529176.3
547128.9 529873.9
ID 29197
512630.3 528776.2
512745.4 500931.9
484353.4 500599.9
482243.3 511977.7
483198.2 522452.8
481849.9 527931.8
488327.3 528061.7
512630.3 528776.2
ID 29171
481849.9 527931.8
483198.2 522452.8
482243.3 511977.7
484353.4 500599.9
469785.8 500551.2
469831.9 505355.2
450218.5 505519.3
426396.3 505332.4
425972.8 527252
449435 527464.6
481849.9 527931.8
ID 29129
410521 527410.4
425972.8 527252
426396.3 505332.4
426238.2 492378
392542.2 492524.7
392107.1 527359.8
410521 527410.4
ID 29081
392107.1 527359.8
392542.2 492524.7
392275.6 477971.1
353724.7 478999.6
354441.5 506532.6
353325.1 527391.2
371682.5 527275.6
392107.1 527359.8
ID 29227
333086.5 527696.5
353325.1 527391.2
354441.5 506532.6
321822.5 507500.4
319469.1 528053.9
333086.5 527696.5
ID 29211
426396.3 505332.4
450218.5 505519.3
469831.9 505355.2
469785.8 500551.2
469601.7 466645
426439.1 466481.6
426238.2 492378
426396.3 505332.4
ID 29001
512745.4 500931.9
512937.9 496078.4
513203.6 466599.6
470345.7 466647.7
469601.7 466645
469785.8 500551.2
484353.4 500599.9
512745.4 500931.9
ID 29075
321822.5 507500.4
354441.5 506532.6
353724.7 478999.6
353305.7 467737.2
320321.6 468926.8
320503.5 478582.4
321822.5 507500.4
ID 29103
512937.9 496078.4
546778.4 495996
546720.1 491155.6
546765.3 456976.8
518126 457193.3
513203.6 466599.6
512937.9 496078.4
ID 29111
584955.2 490555.5
584252.3 485185.2
589228.5 456905.5
556367.5 456909.5
546765.3 456976.8
546720.1 491155.6
584955.2 490555.5
ID 29079
426238.2 492378
426439.1 466481.6
426355.3 459196.4
392201.4 458715.2
392275.6 477971.1
392542.2 492524.7
426238.2 492378
ID 29061
392275.6 477971.1
392201.4 458715.2
392156.1 439306.3
380937.4 439664.6
363523.6 439880.1
353886.4 440409.4
353305.7 467737.2
353724.7 478999.6
392275.6 477971.1
ID 29003
320503.5 478582.4
320321.6 468926.8
319965.2 444536.5
293627 445287.3
286803.1 454405.4
283259.6 480017.2
320503.5 478582.4
ID 29121
513203.6 466599.6
518126 457193.3
517234.3 418651.6
517087.7 418651.8
483499.8 419187.5
469305.3 429202.3
470345.7 466647.7
513203.6 466599.6
ID 29115
469601.7 466645
470345.7 466647.7
469305.3 429202.3
434235.0 429817.6
425837 429920.9
426150.4 449486.2
426355.3 459196.4
426439.1 466481.6
469601.7 466645
ID 29063
353305.7 467737.2
353886.4 440409.4
353788.5 435622.5
319827.6 436497.9
319965.2 444536.5
320321.6 468926.8
353305.7 467737.2
ID 29127
589228.5 456905.5
596998.7 436277.2
601809.6 428136.9
567367.4 424733.7
556056.2 424741.7
556367.5 456909.5
589228.5 456905.5
ID 29205
546765.3 456976.8
556367.5 456909.5
556056.2 424741.7
527017.8 425075.4
526906.8 418539.2
517234.3 418651.6
518126 457193.3
546765.3 456976.8
ID 29117
426355.3 459196.4
426150.4 449486.2
425837 429920.9
434235.0 429817.6
433188.2 420063.8
391945.1 420064.2
392156.1 439306.3
392201.4 458715.2
426355.3 459196.4
ID 29021
319965.2 444536.5
319827.6 436497.9
319350.4 412616.1
276223.9 413876
280038.5 423790.8
281087.4 425183.3
284192.3 429309
284563.6 429666.4
290987.3 434811.9
292795.3 435064.6
294756.8 438903.8
294752.6 438927.1
294214 441969
293627 445287.3
319965.2 444536.5
ID 29025
353886.4 440409.4
363523.6 439880.1
380937.4 439664.6
392156.1 439306.3
391945.1 420064.2
391735.8 410415.1
353107.1 411349.6
353788.5 435622.5
353886.4 440409.4
ID 29173
567367.4 424733.7
601809.6 428136.9
613542.9 418673.8
611335.2 418659.3
589474 401982.3
591557.8 387349.4
580165.5 387706.2
567387 387745.7
567416 389368.8
567367.4 424733.7
ID 29049
353788.5 435622.5
353107.1 411349.6
352771.9 403303
319189.6 404144.4
319350.4 412616.1
319827.6 436497.9
353788.5 435622.5
ID 29041
469305.3 429202.3
483499.8 419187.5
482119.3 387154
469830.7 376560.2
447922.9 394195.4
433188.2 420063.8
434235.0 429817.6
469305.3 429202.3
ID 29137
567367.4 424733.7
567416 389368.8
516346.6 390057.3
517087.7 418651.8
517234.3 418651.6
526906.8 418539.2
527017.8 425075.4
556056.2 424741.7
567367.4 424733.7
ID 29163
613542.9 418673.8
633433.7 396924.4
653811.8 377820.6
629197.4 377431.3
613720.2 377482.6
613639.2 367671.8
607179.5 367686.9
594311.5 367821.1
591557.8 387349.4
589474 401982.3
611335.2 418659.3
613542.9 418673.8
ID 29175
517087.7 418651.8
516346.6 390057.3
516018.3 378828.4
506022.4 379052.0
482119.3 387154
483499.8 419187.5
517087.7 418651.8
ID 29033
391945.1 420064.2
433188.2 420063.8
447922.9 394195.4
444337.9 394036.1
440581.5 392774.4
432437.6 386126.2
427234.7 378220.6
426271.8 377685.5
422813.4 376994.9
421642.6 377206.2
421104.2 377737.1
415700.6 384389.6
406263.3 378719.6
400516.7 379594.1
391307.8 375166.8
391735.8 410415.1
391945.1 420064.2
ID 29177
391735.8 410415.1
391307.8 375166.8
384987 376183.5
372857.8 374906.9
367920.1 371302.6
368146.3 370856.4
368256.8 369692.5
366384.6 368203.1
365417.3 367631.5
364231.5 367483.1
363002.2 367618.1
361266.7 368588.1
352090.0 375817.7
352771.9 403303
353107.1 411349.6
391735.8 410415.1
ID 29165
276223.9 413876
319350.4 412616.1
319189.6 404144.4
318347.9 371252.7
301908 376229.6
287382 400841.4
276223.9 413876
ID 29047
319189.6 404144.4
352771.9 403303
352090.0 375817.7
349693.8 378461.2
349233.1 378795.2
348351.9 379105.5
345394.6 379259.3
344358.6 378798.3
343805.5 378228.2
343103.9 376952.1
342587.7 375066.3
341395.2 373451.6
338756.2 370978.8
329889 367072.8
317743.0 366139.1
318347.9 371252.7
319189.6 404144.4
ID 29195
447922.9 394195.4
469830.7 376560.2
462391.5 358686.0
452271.1 343609.4
448360.6 343938.7
430496.5 344611.7
413619 345563.0
415700.6 384389.6
421104.2 377737.1
421642.6 377206.2
422813.4 376994.9
426271.8 377685.5
427234.7 378220.6
432437.6 386126.2
440581.5 392774.4
444337.9 394036.1
447922.9 394195.4
ID 29007
516346.6 390057.3
567416 389368.8
567387 387745.7
580165.5 387706.2
591557.8 387349.4
594311.5 367821.1
574951.8 358341.2
533726.3 358624.8
534138.1 378138.4
516018.3 378828.4
516346.6 390057.3
ID 29089
482119.3 387154
506022.4 379052.0
494985.6 348208.5
475304 348300.7
469976 349367.1
469043.9 349782.5
464788.3 352897.9
464108.4 353864.6
462372.5 357957.6
462391.5 358686.0
469830.7 376560.2
482119.3 387154
ID 29113
653811.8 377820.6
657337.6 364172.6
657221.4 362810.6
654711.6 359286.3
654624.2 358941.7
654807 358190.0
654817.2 358148.2
659027.7 345721.8
633768.4 338225.3
624623.8 338279.7
618320.7 344769.5
613627.2 351259.2
607050.9 351353.8
607179.5 367686.9
613639.2 367671.8
613720.2 377482.6
629197.4 377431.3
653811.8 377820.6
ID 29107
391307.8 375166.8
400516.7 379594.1
406263.3 378719.6
415700.6 384389.6
413619 345563.0
413531.9 343956.4
384282.6 345385.4
384096.4 342145.8
360012.6 343489.9
361266.7 368588.1
363002.2 367618.1
364231.5 367483.1
365417.3 367631.5
366384.6 368203.1
368256.8 369692.5
368146.3 370856.4
367920.1 371302.6
372857.8 374906.9
384987 376183.5
391307.8 375166.8
ID 29019
516018.3 378828.4
534138.1 378138.4
533726.3 358624.8
532437.8 358643.5
531938.6 357624.3
529669.1 341620.9
528592.7 325437.9
523849.4 317994.4
524317.6 311857.7
509140.1 322478
500140.7 342783.2
494985.6 348208.5
506022.4 379052.0
516018.3 378828.4
ID 29095
361266.7 368588.1
360012.6 343489.9
359426.1 334134.9
316999.9 336581.9
317560.9 358429.7
317743.0 366139.1
329889 367072.8
338756.2 370978.8
341395.2 373451.6
342587.7 375066.3
343103.9 376952.1
343805.5 378228.2
344358.6 378798.3
345394.6 379259.3
348351.9 379105.5
349233.1 378795.2
349693.8 378461.2
352090.0 375817.7
361266.7 368588.1
ID 29139
607179.5 367686.9
607050.9 351353.8
607211.5 334819.9
594116.7 334816.6
594051 319769.7
574771.6 318900.9
574180.6 318851.4
574951.8 358341.2
594311.5 367821.1
607179.5 367686.9
ID 29027
533726.3 358624.8
574951.8 358341.2
574180.6 318851.4
569979.1 319315.1
567118.5 319119.5
555659.7 314768.4
554872.9 314315.1
554192.9 313622.6
553515 312560.5
546368.5 306342.3
542788 303913.3
524317.6 311857.7
523849.4 317994.4
528592.7 325437.9
529669.1 341620.9
531938.6 357624.3
532437.8 358643.5
533726.3 358624.8
ID 29053
462391.5 358686.0
462372.5 357957.6
464108.4 353864.6
464788.3 352897.9
469043.9 349782.5
469976 349367.1
475304 348300.7
494985.6 348208.5
500140.7 342783.2
492449.9 324186.8
490594 319306.7
489837.4 316917.2
478674.7 316336
470436.3 316404
451274.5 317509.3
452271.1 343609.4
462391.5 358686.0
ID 29219
607050.9 351353.8
613627.2 351259.2
618320.7 344769.5
624623.8 338279.7
633768.4 338225.3
633855.9 302324.5
610821 312427.7
610288.1 313489.6
603235.3 319543.3
602251.5 319719.3
598365.9 318661.1
594051 319769.7
594116.7 334816.6
607211.5 334819.9
607050.9 351353.8
ID 29135
500140.7 342783.2
509140.1 322478
500420.4 287918.3
489069.7 288253.1
470219.5 306728.4
470436.3 316404
478674.7 316336
489837.4 316917.2
490594 319306.7
492449.9 324186.8
500140.7 342783.2
ID 29159
413619 345563.0
430496.5 344611.7
448360.6 343938.7
452271.1 343609.4
451274.5 317509.3
450537.3 299422.3
440227.2 299945.2
431083 300158.1
430935 296922
411662.7 297801.3
411858.5 302647.6
413531.9 343956.4
413619 345563.0
ID 29101
413531.9 343956.4
411858.5 302647.6
363672.8 304568.7
359426.1 334134.9
360012.6 343489.9
384096.4 342145.8
384282.6 345385.4
413531.9 343956.4
ID 29037
316999.9 336581.9
359426.1 334134.9
363672.8 304568.7
363323.7 291212.5
350763.8 291586.5
345908.4 292282.3
340896.2 294353.2
315634.5 295555.2
316592.5 324478.4
316999.9 336581.9
ID 29071
633855.9 302324.5
653896.3 312890.9
653916 293701.5
650631.3 264485.2
622989.6 264015.8
599182.8 264318.0
599196.2 277832
598684.2 297575.5
598365.9 318661.1
602251.5 319719.3
603235.3 319543.3
610288.1 313489.6
610821 312427.7
633855.9 302324.5
ID 29073
598365.9 318661.1
598684.2 297575.5
599196.2 277832
599182.8 264318.0
584631.7 257809.2
576201.7 257828.6
574821 272800.0
574771.6 318900.9
594051 319769.7
598365.9 318661.1
ID 29051
509140.1 322478
524317.6 311857.7
542788 303913.3
526710.4 277718.3
521774.5 276293.7
508006.9 278322.8
508427.5 287645.4
500420.4 287918.3
509140.1 322478
ID 29151
574180.6 318851.4
574771.6 318900.9
574821 272800.0
553894.5 272788.2
541595 272586.8
526621.4 272912.0
526710.4 277718.3
542788 303913.3
546368.5 306342.3
553515 312560.5
554192.9 313622.6
554872.9 314315.1
555659.7 314768.4
567118.5 319119.5
569979.1 319315.1
574180.6 318851.4
ID 29141
451274.5 317509.3
470436.3 316404
470219.5 306728.4
489069.7 288253.1
482848 265093.9
476806.8 262311.8
459445.8 262424.2
449430.6 269516.5
450537.3 299422.3
451274.5 317509.3
ID 29083
411858.5 302647.6
411662.7 297801.3
410364.2 263944.7
364270.3 265320.3
363323.7 291212.5
363672.8 304568.7
411858.5 302647.6
ID 29015
411662.7 297801.3
430935 296922
431083 300158.1
440227.2 299945.2
450537.3 299422.3
449430.6 269516.5
450402.4 247517.6
411907.8 249014.8
410364.2 263944.7
411662.7 297801.3
ID 29013
315634.5 295555.2
340896.2 294353.2
345908.4 292282.3
350763.8 291586.5
363323.7 291212.5
364270.3 265320.3
363204.3 245629.4
356699.7 248146.7
350767.4 247855.2
347281.4 247496.7
314471.1 249212
315372.5 285692.1
315634.5 295555.2
ID 29131
500420.4 287918.3
508427.5 287645.4
508006.9 278322.8
521774.5 276293.7
526710.4 277718.3
526621.4 272912.0
526485.3 258404.6
527922.7 258376.1
527626.8 242292.3
508229.2 242787
500337 242900.6
495394 246231.1
493833 247830.4
491514.6 252729.3
491553.9 255957.5
490827.3 259387.2
487732.5 264086.2
482848 265093.9
489069.7 288253.1
500420.4 287918.3
ID 29125
574821 272800.0
576201.7 257828.6
576143.6 246442.6
563636.6 246520.5
553067.9 246287.4
549259.3 244743.1
542048.5 241721.2
527626.8 242292.3
527922.7 258376.1
526485.3 258404.6
526621.4 272912.0
541595 272586.8
553894.5 272788.2
574821 272800.0
ID 29221
650631.3 264485.2
663195.9 250555.9
663498.6 212620.0
623391.7 212499.8
622989.6 264015.8
650631.3 264485.2
ID 29055
599182.8 264318.0
622989.6 264015.8
623391.7 212499.8
618759.3 207694.6
604882.1 207807.4
604965.6 217481.4
585542.3 217457
584631.7 257809.2
599182.8 264318.0
ID 29029
482848 265093.9
487732.5 264086.2
490827.3 259387.2
491553.9 255957.5
491514.6 252729.3
493833 247830.4
495394 246231.1
500337 242900.6
508229.2 242787
507987.2 224806.8
502727.4 221250.5
496512.3 218464.6
495690.4 218288.1
494334.5 218884.7
491191.6 222716.5
489927.3 225359.4
489393.8 227868.2
489534.8 228090.0
489426 228488.5
468743.6 228919.7
449657.3 229779.5
450402.4 247517.6
449430.6 269516.5
459445.8 262424.2
476806.8 262311.8
482848 265093.9
ID 29186
701432.2 252774.2
725423.7 229648
710807.2 206642.8
706876.4 209700.9
702899.6 206254.8
686451.4 221889.3
679546.1 228958.1
691268.6 240641.5
682933.3 247179.4
697080.6 256205.2
701432.2 252774.2
ID 29161
576201.7 257828.6
584631.7 257809.2
585542.3 217457
561105.1 217494.4
561008.4 196136.4
541565.9 196424.4
542048.5 241721.2
549259.3 244743.1
553067.9 246287.4
563636.6 246520.5
576143.6 246442.6
576201.7 257828.6
ID 29185
364270.3 265320.3
410364.2 263944.7
411907.8 249014.8
411005 231318.4
408799.0 231406.5
405816.1 226701.5
405523.3 221889.0
400665.4 222101.6
384544.7 222892.9
384915.0 229336.0
362303.2 230598.8
363204.3 245629.4
364270.3 265320.3
ID 29187
663195.9 250555.9
682933.3 247179.4
691268.6 240641.5
679546.1 228958.1
686451.4 221889.3
702899.6 206254.8
706876.4 209700.9
710807.2 206642.8
707692.2 203262.6
673418.4 202698.1
663498.6 212620.0
663195.9 250555.9
ID 29085
411907.8 249014.8
450402.4 247517.6
449657.3 229779.5
439436.5 218763.8
405523.3 221889.0
405816.1 226701.5
408799.0 231406.5
411005 231318.4
411907.8 249014.8
ID 29169
527626.8 242292.3
542048.5 241721.2
541565.9 196424.4
522121.5 196571.8
522161.2 201444.0
507611.5 208687.1
507987.2 224806.8
508229.2 242787
527626.8 242292.3
ID 29217
363204.3 245629.4
362303.2 230598.8
361105.5 201610.7
313138.4 204104.6
313173.2 206264.6
314419.2 246643.2
314471.1 249212
347281.4 247496.7
350767.4 247855.2
356699.7 248146.7
363204.3 245629.4
ID 29157
725423.7 229648
748858.4 222350.7
763143 197117.1
763153.6 196456.7
733040.3 199234.5
707816.6 198357.9
707692.2 203262.6
710807.2 206642.8
725423.7 229648
ID 29105
468743.6 228919.7
489426 228488.5
489534.8 228090.0
489393.8 227868.2
489927.3 225359.4
491191.6 222716.5
494334.5 218884.7
495690.4 218288.1
496512.3 218464.6
502727.4 221250.5
507987.2 224806.8
507611.5 208687.1
522161.2 201444.0
522121.5 196571.8
521912.9 181966.2
483490.6 182908.3
468736.9 183231.6
469472.4 209527.8
468270.6 209554.4
468743.6 228919.7
ID 29059
449657.3 229779.5
468743.6 228919.7
468270.6 209554.4
469472.4 209527.8
468736.9 183231.6
449243.9 175646.7
439588.4 175977.7
439436.5 218763.8
449657.3 229779.5
ID 29039
362303.2 230598.8
384915.0 229336.0
384544.7 222892.9
400665.4 222101.6
401415.3 193599.9
360849.7 195167.2
361105.5 201610.7
362303.2 230598.8
ID 29065
618759.3 207694.6
618780.8 195567
604873.7 195904.8
604839.5 186170.1
613973.8 185932.7
614027.6 176316.5
575533.4 176706.7
565936.1 176778.4
565804.1 196171.7
561008.4 196136.4
561105.1 217494.4
585542.3 217457
604965.6 217481.4
604882.1 207807.4
618759.3 207694.6
ID 29167
405523.3 221889.0
439436.5 218763.8
439588.4 175977.7
400770.8 177471.0
401415.3 193599.9
400665.4 222101.6
405523.3 221889.0
ID 29093
663498.6 212620.0
673418.4 202698.1
672869.6 166481.0
656502.2 160990.3
654892.1 160857.5
652970.6 176928.1
652876.7 197781.9
636048 197558.8
618780.8 195567
618759.3 207694.6
623391.7 212499.8
663498.6 212620.0
ID 29123
707692.2 203262.6
707816.6 198357.9
708700.2 192138.1
708702.5 166686.2
702315 166848.9
672869.6 166481.0
673418.4 202698.1
707692.2 203262.6
ID 29017
733040.3 199234.5
734019.9 146707.4
725755.1 146606.8
726005 138517.4
720762 136807.7
712515 136694.6
712469.7 141654.5
702430 141472.4
702315 166848.9
708702.5 166686.2
708700.2 192138.1
707816.6 198357.9
733040.3 199234.5
ID 29031
733040.3 199234.5
763153.6 196456.7
763169.5 195473.4
763650.8 193260.9
763681.5 193199.4
766014.7 188527.5
767557.3 186063.1
769806.8 183766.4
770844.6 182369.9
772144.6 179187.5
772176.6 179109.2
772223.8 178904.7
772651.4 177053.4
772681.1 176924.8
772659 176774.7
772163.3 173406.0
771784 172382.1
771678.5 172266.9
771615.6 172198.3
771509.4 172082.5
770503 171609.2
767239.1 170877.0
767011.7 161206.3
743007.2 146942.3
734019.9 146707.4
733040.3 199234.5
ID 29179
618780.8 195567
636048 197558.8
652876.7 197781.9
652970.6 176928.1
654892.1 160857.5
656502.2 160990.3
656683.2 156120.2
656568.3 149375.1
652959.6 143960.6
653035 136421.7
631765.9 141098.1
625647.5 149795.9
617255.8 176308.8
614027.6 176316.5
613973.8 185932.7
604839.5 186170.1
604873.7 195904.8
618780.8 195567
ID 29215
541565.9 196424.4
561008.4 196136.4
565804.1 196171.7
565936.1 176778.4
575533.4 176706.7
575108.4 135215.3
557223.8 135239.9
546178 135753.1
536578 135773.6
522113.2 136101.2
522359.6 153720.3
521912.6 157761.8
521912.9 181966.2
522121.5 196571.8
541565.9 196424.4
ID 29011
361105.5 201610.7
360849.7 195167.2
359825.8 169382.4
312418.8 171990.6
313138.4 204104.6
361105.5 201610.7
ID 29057
360849.7 195167.2
401415.3 193599.9
400770.8 177471.0
400163 161326.7
362352.0 162769.2
359825.8 169382.4
360849.7 195167.2
ID 29229
483490.6 182908.3
521912.9 181966.2
521912.6 157761.8
522359.6 153720.3
522113.2 136101.2
483471.3 136909.5
484125.7 158670.0
482937.2 158705.6
483490.6 182908.3
ID 29225
468736.9 183231.6
483490.6 182908.3
482937.2 158705.6
484125.7 158670.0
483471.3 136909.5
464139.5 137368.9
449745.6 139451.9
450199.7 159535.0
448845.1 159553.2
449243.9 175646.7
468736.9 183231.6
ID 29203
575533.4 176706.7
614027.6 176316.5
617255.8 176308.8
625647.5 149795.9
631765.9 141098.1
623611.8 139974.6
614054.6 139788.0
613850.8 117326.0
575042.1 117436.8
575108.4 135215.3
575533.4 176706.7
ID 29223
672869.6 166481.0
702315 166848.9
702430 141472.4
712469.7 141654.5
712515 136694.6
699708.4 123150.1
662282 122845.2
653035 136421.7
652959.6 143960.6
656568.3 149375.1
656683.2 156120.2
656502.2 160990.3
672869.6 166481.0
ID 29077
439588.4 175977.7
449243.9 175646.7
448845.1 159553.2
450199.7 159535.0
449745.6 139451.9
401426.9 140920.1
400163 161326.7
400770.8 177471.0
439588.4 175977.7
ID 29201
767011.7 161206.3
769159 157977.2
774215.7 147788.5
777051.7 140110.5
782801.4 135178
765741 119117.0
750448.2 117532.2
750329.9 123484.7
749127.1 127282.5
747354.8 131935.5
746035.6 134217.8
744332.4 136656.9
743007.2 146942.3
767011.7 161206.3
ID 29097
359825.8 169382.4
362352.0 162769.2
361299.9 135925.6
311625.4 137854.0
312345.5 169111.7
312418.8 171990.6
359825.8 169382.4
ID 29109
400163 161326.7
401426.9 140920.1
401185.3 129563.8
401012.8 121465.8
360766.4 123022.5
361299.9 135925.6
362352.0 162769.2
400163 161326.7
ID 29207
734019.9 146707.4
743007.2 146942.3
744332.4 136656.9
746035.6 134217.8
747354.8 131935.5
749127.1 127282.5
750329.9 123484.7
750448.2 117532.2
749268.8 117474.4
750370.4 91762.56
727284.5 91315.4
710331.2 91043.86
711158 92363.54
711507.2 94537.78
710553.6 98484.64
707858 104058.1
707057 104682.3
706459.7 104919.1
703624.7 111708.8
699708.4 123150.1
712515 136694.6
720762 136807.7
726005 138517.4
725755.1 146606.8
734019.9 146707.4
ID 29035
631765.9 141098.1
653035 136421.7
662282 122845.2
663948.5 110105.2
643782.3 109919.2
629911.3 110748.1
623477.8 110779.7
613850.8 117326.0
614054.6 139788.0
623611.8 139974.6
631765.9 141098.1
ID 29133
782801.4 135178
799828.3 132781.0
802822.9 128638.0
799020.7 117740.1
798985.9 117721.8
796488.9 116415.5
796432.2 116385.8
796337.4 113841.1
796381.2 113816.2
801417.8 110950.6
797364.9 95814.59
783764 93321.4
765741 119117.0
782801.4 135178
ID 29091
575108.4 135215.3
575042.1 117436.8
574971.6 106204.4
574074.4 85983.24
574147 74228.77
534015.5 73910.79
534596.3 106688.8
536578 135773.6
546178 135753.1
557223.8 135239.9
575108.4 135215.3
ID 29043
449745.6 139451.9
464139.5 137368.9
463474.3 108365.6
428238.6 109432.4
424873.8 109509.6
425454.1 128946.6
401185.3 129563.8
401426.9 140920.1
449745.6 139451.9
ID 29067
536578 135773.6
534596.3 106688.8
476368.8 107959.2
463474.3 108365.6
464139.5 137368.9
483471.3 136909.5
522113.2 136101.2
536578 135773.6
ID 29145
311625.4 137854.0
361299.9 135925.6
360766.4 123022.5
359898.8 102621.7
310871.4 105641.4
311462.2 131343.3
311625.4 137854.0
ID 29023
699708.4 123150.1
703624.7 111708.8
706459.7 104919.1
707057 104682.3
707858 104058.1
710553.6 98484.64
711507.2 94537.78
711158 92363.54
710331.2 91043.86
704212.7 76148.86
672364.8 75519
663948.5 110105.2
662282 122845.2
699708.4 123150.1
ID 29143
750448.2 117532.2
765741 119117.0
783764 93321.4
776207.4 78284.67
770134.4 77943.26
771067 79516
771211.8 79760.39
771344 80211.73
771648.1 81250.58
771744 81577.81
771755.2 82012.7
771760.7 82226.08
771761.8 82269.2
771517 83448.65
771017.6 84762.63
770971.5 84883.87
770427.5 85787.7
770316.2 85869.05
770125.1 86008.7
769900.6 86172.83
768520.5 86627.87
766041.1 87088.8
764386.1 86909.08
763811.4 86579.1
762748.3 85297.09
762586 85101.4
762466 84689.79
762322 84196.07
762205.3 83795.72
762264.9 83450.92
762342.3 83003.47
762361.7 82891.4
763297.3 80814.36
763376.4 80696.81
765293.6 77849.53
765295.4 59919.01
760873.1 67203.37
759135.7 67986.87
752594.9 67070.2
745886.5 64789.22
732078.1 64472.91
727776.2 64611.15
727284.5 91315.4
750370.4 91762.56
749268.8 117474.4
750448.2 117532.2
ID 29209
401185.3 129563.8
425454.1 128946.6
424873.8 109509.6
428238.6 109432.4
426955.7 74102.29
402861.5 74394.05
404199.3 110019.8
400708.9 110118.6
401012.8 121465.8
401185.3 129563.8
ID 29149
575042.1 117436.8
613850.8 117326.0
623477.8 110779.7
623049.7 74593.24
597909.7 74204.77
594068.2 74209.35
574147 74228.77
574074.4 85983.24
574971.6 106204.4
575042.1 117436.8
ID 29009
360766.4 123022.5
401012.8 121465.8
400708.9 110118.6
404199.3 110019.8
402861.5 74394.05
377553.5 74704.15
358708.7 74985.68
359898.8 102621.7
360766.4 123022.5
ID 29181
623477.8 110779.7
629911.3 110748.1
643782.3 109919.2
663948.5 110105.2
672364.8 75519
653700.2 75174.92
623049.7 74593.24
623477.8 110779.7
ID 29153
476368.8 107959.2
534596.3 106688.8
534015.5 73910.79
531329.1 73875.06
497387.6 73719.35
475602.3 73757.07
476368.8 107959.2
ID 29213
463474.3 108365.6
476368.8 107959.2
475602.3 73757.07
468270.1 73804.23
428681.5 74085.74
426955.7 74102.29
428238.6 109432.4
463474.3 108365.6
ID 29069
727284.5 91315.4
727776.2 64611.15
729082.9 21369.39
699381.1 20356.22
692175.8 20130.75
706971 43297.27
717113.2 51417.44
717757.7 52363.76
718802.5 54869.91
718533.4 63641.98
717750.5 64835.24
710156 76177.67
706610.7 76202.07
704212.7 76148.86
710331.2 91043.86
727284.5 91315.4
ID 29119
359898.8 102621.7
358708.7 74985.68
310251.8 75991.33
310654.9 94686.78
310871.4 105641.4
359898.8 102621.7
ID 29155
765295.4 59919.01
758227.9 42881.39
749486 22101.63
729082.9 21369.39
727776.2 64611.15
732078.1 64472.91
745886.5 64789.22
752594.9 67070.2
759135.7 67986.87
760873.1 67203.37
765295.4 59919.01
ID 29183
677592.2 349850.0
692877.2 345613.4
695106.7 344884.5
697251.6 343780
698863.5 342745
707185.8 337410.4
707542.9 336780.1
707586.7 336103.5
707165.4 333603.8
706931.7 332564.5
706175.8 334222.4
704787.4 335141.9
703320.9 335059.7
701120.1 333770.5
699679.7 334367.4
694418.3 337702.7
693561.8 338626
687264.1 338296.9
687060.2 337003.5
686356.7 335520.6
685777 334673.9
684751.7 333928
683484.7 333854.2
680401.9 334527.7
679437.2 334539.1
678825.3 334314.3
678188 333677.9
676026 330075.3
671293.4 320942.1
671312.2 319665.2
670699.4 318608.0
669261.1 317877.7
667944.7 317804.6
660473.5 318484.5
659849.7 318338.7
658682 317526.8
655980 313686.5
653896.3 312890.9
633855.9 302324.5
633768.4 338225.3
659027.7 345721.8
677592.2 349850.0
ID 29189
706931.7 332564.5
700331.8 325189.6
695993.3 325242
692377.1 322748.6
690028.4 318445.1
691085.2 309720.9
691984.6 303842.9
695515.4 301881.4
695072.2 300522.6
688465.3 285332.2
687899.9 287848.7
682719 298136.9
666543.2 297851.5
654973.6 295418.0
653916 293701.5
653896.3 312890.9
655980 313686.5
658682 317526.8
659849.7 318338.7
660473.5 318484.5
667944.7 317804.6
669261.1 317877.7
670699.4 318608.0
671312.2 319665.2
671293.4 320942.1
676026 330075.3
678188 333677.9
678825.3 334314.3
679437.2 334539.1
680401.9 334527.7
683484.7 333854.2
684751.7 333928
685777 334673.9
686356.7 335520.6
687060.2 337003.5
687264.1 338296.9
693561.8 338626
694418.3 337702.7
699679.7 334367.4
701120.1 333770.5
703320.9 335059.7
704787.4 335141.9
706175.8 334222.4
706931.7 332564.5
ID 29510
700331.8 325189.6
701808.4 316279.8
695515.4 301881.4
691984.6 303842.9
691085.2 309720.9
690028.4 318445.1
692377.1 322748.6
695993.3 325242
700331.8 325189.6
ID 29099
653916 293701.5
654973.6 295418.0
666543.2 297851.5
682719 298136.9
687899.9 287848.7
688465.3 285332.2
688193.3 285012
687791.5 284247.3
686315.1 280045.4
686158.6 279600.1
686036 278464.3
686018.7 273854.3
687010.6 268823.7
687946.3 266346.2
689456.3 264130.4
689728.9 263730.5
689945.6 263508.4
697080.6 256205.2
682933.3 247179.4
663195.9 250555.9
650631.3 264485.2
653916 293701.5
ID 29005
223524.3 532554.7
256678.3 530874.6
271190.7 530195.7
270893.1 519187
272948.5 519099.4
272631.7 508635.6
271972.4 494964.4
240359.0 496314.5
240523.9 498311.1
240536.9 498468.8
240553.2 498666
240375.4 499251.5
234674.5 505139.8
229677.1 518967.1
229292.5 520978.6
230278.3 521810.2
232270.1 524962.2
229202.9 527889.7
227989.6 525560.7
223524.3 532554.7
ID 29147
295527.2 529103.5
319469.1 528053.9
321822.5 507500.4
320503.5 478582.4
283259.6 480017.2
282261.0 480865.2
281799 481742.6
280863.8 487315.5
281444.1 490681.4
281691.1 491101.2
280040.8 494617.2
271972.4 494964.4
272631.7 508635.6
272948.5 519099.4
270893.1 519187
271190.7 530195.7
295527.2 529103.5
ID 29087
271972.4 494964.4
280040.8 494617.2
281691.1 491101.2
281444.1 490681.4
280863.8 487315.5
281799 481742.6
282261.0 480865.2
283259.6 480017.2
286803.1 454405.4
283728.0 451243.7
283657.4 451186.4
283104.2 450737.4
282490.8 450532.3
279190.4 450335.5
278813.7 450313.1
278491.2 450447.2
276889.3 451113.2
274778.4 451991.6
270706.8 454788.1
260706.9 464388.8
260199.1 465184.5
260188.4 466227.6
240333 496000.2
240359.0 496314.5
271972.4 494964.4
