ID 28
266683.3 609322.1
283221.5 609294.9
300919.2 609335.8
304265.1 609347.4
341337.9 609479.8
342887.8 609484.7
357810.6 609572
367222.7 598161.5
363612 563689.4
362296.3 550535.8
360713.6 534755.5
358116.9 508727.5
357800.5 505594.2
354199.3 470815.2
351894.6 447402.6
349256.3 420139.2
346065.7 387171.2
345419.3 380279.5
341743.6 341342.5
338787.1 311451.5
337855.1 302464.1
334376.4 265527.4
334971.5 243709.9
336493.3 214662.2
338280.8 179017.6
338935.7 166162.1
340303.7 137039.5
342131.5 96453.6
341939.8 94829.92
334761.7 90950.8
333969.6 90762.62
310041.8 93410.98
308305.7 93958.36
302087.3 98088.55
298819.5 100344.1
291476.3 99077.29
275978.4 96251.39
256898.5 92306.38
251215.2 96867.9
233435.2 75659.38
229002.4 75702.42
228798 75704.45
228567.5 75880.38
228251.3 76121.82
228021.7 76297.07
227381.2 77155.67
225454.3 79739.69
224654.6 81590.55
222064.9 87588.6
222056.2 88189.2
222339.8 89097.8
223395.6 91274.8
223403.8 93318.17
223397.5 93333.77
218356.0 105809.9
217773.0 106474.9
217631.4 106636.6
203279.3 129687.9
204922.2 137496.2
206539.8 143226.0
208508.7 150208.3
210125.5 155313.3
210364.2 155504.1
211174.9 155562.6
211740.7 155603.4
212881.2 157645.5
214495.9 163421
214545.9 166865
214546.1 166875.4
204254.6 166936.5
163790.8 167222.8
155416.2 167300.5
136266.7 167507.9
134404.7 167537.8
109679.4 167910.7
87305.88 168288.0
76225.08 168539
32204.64 169588.1
35763.44 186717.5
38890.86 198487.7
44506.91 227047.1
44557.88 227134.5
44965.19 227832.6
45212.58 228256.7
56878.88 247785.0
56928.41 247857.5
58600.96 250303.6
59682.25 251885.7
71476.48 265261.6
92907.43 291844.4
84169.53 303500
95158.98 304075.6
95652.23 320044.2
86078.82 331773
85985.56 331951.5
85648.1 332597.6
85428.14 333018.8
85426.48 333141.5
85402.71 334905.8
88002.99 341794
87451.57 343360.6
84555.97 344507.6
84360.2 344703.1
83524 345538.2
83338.73 345723.2
83230.25 345907.8
82999.17 346301.2
82880.7 346502.8
82429 347819.5
77417.27 381913.7
77326.53 382827.7
78543.59 386229.1
81994.3 390912.9
82807 391693
85769.64 394538.4
85854.98 394620.4
89666.78 406402.6
89670.82 406505.9
89999.2 414882.3
87766.27 417626.3
85037.36 423509.7
81315.19 437043.5
86229.11 438097.6
87521.16 440183.9
86964.13 442829.7
83309.08 445683.7
78808.56 449202.4
78688.06 449296.6
77673.6 452868.9
84722.79 455075.9
86433.02 456344
86769.73 457526.9
86795.51 457617.4
86768.89 457642.2
84335.65 459909.4
81690.6 462158.4
81216.84 463158.8
81108.35 463387.9
81825.88 465864.9
91580.59 496810.9
110300.8 504456.1
111136.1 508101.8
110332.4 510551.9
106410.7 514112.5
106379.7 514274.1
106168.2 515376.6
107714.0 518035.2
112455.4 526138.2
122382.3 540944.8
127255.3 541536.7
132122.5 542130.6
136254.2 543723.8
139643.9 546219.3
139851.6 546372.3
139927.8 546558.2
140766.0 548603.7
140537.5 558589.9
140244.8 571465.2
155961.5 592451.7
166442.2 595378.6
165256.5 610390.9
218669.0 609654.8
225968.6 609651.4
252588.8 609377.3
266683.3 609322.1
