ID 28141
342887.8 609484.7
357810.6 609572
367222.7 598161.5
363612 563689.4
362296.3 550535.8
346318.3 550482.3
342797.9 582863.2
342887.8 609484.7
ID 28003
341337.9 609479.8
342887.8 609484.7
342797.9 582863.2
310512.6 582898.2
300919.2 609335.8
304265.1 609347.4
341337.9 609479.8
ID 28139
283221.5 609294.9
300919.2 609335.8
310512.6 582898.2
308979.7 565114.8
276595.3 565335.7
276695 589414.1
281518.7 589397.9
283155.1 594216.2
283221.5 609294.9
ID 28009
266683.3 609322.1
283221.5 609294.9
283155.1 594216.2
281518.7 589397.9
276695 589414.1
276595.3 565335.7
262172.8 563718
257338.6 563704.9
257391.0 592712.5
254159.0 598275.7
252588.8 609377.3
266683.3 609322.1
ID 28093
225968.6 609651.4
252588.8 609377.3
254159.0 598275.7
257391.0 592712.5
257338.6 563704.9
262172.8 563718
262088.3 554000.8
252650.9 557037.5
240959.3 560604.6
232860.4 560794.1
223355.8 560755.5
223395.2 574234.4
218533.1 575344.2
218513.4 584992.5
218669.0 609654.8
225968.6 609651.4
ID 28033
218669.0 609654.8
218513.4 584992.5
201280.4 585170.3
183801.5 580944.9
174772.9 580148.3
166442.2 595378.6
165256.5 610390.9
218669.0 609654.8
ID 28117
342797.9 582863.2
346318.3 550482.3
326763.1 550595.5
308895 555400.5
308979.7 565114.8
310512.6 582898.2
342797.9 582863.2
ID 28143
166442.2 595378.6
174772.9 580148.3
174694.6 561292
174635.0 556467.7
164922 556458.2
165011.3 547016.2
156033.4 547068.7
140537.5 558589.9
140244.8 571465.2
155961.5 592451.7
166442.2 595378.6
ID 28137
174772.9 580148.3
183801.5 580944.9
201280.4 585170.3
218513.4 584992.5
218533.1 575344.2
223395.2 574234.4
223355.8 560755.5
218501.2 560786.5
174694.6 561292
174772.9 580148.3
ID 28145
276595.3 565335.7
308979.7 565114.8
308895 555400.5
300783.3 539406.5
262016.9 541123
262088.3 554000.8
262172.8 563718
276595.3 565335.7
ID 28071
218501.2 560786.5
223355.8 560755.5
232860.4 560794.1
240959.3 560604.6
252650.9 557037.5
262088.3 554000.8
262016.9 541123
261997.3 516902.4
237631.1 517131.8
218176.9 520660.3
218501.2 560786.5
ID 28081
308895 555400.5
326763.1 550595.5
326760.6 508861.7
310556.2 507218.8
300813.2 507260.3
300783.3 539406.5
308895 555400.5
ID 28057
362296.3 550535.8
360713.6 534755.5
358116.9 508727.5
326760.6 508861.7
326763.1 550595.5
346318.3 550482.3
362296.3 550535.8
ID 28107
174694.6 561292
218501.2 560786.5
218176.9 520660.3
198746 517716.4
179931.7 517458.5
180154.8 529194.1
174809.2 535903.4
174635.0 556467.7
174694.6 561292
ID 28119
174635.0 556467.7
174809.2 535903.4
180154.8 529194.1
179931.7 517458.5
179786.6 507798.6
174783.0 507866.8
150686.0 508219.9
151052.9 529236.3
155800.3 529064.6
156033.4 547068.7
165011.3 547016.2
164922 556458.2
174635.0 556467.7
ID 28027
140537.5 558589.9
156033.4 547068.7
155800.3 529064.6
151052.9 529236.3
150686.0 508219.9
150555.8 498538.7
131493.9 499069.7
131527.1 513637.9
116793.5 514127.9
106379.7 514274.1
106168.2 515376.6
107714.0 518035.2
112455.4 526138.2
122382.3 540944.8
127255.3 541536.7
132122.5 542130.6
136254.2 543723.8
139643.9 546219.3
139851.6 546372.3
139927.8 546558.2
140766.0 548603.7
140537.5 558589.9
ID 28115
300783.3 539406.5
300813.2 507260.3
271772.4 507210.2
261997.3 516902.4
262016.9 541123
300783.3 539406.5
ID 28161
237631.1 517131.8
237636.9 484451.9
213410.6 484626.5
213430.1 487932.4
198927.2 488166.6
198746 517716.4
218176.9 520660.3
237631.1 517131.8
ID 28013
237631.1 517131.8
261997.3 516902.4
271772.4 507210.2
271804.5 478152.8
266974.8 478120.2
266785.4 470012.1
237546.4 468296.7
237636.9 484451.9
237631.1 517131.8
ID 28095
358116.9 508727.5
357800.5 505594.2
354199.3 470815.2
329629.1 460186.2
331353.8 462804
330858.9 463498.2
310543.5 463488.6
310489.9 477992.6
310556.2 507218.8
326760.6 508861.7
358116.9 508727.5
ID 28135
179931.7 517458.5
198746 517716.4
198927.2 488166.6
198865.3 483177
198821.4 479947
189334.8 478511.7
179341.8 478561.4
179191.4 468837
176100.4 476253
175073.7 478616.7
150163.0 479205.2
150555.8 498538.7
150686.0 508219.9
174783.0 507866.8
179786.6 507798.6
179931.7 517458.5
ID 28017
300813.2 507260.3
310556.2 507218.8
310489.9 477992.6
281359.8 470064.4
266785.4 470012.1
266974.8 478120.2
271804.5 478152.8
271772.4 507210.2
300813.2 507260.3
ID 28011
106379.7 514274.1
116793.5 514127.9
131527.1 513637.9
131493.9 499069.7
130610.1 457881
120882.6 458046.9
120699.4 448415.6
78688.06 449296.6
77673.6 452868.9
84722.79 455075.9
86433.02 456344
86769.73 457526.9
86795.51 457617.4
86768.89 457642.2
84335.65 459909.4
81690.6 462158.4
81216.84 463158.8
81108.35 463387.9
81825.88 465864.9
91580.59 496810.9
110300.8 504456.1
111136.1 508101.8
110332.4 510551.9
106410.7 514112.5
106379.7 514274.1
ID 28133
150555.8 498538.7
150163.0 479205.2
149183.8 425751.6
139652.1 425870.5
139564.7 419364.8
124566.9 419568.1
120699.4 448415.6
120882.6 458046.9
130610.1 457881
131493.9 499069.7
150555.8 498538.7
ID 28043
198927.2 488166.6
213430.1 487932.4
213410.6 484626.5
237636.9 484451.9
237546.4 468296.7
237543.8 463392.7
211576.4 463499.8
179896.1 463869.3
179191.4 468837
179341.8 478561.4
189334.8 478511.7
198821.4 479947
198865.3 483177
198927.2 488166.6
ID 28025
310489.9 477992.6
310543.5 463488.6
330858.9 463498.2
331353.8 462804
329629.1 460186.2
315059.4 444186.9
315023.5 450726.8
285956.7 450615.9
282796.5 450395.4
281359.8 470064.4
310489.9 477992.6
ID 28087
329629.1 460186.2
354199.3 470815.2
351894.6 447402.6
349256.3 420139.2
315299.7 419871.5
315059.4 444186.9
329629.1 460186.2
ID 28083
150163.0 479205.2
175073.7 478616.7
176100.4 476253
179191.4 468837
179896.1 463869.3
182200.8 462164.0
182338.4 461024.1
182114.4 439656.6
178670.4 434985.5
175234.8 435090.6
175128.2 425814.9
160464.1 422625
149183.8 425751.6
150163.0 479205.2
ID 28155
266785.4 470012.1
281359.8 470064.4
282796.5 450395.4
276318.1 447202.5
249067.8 439222.6
237421.7 439235.9
237543.8 463392.7
237546.4 468296.7
266785.4 470012.1
ID 28097
237543.8 463392.7
237421.7 439235.9
249067.8 439222.6
242204.8 419922.5
224369.1 419997.5
224374 432977.9
217925.3 432977.4
211465.4 434610.5
211576.4 463499.8
237543.8 463392.7
ID 28015
179896.1 463869.3
211576.4 463499.8
211465.4 434610.5
217925.3 432977.4
224374 432977.9
224369.1 419997.5
214592.1 412201
175128.2 425814.9
175234.8 435090.6
178670.4 434985.5
182114.4 439656.6
182338.4 461024.1
182200.8 462164.0
179896.1 463869.3
ID 28105
282796.5 450395.4
285956.7 450615.9
315023.5 450726.8
315059.4 444186.9
315299.7 419871.5
301889 419804.4
276255.1 419786.5
276318.1 447202.5
282796.5 450395.4
ID 28019
276318.1 447202.5
276255.1 419786.5
274333.3 419784.1
264560.5 410011.4
264478.5 400236.5
254777.6 400217.6
242204.8 419922.5
249067.8 439222.6
276318.1 447202.5
ID 28151
78688.06 449296.6
120699.4 448415.6
124566.9 419568.1
125560.9 400255.5
105532.6 390817.3
82807 391693
85769.64 394538.4
85854.98 394620.4
89666.78 406402.6
89670.82 406505.9
89999.2 414882.3
87766.27 417626.3
85037.36 423509.7
81315.19 437043.5
86229.11 438097.6
87521.16 440183.9
86964.13 442829.7
83309.08 445683.7
78808.56 449202.4
78688.06 449296.6
ID 28103
315299.7 419871.5
349256.3 420139.2
346065.7 387171.2
345419.3 380279.5
301922.1 379833.2
301889 419804.4
315299.7 419871.5
ID 28159
276255.1 419786.5
301889 419804.4
301922.1 379833.2
292416.5 379897.7
254564.7 380564.6
254777.6 400217.6
264478.5 400236.5
264560.5 410011.4
274333.3 419784.1
276255.1 419786.5
ID 28051
160464.1 422625
175128.2 425814.9
214592.1 412201
194018.6 375252.9
156968.7 390255.5
155312.6 391490.2
151042.4 395529.4
150894.9 396103.3
150765.6 399813.5
151194.1 401624.8
151458.2 401953.5
151861.1 402054
152902.6 400407.2
155291.9 398701.9
156347.8 398427.4
156921.8 398785.1
160317.6 404027
160464.1 422625
ID 28007
242204.8 419922.5
254777.6 400217.6
254564.7 380564.6
232081.3 380593.5
216125.8 380624.9
216096.1 375617.4
194018.6 375252.9
214592.1 412201
224369.1 419997.5
242204.8 419922.5
ID 28053
149183.8 425751.6
160464.1 422625
160317.6 404027
156921.8 398785.1
156347.8 398427.4
155291.9 398701.9
152902.6 400407.2
151861.1 402054
151458.2 401953.5
151194.1 401624.8
150765.6 399813.5
150894.9 396103.3
151042.4 395529.4
155312.6 391490.2
156968.7 390255.5
148995.3 390198.8
148796 380691.9
129454.7 380921
125560.9 400255.5
124566.9 419568.1
139564.7 419364.8
139652.1 425870.5
149183.8 425751.6
ID 28125
125560.9 400255.5
129454.7 380921
119623.9 371462.9
119599.0 369057
121333.2 368484.6
123693.3 366304.1
126050.4 363601.9
128334.5 354699.8
128098.8 353274.9
127160.7 352404.3
122715.0 352149
100037.9 352653
100533.6 372100.3
101205.5 373675.3
101676.4 373716.6
102369.0 374162.8
102847.7 374839.5
105103.1 383318.2
105532.6 390817.3
125560.9 400255.5
ID 28069
301922.1 379833.2
345419.3 380279.5
341743.6 341342.5
292377.6 341128.6
292416.5 379897.7
301922.1 379833.2
ID 28163
156968.7 390255.5
194018.6 375252.9
186959.4 360685.2
185909.5 359283.2
180283.9 355890.6
151746.9 342531.8
148191.0 341976.0
138325.4 334736.8
122916.5 347344.5
122715.0 352149
127160.7 352404.3
128098.8 353274.9
128334.5 354699.8
126050.4 363601.9
123693.3 366304.1
121333.2 368484.6
119599.0 369057
119623.9 371462.9
129454.7 380921
148796 380691.9
148995.3 390198.8
156968.7 390255.5
ID 28099
254564.7 380564.6
292416.5 379897.7
292377.6 341128.6
254531.9 341174.1
254564.7 380564.6
ID 28079
254564.7 380564.6
254531.9 341174.1
254061.5 341173.4
215794.8 341513.2
215833.8 347832.1
216096.1 375617.4
216125.8 380624.9
232081.3 380593.5
254564.7 380564.6
ID 28055
105532.6 390817.3
105103.1 383318.2
102847.7 374839.5
102369.0 374162.8
101676.4 373716.6
101205.5 373675.3
100533.6 372100.3
100037.9 352653
122715.0 352149
122916.5 347344.5
118323.7 342533.2
109283.2 327984.4
99628.07 325774.0
99920.98 342979.6
87451.57 343360.6
84555.97 344507.6
84360.2 344703.1
83524 345538.2
83338.73 345723.2
83230.25 345907.8
82999.17 346301.2
82880.7 346502.8
82429 347819.5
77417.27 381913.7
77326.53 382827.7
78543.59 386229.1
81994.3 390912.9
82807 391693
105532.6 390817.3
ID 28089
194018.6 375252.9
216096.1 375617.4
215833.8 347832.1
210736.6 342626.5
208637.6 342689.6
203716.2 342464.5
189749.9 331507.1
184220.5 326284.7
183810.9 325485.5
183669.7 324076.3
184059.9 322119.2
172150.4 322353.8
167334.3 323177.4
167446.5 332086
164025.1 332147.8
148063.1 332403.8
148191.0 341976.0
151746.9 342531.8
180283.9 355890.6
185909.5 359283.2
186959.4 360685.2
194018.6 375252.9
ID 28075
292377.6 341128.6
341743.6 341342.5
338787.1 311451.5
337855.1 302464.1
292411.0 302010.6
292377.6 341128.6
ID 28123
215833.8 347832.1
215794.8 341513.2
254061.5 341173.4
253873.5 302033.6
215441.7 302097.2
210736.6 342626.5
215833.8 347832.1
ID 28101
254531.9 341174.1
292377.6 341128.6
292411.0 302010.6
253873.5 302033.6
254061.5 341173.4
254531.9 341174.1
ID 28121
210736.6 342626.5
215441.7 302097.2
215310.9 282720.4
168079.2 283516.6
166163.6 290519.0
170716.6 305912.2
176993.7 313619.9
184059.9 322119.2
183669.7 324076.3
183810.9 325485.5
184220.5 326284.7
189749.9 331507.1
203716.2 342464.5
208637.6 342689.6
210736.6 342626.5
ID 28149
87451.57 343360.6
99920.98 342979.6
99628.07 325774.0
109283.2 327984.4
118323.7 342533.2
122916.5 347344.5
138325.4 334736.8
121341.9 303687.3
118876.2 301150.6
113838.9 296051
103454.2 288179.9
100894.0 288714.6
92907.43 291844.4
84169.53 303500
95158.98 304075.6
95652.23 320044.2
86078.82 331773
85985.56 331951.5
85648.1 332597.6
85428.14 333018.8
85426.48 333141.5
85402.71 334905.8
88002.99 341794
87451.57 343360.6
ID 28049
138325.4 334736.8
148191.0 341976.0
148063.1 332403.8
164025.1 332147.8
167446.5 332086
167334.3 323177.4
172150.4 322353.8
184059.9 322119.2
176993.7 313619.9
170716.6 305912.2
166163.6 290519.0
168079.2 283516.6
121972.2 284064.9
121341.9 303687.3
138325.4 334736.8
ID 28023
337855.1 302464.1
334376.4 265527.4
292698.8 257930.8
292411.0 302010.6
337855.1 302464.1
ID 28061
292411.0 302010.6
292698.8 257930.8
289584.5 257702.4
254242.6 255306.8
253873.5 302033.6
292411.0 302010.6
ID 28129
215441.7 302097.2
253873.5 302033.6
254242.6 255306.8
246222.3 254766
222355.5 253120.2
215310.9 282720.4
215441.7 302097.2
ID 28021
121341.9 303687.3
121972.2 284064.9
119762.4 255012.9
110469.7 255149.3
109892.7 257111
109953.7 258367.8
109820.1 259673.7
93653.5 263904.5
71476.48 265261.6
92907.43 291844.4
100894.0 288714.6
103454.2 288179.9
113838.9 296051
118876.2 301150.6
121341.9 303687.3
ID 28127
215310.9 282720.4
222355.5 253120.2
212689.4 252532.9
191883.6 251288.6
177852.1 250450.0
168079.2 283516.6
215310.9 282720.4
ID 28029
168079.2 283516.6
177852.1 250450.0
166182.3 246695.6
119541.1 245293.8
119762.4 255012.9
121972.2 284064.9
168079.2 283516.6
ID 28153
334376.4 265527.4
334971.5 243709.9
336493.3 214662.2
299204.0 214360.4
289530.1 214338.5
289584.5 257702.4
292698.8 257930.8
334376.4 265527.4
ID 28067
289584.5 257702.4
289530.1 214338.5
270267.8 214441.4
246208 214535.0
246222.3 254766
254242.6 255306.8
289584.5 257702.4
ID 28031
246222.3 254766
246208 214535.0
241222.9 214561.9
228369.3 214604.3
228420.5 223447.5
226923.3 226273.4
223705.3 228520.9
220287.6 229187.4
217838.1 230592.7
212478.2 234223.2
212689.4 252532.9
222355.5 253120.2
246222.3 254766
ID 28063
71476.48 265261.6
93653.5 263904.5
109820.1 259673.7
109953.7 258367.8
109892.7 257111
110469.7 255149.3
119762.4 255012.9
119541.1 245293.8
119324.1 235605.4
79786.54 236252.6
59682.25 251885.7
71476.48 265261.6
ID 28065
191883.6 251288.6
212689.4 252532.9
212478.2 234223.2
217838.1 230592.7
220287.6 229187.4
223705.3 228520.9
226923.3 226273.4
228420.5 223447.5
228369.3 214604.3
221962.4 214663.2
205777.1 214828.6
205840.5 209941.1
192942.5 210117.0
193077.6 224746.0
191686.3 236461.9
191883.6 251288.6
ID 28077
177852.1 250450.0
191883.6 251288.6
191686.3 236461.9
193077.6 224746.0
192942.5 210117.0
185123.8 204169.6
165781.2 205970.2
166182.3 246695.6
177852.1 250450.0
ID 28085
166182.3 246695.6
165781.2 205970.2
164210.9 205990.4
136820.4 206303.6
128715.0 206390.0
129204.4 235469.6
119324.1 235605.4
119541.1 245293.8
166182.3 246695.6
ID 28001
59682.25 251885.7
79786.54 236252.6
78760.44 207049.5
78338.83 207507.4
71786.81 210216
67836.84 209801.0
64684.64 208927.3
51541.71 204622.9
38581.94 194298.7
37575.63 192378.0
35763.44 186717.5
38890.86 198487.7
44506.91 227047.1
44557.88 227134.5
44965.19 227832.6
45212.58 228256.7
56878.88 247785.0
56928.41 247857.5
58600.96 250303.6
59682.25 251885.7
ID 28037
79786.54 236252.6
119324.1 235605.4
129204.4 235469.6
128715.0 206390.0
95436.32 206929.8
84673.52 204072.3
78760.44 207049.5
79786.54 236252.6
ID 28041
299204.0 214360.4
336493.3 214662.2
338280.8 179017.6
338935.7 166162.1
299904.0 166053.1
299204.0 214360.4
ID 28111
289530.1 214338.5
299204.0 214360.4
299904.0 166053.1
295057.6 156387.6
270880.3 156325.2
270866.1 166365.1
270227.4 180197.0
270267.8 214441.4
289530.1 214338.5
ID 28035
270267.8 214441.4
270227.4 180197.0
270866.1 166365.1
270880.3 156325.2
251487 156398.3
250763.9 167540.5
251041 204814.6
241220.0 204844
241222.9 214561.9
246208 214535.0
270267.8 214441.4
ID 28073
241222.9 214561.9
241220.0 204844
251041 204814.6
250763.9 167540.5
221623.9 166843.3
221962.4 214663.2
228369.3 214604.3
241222.9 214561.9
ID 28091
221962.4 214663.2
221623.9 166843.3
214546.1 166875.4
204254.6 166936.5
203047.6 175036.3
196153.1 176684.0
189537.8 181564.5
186172 186366.2
185006.5 192837.5
185123.8 204169.6
192942.5 210117.0
205840.5 209941.1
205777.1 214828.6
221962.4 214663.2
ID 28147
165781.2 205970.2
185123.8 204169.6
185006.5 192837.5
186172 186366.2
189537.8 181564.5
196153.1 176684.0
203047.6 175036.3
204254.6 166936.5
163790.8 167222.8
164210.9 205990.4
165781.2 205970.2
ID 28113
136820.4 206303.6
164210.9 205990.4
163790.8 167222.8
155416.2 167300.5
136266.7 167507.9
136820.4 206303.6
ID 28005
136820.4 206303.6
136266.7 167507.9
134404.7 167537.8
109679.4 167910.7
87305.88 168288.0
84673.52 204072.3
95436.32 206929.8
128715.0 206390.0
136820.4 206303.6
ID 28157
78760.44 207049.5
84673.52 204072.3
87305.88 168288.0
76225.08 168539
32204.64 169588.1
35763.44 186717.5
37575.63 192378.0
38581.94 194298.7
51541.71 204622.9
64684.64 208927.3
67836.84 209801.0
71786.81 210216
78338.83 207507.4
78760.44 207049.5
ID 28039
299904.0 166053.1
338935.7 166162.1
340303.7 137039.5
295096.9 136965.0
295057.6 156387.6
299904.0 166053.1
ID 28109
250763.9 167540.5
251487 156398.3
251297.7 127332.7
238005.2 127432.2
231881.8 124179.7
231773.7 112904.7
221862.4 106571.1
217631.4 106636.6
203279.3 129687.9
204922.2 137496.2
206539.8 143226.0
208508.7 150208.3
210125.5 155313.3
210364.2 155504.1
211174.9 155562.6
211740.7 155603.4
212881.2 157645.5
214495.9 163421
214545.9 166865
214546.1 166875.4
214546.1 166875.4
221623.9 166843.3
250763.9 167540.5
ID 28131
295057.6 156387.6
295096.9 136965.0
295094.1 130502.1
261671.4 130552.9
261008.3 127285.0
251297.7 127332.7
251487 156398.3
270880.3 156325.2
295057.6 156387.6
ID 28059
295096.9 136965.0
340303.7 137039.5
342131.5 96453.6
341939.8 94829.92
334761.7 90950.8
333969.6 90762.62
310041.8 93410.98
308305.7 93958.36
302087.3 98088.55
298819.5 100344.1
295094.1 130502.1
295096.9 136965.0
ID 28047
295094.1 130502.1
298819.5 100344.1
291476.3 99077.29
275978.4 96251.39
256898.5 92306.38
251215.2 96867.9
251297.7 127332.7
261008.3 127285.0
261671.4 130552.9
295094.1 130502.1
ID 28045
217631.4 106636.6
221862.4 106571.1
231773.7 112904.7
231881.8 124179.7
238005.2 127432.2
251297.7 127332.7
251215.2 96867.9
233435.2 75659.38
229002.4 75702.42
228798 75704.45
228567.5 75880.38
228251.3 76121.82
228021.7 76297.07
227381.2 77155.67
225454.3 79739.69
224654.6 81590.55
222064.9 87588.6
222056.2 88189.2
222339.8 89097.8
223395.6 91274.8
223403.8 93318.17
223397.5 93333.77
218356.0 105809.9
217773.0 106474.9
217631.4 106636.6
