ID 30
509032.4 528407.4
600754.1 527897.3
608482.9 527915.4
632153.9 527920.6
632174.3 527915.7
636534.4 527898.8
636972.4 527902
670010.3 528225.9
674044.1 528275.6
692449.9 528547
769745 530332.8
847824.3 533147.9
924894 537022.2
998557.8 541728.7
1001472 501147.9
1003412 474030.1
1006661 430432.2
1011220 364063.8
1011723 356599.1
1017050 280270
1017822 269129.4
1019815 240229.9
1022418 203116.3
1023017 196104.3
1028486 121966
1028783 97981.38
951590.3 93419.05
947575.5 93191.79
887837.2 90119.78
882263.9 89570.24
873948.5 88741.18
855136.9 87945.88
805864.1 86338.93
790740.8 85953.85
786508.7 86193.44
749175.1 85269.57
725278.3 84740.58
698607 84091.4
669279.7 83798.3
644889.8 83511.66
634514.3 83418.93
632878.4 83408.56
618188.7 83978.28
576450.5 83652.44
558502.3 83911.11
551899.2 83985.69
543121.3 83201.33
517009.9 83059.22
516806 83062.13
504958.7 83242.59
501381.5 83923.76
491534.4 84550.48
478249.6 84714.1
476625.6 47497.87
476720.3 26128.79
469620.3 31058.62
468355.3 33519.42
463534 42919.13
455509.6 54424.95
451303.5 57556.12
442964.2 53032.02
431732.3 35962.94
421640.5 34838.66
405479.7 37142.95
383683.3 36388.11
372549.2 30418.29
343991.3 33536.37
338958.3 31580.76
336352.5 27961.3
335478.9 26077.76
335109.3 21865.62
335076.5 21588.81
334491.3 20284.02
333013.1 19165.16
330913.3 19624.72
323646.2 25792.71
321119.3 28562.60
319467.5 33655.32
317732.4 47391.29
318002.2 47660.54
318374.9 48555.23
318242.2 49403.53
314729.9 58674.58
312303.7 63717.6
310529.8 65769.4
306745.2 68973.12
303719.5 70776.21
301198.3 69757.58
285978.3 85823.82
267934.7 128994.0
266661.4 137605.1
265984.1 144193.1
266747.5 146138.5
266365.4 149396.9
264341.5 158052.8
263705.6 159361.6
254851.9 168945.2
253057.2 170366.0
246801.3 165593.3
238402.3 156012.7
224216.6 147069.7
220995.1 147169.5
220989.6 147183
219921.3 149805.0
213085.7 157990.4
212070.3 158277
208931.0 158639.5
205501.8 158661.6
205228.2 158919.8
205245.9 159300.1
205600.9 166946.0
206384.8 182087.7
220794.5 238590.7
225559.6 254510.8
228662.2 265495.7
230335.4 273390.9
230490.2 275896.9
230042.2 277144.3
229560.1 277519.4
229190.7 277806.8
227673.8 278739.6
223685.6 278760.5
221755.2 278120.0
220613.7 277506.1
218980.0 276813.1
210560.6 277452.0
210383.2 277539.4
204890 287470
201585.9 287076.8
201078.8 287151.1
199947.1 287317
186997.0 300730.6
186519.9 301649.6
186499.6 301688.7
183599.9 312685.8
181247.5 315992.2
176864.5 322165.8
168713.7 336038.4
160125.2 350339.6
158739.5 351101.0
152606.0 352689.1
148349.5 354166.8
146928.2 355106.9
145143.3 356288.4
131356.9 371124.9
130926.6 373879.9
130917.3 373939.5
131215.4 383068.1
132705.1 388180.8
134365.0 394908.9
133623.3 401117.9
133574.5 401527.2
133527.6 401628.9
133393.6 401919.1
133231 402271.5
114667.1 430751.9
111901.2 434557.6
114040.2 460910.3
116715.6 492718.4
121350.5 547991.7
179554.2 543261
211818.6 541079.6
217747.9 540698.6
265900.3 537543.3
273067 537078.8
293324.4 535814.7
335470.9 533804.3
343253.8 533467.5
402937.5 531059.4
427766.6 530241
434529.2 529995.3
453076.4 529503.8
470440.1 529098
509032.4 528407.4
