ID 30053
116715.6 492718.4
121350.5 547991.7
179554.2 543261
211818.6 541079.6
217747.9 540698.6
219553.6 525321.1
224380.9 512856.2
224417.4 512538.2
221752.5 502358.3
203401.4 503541.2
203944.9 497195.7
205621.1 493923
203115.4 455387
192073.6 456149.5
190360.2 456250.5
189616.3 446634.5
189419 433098.7
178734.4 433875.9
178729.9 427830.9
175662.1 423109.1
168451.6 420426.4
154462.9 424120.6
153614.6 424641.7
148924.7 429707.3
141925.9 451800.3
134415.8 463411.4
126429.0 458545.6
122345.5 456675.2
114040.2 460910.3
116715.6 492718.4
ID 30029
265900.3 537543.3
269662.7 518678.5
272956.7 516900.1
289968.3 507665.1
307277.1 484979.8
307125.1 483166.4
306799.3 481925.6
305818.5 475346.6
312344.3 462027.2
314672.8 458181.9
322514.7 447521.1
322401.4 442855.5
322672.1 442270.1
329978 438524.9
330458.6 438282.5
331049.3 438165.2
337698.5 437032.3
338419.8 437291.5
339930.2 417367.7
337092.5 414700.3
333715.9 409923.8
325303.5 392974.7
325203.7 392091.7
326132.3 378213.3
302011.5 379789.3
289440.7 380426
292556.2 389312.1
292646.9 391072.9
292396.9 393809.4
288660.9 412733.6
288422.8 413320.8
273350.3 431526
262749.4 432216.9
261034.9 430712.5
259766.8 429192.7
260232.9 426623
260784.2 426612.9
261158.8 426184.1
261443.0 425389.3
261414.2 422346.1
227624 424332.6
227577.8 417916.9
228105.2 414659.7
227512.7 405178.8
218013.8 405780.1
218625.6 415302.4
205848 416051.1
199447.0 416272.2
189867.6 416939.9
190908.8 431379.6
189419 433098.7
189616.3 446634.5
190360.2 456250.5
192073.6 456149.5
203115.4 455387
205621.1 493923
203944.9 497195.7
203401.4 503541.2
221752.5 502358.3
224417.4 512538.2
224380.9 512856.2
219553.6 525321.1
217747.9 540698.6
265900.3 537543.3
ID 30035
401627 473181.6
399545.6 473708.1
396739.7 474044.8
372660.7 474902.1
371886.8 455952.8
371621.7 455629.5
314672.8 458181.9
312344.3 462027.2
305818.5 475346.6
306799.3 481925.6
307125.1 483166.4
307277.1 484979.8
289968.3 507665.1
272956.7 516900.1
269662.7 518678.5
265900.3 537543.3
273067 537078.8
293324.4 535814.7
335470.9 533804.3
343253.8 533467.5
402937.5 531059.4
401627 473181.6
ID 30101
401627 473181.6
402937.5 531059.4
427766.6 530241
434529.2 529995.3
453076.4 529503.8
470440.1 529098
470273.4 519792.6
469006 481160.5
468184.6 442579.5
458219.9 442817.5
439084 443306.1
439543 457760.8
430006.5 461214.8
422802.4 463091.4
415631.7 463452.7
402357.7 471985
401627 473181.6
ID 30051
470440.1 529098
509032.4 528407.4
508328.2 519043.7
507785 480403.1
507090.2 464412.2
506735.1 441858.9
501433.4 441946.1
501267.3 432333.4
457975.2 433113
458219.9 442817.5
468184.6 442579.5
469006 481160.5
470273.4 519792.6
470440.1 529098
ID 30041
509032.4 528407.4
600754.1 527897.3
599966.6 513196.5
599561.6 503144
599607.3 479789.6
598584.7 449305.9
597448.5 431710.3
592715 431468.1
583107.3 431460.1
583143.6 441330.1
574361.5 450760.6
516553.9 451359.1
516399.2 441706.9
506735.1 441858.9
507090.2 464412.2
507785 480403.1
508328.2 519043.7
509032.4 528407.4
ID 30089
114040.2 460910.3
122345.5 456675.2
126429.0 458545.6
134415.8 463411.4
141925.9 451800.3
148924.7 429707.3
153614.6 424641.7
154462.9 424120.6
168451.6 420426.4
175662.1 423109.1
178729.9 427830.9
178734.4 433875.9
189419 433098.7
190908.8 431379.6
189867.6 416939.9
199447.0 416272.2
205848 416051.1
218625.6 415302.4
218013.8 405780.1
217669.8 400982.3
218227.0 384823.5
231012.5 384030
235708.2 383740.5
237416.5 383233.0
237915.6 382675.6
239100.3 371511.1
237623.2 368577.4
236991.2 368866.4
236603.8 368699.8
235248.2 365715.9
234063.6 360147.4
236050.9 357349.4
236771.7 356731.3
238665.2 356166.5
245091.4 355779.4
245180.2 336388.2
244843.8 331561.5
239648.2 329921.2
238004.7 330286.6
236826.8 330892.1
232427.7 334322.1
230529.1 337987.5
227829.5 340141.4
218213.4 345517.3
212474.1 347796.5
208077.5 349056.7
199684.1 348996
196291 349207.6
187067.6 354733.2
187549.6 361539.7
186931.4 363976.7
183345.1 366400.1
167312.5 374885.3
164871.7 375745.1
156463.1 376165.6
155865.5 376180.8
153420.9 375185.1
143242.8 375607.3
140105.4 376217.5
136365.2 377009.5
134432.0 378737.9
131215.4 383068.1
132705.1 388180.8
134365.0 394908.9
133623.3 401117.9
133574.5 401527.2
133527.6 401628.9
133393.6 401919.1
133231 402271.5
114667.1 430751.9
111901.2 434557.6
114040.2 460910.3
ID 30005
597448.5 431710.3
598584.7 449305.9
599607.3 479789.6
599561.6 503144
599966.6 513196.5
600754.1 527897.3
608482.9 527915.4
632153.9 527920.6
632174.3 527915.7
636534.4 527898.8
636972.4 527902
670010.3 528225.9
674044.1 528275.6
692449.9 528547
692510.7 525421.8
692402.1 518996
691231.1 499922.1
684322.3 466104.2
683667.7 466401.6
680943.8 466637.9
680550.2 464946.5
679191 441625
679549.7 414631.3
662960.2 408294.9
661878.3 408532
645704.2 408288.6
645558.4 402490.8
645653.4 387357.3
642010.8 393532.2
639053.8 394894.5
637789.3 394971.3
615687.2 391403.4
613912.3 389779
605600.5 385598.5
597117.4 387679.2
597448.5 431710.3
ID 30071
645653.4 387357.3
645558.4 402490.8
645704.2 408288.6
661878.3 408532
662960.2 408294.9
679549.7 414631.3
679191 441625
680550.2 464946.5
680943.8 466637.9
683667.7 466401.6
684322.3 466104.2
691231.1 499922.1
692402.1 518996
692510.7 525421.8
692449.9 528547
769745 530332.8
768106 520609
769101 486431.3
766048.9 452942.2
757988.8 452759.9
755676.5 441472
755935.9 404385.4
756424.7 384513.7
756097 380881.4
755058.2 377644
754744.3 377110.9
754309 376787
750540.5 376846.1
743700.2 379327.6
742796.7 379524.6
739708 379438.5
735531.4 376648.9
733012.6 371277.1
730764.4 367915.2
723499.8 357630.1
720404.2 356768
719913.3 356865.2
719813 361016.8
718273.6 368052.9
717603.1 370000.3
714433.4 371858
713723.3 372111.8
704268.5 372204.6
701914 371537.9
698798.8 371158.6
691546.6 370690.5
689838.5 370788.9
689266.7 371081.9
688464.5 369672.2
687318.4 369147.6
686514.1 369151.5
662252.3 374746.5
655913.2 377381.6
653755.9 380247.7
653921.9 380890.3
653725 381613.2
651126.7 384398.9
649278.5 385689.6
645653.4 387357.3
ID 30073
314672.8 458181.9
371621.7 455629.5
371886.8 455952.8
372660.7 474902.1
396739.7 474044.8
399545.6 473708.1
401627 473181.6
402357.7 471985
415631.7 463452.7
422802.4 463091.4
430006.5 461214.8
439543 457760.8
439084 443306.1
458219.9 442817.5
457975.2 433113
457622.2 416990.8
414711.4 417941.4
414859.9 422488.4
400805.5 434655.4
338419.8 437291.5
337698.5 437032.3
331049.3 438165.2
330458.6 438282.5
329978 438524.9
322672.1 442270.1
322401.4 442855.5
322514.7 447521.1
314672.8 458181.9
ID 30105
847824.3 533147.9
847144.1 526544.2
845348.7 523170.5
845745.8 513537.7
855324.2 513956.9
856356.8 491440.3
860478.3 485212.7
872601.1 485744.3
874411.9 447531.6
871510.2 447378.8
872567.8 424205
866957.2 423231.8
843771.6 424722.2
842601 425065.7
840464.9 426775.2
831322 428476.5
830854.8 428146
830484 427592.1
829658.2 425985.3
829030.7 423102.8
829974.5 416487.3
827452.5 417890.3
823832.5 416460.3
813771.2 397578
796526.7 384443.2
795277.5 383845.6
793506.4 383353.4
786570 382082.8
785479.8 381888.7
769060.8 381497.8
756424.7 384513.7
755935.9 404385.4
755676.5 441472
757988.8 452759.9
766048.9 452942.2
769101 486431.3
768106 520609
769745 530332.8
847824.3 533147.9
ID 30019
847824.3 533147.9
924894 537022.2
925431.6 527162.7
928488.7 498332.9
933289 498592.4
933844 488950.8
872601.1 485744.3
860478.3 485212.7
856356.8 491440.3
855324.2 513956.9
845745.8 513537.7
845348.7 523170.5
847144.1 526544.2
847824.3 533147.9
ID 30091
998557.8 541728.7
1001472 501147.9
1003412 474030.1
960480.8 471174.8
959899.4 480841
949737.7 489881.4
933844 488950.8
933289 498592.4
928488.7 498332.9
925431.6 527162.7
924894 537022.2
998557.8 541728.7
ID 30047
289440.7 380426
265819.9 381794.4
273117.8 345072.1
273364.2 344432.7
272765.7 334787.2
264041.7 330450.8
244843.8 331561.5
245180.2 336388.2
245091.4 355779.4
238665.2 356166.5
236771.7 356731.3
236050.9 357349.4
234063.6 360147.4
235248.2 365715.9
236603.8 368699.8
236991.2 368866.4
237623.2 368577.4
239100.3 371511.1
237915.6 382675.6
237416.5 383233.0
235708.2 383740.5
231012.5 384030
218227.0 384823.5
217669.8 400982.3
218013.8 405780.1
227512.7 405178.8
228105.2 414659.7
227577.8 417916.9
227624 424332.6
261414.2 422346.1
261443.0 425389.3
261158.8 426184.1
260784.2 426612.9
260232.9 426623
259766.8 429192.7
261034.9 430712.5
262749.4 432216.9
273350.3 431526
288422.8 413320.8
288660.9 412733.6
292396.9 393809.4
292646.9 391072.9
292556.2 389312.1
289440.7 380426
ID 30099
338419.8 437291.5
400805.5 434655.4
414859.9 422488.4
414711.4 417941.4
457622.2 416990.8
456810.9 384905.5
437468.9 385368
437201.5 375745.1
417985.1 376328.1
416143.4 364660
408278.1 366031
403563.7 365168.3
395704.6 365167.6
390531.8 366330.1
381477 371155.7
381355.9 371362.3
381099.8 373854.7
381394.1 374450
380468.8 376661.3
371202.8 382466.3
370817.5 382513.4
362627.7 379560
354162.1 377192.6
353567.8 377224.8
350694.3 378390.9
347776.6 381879.5
344528.5 387243
344092.6 388253.4
343738.4 396447.3
339930.2 417367.7
338419.8 437291.5
ID 30015
506735.1 441858.9
516399.2 441706.9
516553.9 451359.1
574361.5 450760.6
583143.6 441330.1
583107.3 431460.1
592715 431468.1
597448.5 431710.3
597117.4 387679.2
593906 388667.5
586630.2 387217.2
578466.6 384350.6
574720.6 380103.9
575114.3 377600.8
574066.7 366426.7
573914.7 365909.3
572145.3 364108.2
550023.1 352099.1
546205.1 352116.6
514057.9 352452.4
504334.2 355906.6
483997.8 372374.6
483519.7 373210.4
483787.5 374625
485811.3 378888.1
487175.6 380679.3
489250.2 384245.1
456810.9 384905.5
457622.2 416990.8
457975.2 433113
501267.3 432333.4
501433.4 441946.1
506735.1 441858.9
ID 30049
339930.2 417367.7
343738.4 396447.3
344092.6 388253.4
344528.5 387243
347776.6 381879.5
350694.3 378390.9
353567.8 377224.8
354162.1 377192.6
362627.7 379560
370817.5 382513.4
371202.8 382466.3
380468.8 376661.3
381394.1 374450
381099.8 373854.7
381355.9 371362.3
381477 371155.7
390531.8 366330.1
395704.6 365167.6
403563.7 365168.3
408278.1 366031
407290.3 330125.4
415135.0 324202.7
418305.8 322151.6
419929.2 322189.6
420168.0 322606.0
426432.7 322445.7
425675.8 298563.4
435716.5 298215.3
447478.7 281132.8
440714 283458.5
439466 283055.6
439097.2 282745.0
436621.1 278718.0
436102.8 261414.8
424725.3 260253
406235.4 260832.6
394176.8 250660.3
394629.8 248911.0
394497.7 248626.8
389852.3 245448.9
387128.1 244400.1
384104.2 245125.3
384660.2 248397.4
385705.1 264494.7
383838.1 271294
377563 276347.3
368046.1 276577.7
368608.8 291661.4
358492.1 292010.7
357686.7 291756.6
348811.1 292171.7
350300.3 328999.4
350329 330522.6
331210.6 331324
330489.6 331630.2
331995.8 365696.8
330681 365555.3
327450 373856.2
326132.3 378213.3
325203.7 392091.7
325303.5 392974.7
333715.9 409923.8
337092.5 414700.3
339930.2 417367.7
ID 30061
131215.4 383068.1
134432.0 378737.9
136365.2 377009.5
140105.4 376217.5
143242.8 375607.3
153420.9 375185.1
155865.5 376180.8
156463.1 376165.6
164871.7 375745.1
167312.5 374885.3
183345.1 366400.1
186931.4 363976.7
187549.6 361539.7
187067.6 354733.2
196291 349207.6
199684.1 348996
199475 345833.0
215687.4 325491.7
220076.8 318756.9
214124.6 301766.1
205076.1 290570.7
204890 287470
201585.9 287076.8
201078.8 287151.1
199947.1 287317
186997.0 300730.6
186519.9 301649.6
186499.6 301688.7
183599.9 312685.8
181247.5 315992.2
176864.5 322165.8
168713.7 336038.4
160125.2 350339.6
158739.5 351101.0
152606.0 352689.1
148349.5 354166.8
146928.2 355106.9
145143.3 356288.4
131356.9 371124.9
130926.6 373879.9
130917.3 373939.5
131215.4 383068.1
ID 30085
933844 488950.8
949737.7 489881.4
959899.4 480841
960480.8 471174.8
1003412 474030.1
1006661 430432.2
991937.2 433168.2
976244 439405.6
944222.5 442515.6
940187.1 440065.9
938629.6 437123.9
936546 434934.1
935122.7 433883.5
926188.2 432537.4
920571.5 432806.9
915940.2 435211.9
909514.1 435462.1
904044.6 434886
890702.8 433033.1
887087.4 432326.1
883452.9 429533.1
872567.8 424205
871510.2 447378.8
874411.9 447531.6
872601.1 485744.3
933844 488950.8
ID 30063
289440.7 380426
302011.5 379789.3
299670.9 333064.1
312025.5 332505.6
310142.7 293965.1
301520.2 294368
296504.3 291372.7
296213.9 285513.7
281381.4 276106.1
271748.4 276615.5
269129.9 277060.1
229560.1 277519.4
229190.7 277806.8
227673.8 278739.6
223685.6 278760.5
221755.2 278120.0
220613.7 277506.1
218980.0 276813.1
210560.6 277452.0
210383.2 277539.4
204890 287470
205076.1 290570.7
214124.6 301766.1
220076.8 318756.9
215687.4 325491.7
199475 345833.0
199684.1 348996
208077.5 349056.7
212474.1 347796.5
218213.4 345517.3
227829.5 340141.4
230529.1 337987.5
232427.7 334322.1
236826.8 330892.1
238004.7 330286.6
239648.2 329921.2
244843.8 331561.5
264041.7 330450.8
272765.7 334787.2
273364.2 344432.7
273117.8 345072.1
265819.9 381794.4
289440.7 380426
ID 30077
302011.5 379789.3
326132.3 378213.3
327450 373856.2
330681 365555.3
331995.8 365696.8
330489.6 331630.2
331210.6 331324
350329 330522.6
350300.3 328999.4
348811.1 292171.7
357686.7 291756.6
358492.1 292010.7
368608.8 291661.4
368046.1 276577.7
377563 276347.3
383838.1 271294
385705.1 264494.7
384660.2 248397.4
384104.2 245125.3
377890.2 241155.0
366624.6 235802.5
364153.9 233080.1
364040 231379.3
364402.6 228622.5
327580.4 230273.5
328689.6 253953.2
329792.3 282366.3
329032.6 282478.5
327930.8 281796.2
323793.6 280133.4
321287.5 282178.4
310142.7 293965.1
312025.5 332505.6
299670.9 333064.1
302011.5 379789.3
ID 30013
408278.1 366031
416143.4 364660
417985.1 376328.1
437201.5 375745.1
437468.9 385368
456810.9 384905.5
489250.2 384245.1
487175.6 380679.3
485811.3 378888.1
483787.5 374625
483519.7 373210.4
483997.8 372374.6
504334.2 355906.6
514057.9 352452.4
513986.8 346090.3
504335.5 346253.3
502642.7 340557.9
502554.9 334127.7
503473.5 317013.1
513100.6 316849.4
513511.6 297760.3
513369.7 288115.3
512084.8 286629.0
503848 293372.6
492561 304337.4
491731 304891.9
480275.5 311774
445023.9 307637.7
444757.1 297980.0
435716.5 298215.3
425675.8 298563.4
426432.7 322445.7
420168.0 322606.0
419929.2 322189.6
418305.8 322151.6
415135.0 324202.7
407290.3 330125.4
408278.1 366031
ID 30055
920571.5 432806.9
921050.7 425525.6
921668.7 412479
918805.8 410725.7
919268.1 402137.5
909670.3 401584.4
909591.7 382209.2
907932 372426.8
909970.6 333852.3
877694.2 332190.0
878153.5 322438.7
874917.6 322235.9
868506.8 321971.7
868066.7 331756.6
858465.1 331314.6
852149.2 331039.8
851309 350329.9
841692.1 349893.5
842109.8 362852.1
843726.9 369395.3
842130.8 407067.6
834471.7 416643.9
829974.5 416487.3
829030.7 423102.8
829658.2 425985.3
830484 427592.1
830854.8 428146
831322 428476.5
840464.9 426775.2
842601 425065.7
843771.6 424722.2
866957.2 423231.8
872567.8 424205
883452.9 429533.1
887087.4 432326.1
890702.8 433033.1
904044.6 434886
909514.1 435462.1
915940.2 435211.9
920571.5 432806.9
ID 30083
1006661 430432.2
1011220 364063.8
1004742 363643.1
1005042 358812.2
983285.9 357408.8
976276.2 356971.3
975072 376327.3
968404.3 385559.2
939535.6 383856.9
939015.7 393524.3
919775.6 392468.9
919268.1 402137.5
918805.8 410725.7
921668.7 412479
921050.7 425525.6
920571.5 432806.9
926188.2 432537.4
935122.7 433883.5
936546 434934.1
938629.6 437123.9
940187.1 440065.9
944222.5 442515.6
976244 439405.6
991937.2 433168.2
1006661 430432.2
ID 30027
597117.4 387679.2
605600.5 385598.5
613912.3 389779
615687.2 391403.4
637789.3 394971.3
639053.8 394894.5
642010.8 393532.2
645653.4 387357.3
649278.5 385689.6
651126.7 384398.9
653725 381613.2
653921.9 380890.3
653755.9 380247.7
655913.2 377381.6
662252.3 374746.5
686514.1 369151.5
687318.4 369147.6
688464.5 369672.2
689266.7 371081.9
689362.8 351404.8
689542.3 341243.2
687925.1 340424
668856.8 340005.7
659046.4 335900.1
657841.2 326337.2
657910.2 316769.6
667634.1 316831.3
667792.1 287815.8
666363.9 278105.2
637437.9 277983.1
608479.1 277920.2
608472.9 271548.9
581217.6 271586.7
580549.2 294078.3
580540.4 326227.6
571815.4 331085
562148.2 332735.8
552553.7 339580.3
546137.4 345722.2
546205.1 352116.6
550023.1 352099.1
572145.3 364108.2
573914.7 365909.3
574066.7 366426.7
575114.3 377600.8
574720.6 380103.9
578466.6 384350.6
586630.2 387217.2
593906 388667.5
597117.4 387679.2
ID 30033
829974.5 416487.3
834471.7 416643.9
842130.8 407067.6
843726.9 369395.3
842109.8 362852.1
841692.1 349893.5
851309 350329.9
852149.2 331039.8
858465.1 331314.6
860040.8 295719.4
860122.6 294133.2
820382.8 292458.7
814683.3 292779
811814.4 293738.3
761874.7 292201.8
759284.6 292100.7
756394 291678.4
754961.3 291093.3
722544.9 290340.7
722086.6 290531.7
719184.3 292727.8
718899 293057.2
718746.9 293686.3
715969 334710.7
715998.9 346045.8
719913.3 356865.2
720404.2 356768
723499.8 357630.1
730764.4 367915.2
733012.6 371277.1
735531.4 376648.9
739708 379438.5
742796.7 379524.6
743700.2 379327.6
750540.5 376846.1
754309 376787
754744.3 377110.9
755058.2 377644
756097 380881.4
756424.7 384513.7
769060.8 381497.8
785479.8 381888.7
786570 382082.8
793506.4 383353.4
795277.5 383845.6
796526.7 384443.2
813771.2 397578
823832.5 416460.3
827452.5 417890.3
829974.5 416487.3
ID 30045
514057.9 352452.4
546205.1 352116.6
546137.4 345722.2
552553.7 339580.3
562148.2 332735.8
571815.4 331085
580540.4 326227.6
580549.2 294078.3
581217.6 271586.7
575600.6 271551.1
571967.2 273443.5
566717.8 276515.0
565900.3 277278.6
564170 278204.4
557737.9 277906.6
553945.2 277317.2
540899.5 273721
534152 271482.5
527309.1 270603.5
514504.3 280807.3
513613.5 281755.7
512810.4 282971.2
512318.6 284158.2
512084.8 286629.0
513369.7 288115.3
513511.6 297760.3
513100.6 316849.4
503473.5 317013.1
502554.9 334127.7
502642.7 340557.9
504335.5 346253.3
513986.8 346090.3
514057.9 352452.4
ID 30069
689266.7 371081.9
689838.5 370788.9
691546.6 370690.5
698798.8 371158.6
701914 371537.9
704268.5 372204.6
713723.3 372111.8
714433.4 371858
717603.1 370000.3
718273.6 368052.9
719813 361016.8
719913.3 356865.2
715998.9 346045.8
715969 334710.7
718746.9 293686.3
718899 293057.2
719184.3 292727.8
722086.6 290531.7
722544.9 290340.7
727690.1 279818.0
694016.2 278982.8
685578.2 278371
666363.9 278105.2
667792.1 287815.8
667634.1 316831.3
657910.2 316769.6
657841.2 326337.2
659046.4 335900.1
668856.8 340005.7
687925.1 340424
689542.3 341243.2
689362.8 351404.8
689266.7 371081.9
ID 30021
919268.1 402137.5
919775.6 392468.9
939015.7 393524.3
939535.6 383856.9
968404.3 385559.2
975072 376327.3
976276.2 356971.3
983285.9 357408.8
991011.2 342551.6
991965.3 340206.6
992425 338619.3
993615.7 332232.1
994227.2 323355.3
992830.2 319198
987140 307505.9
985642.5 305801.6
981040.7 302298.8
972885 301779.4
940645.7 299916.9
940492.6 302550.7
938781.8 304687.7
937091 306128.7
927065 312028.0
917333.6 311499.5
916131 334164.7
909970.6 333852.3
907932 372426.8
909591.7 382209.2
909670.3 401584.4
919268.1 402137.5
ID 30039
310142.7 293965.1
321287.5 282178.4
323793.6 280133.4
327930.8 281796.2
329032.6 282478.5
329792.3 282366.3
328689.6 253953.2
327580.4 230273.5
327335.9 225419.7
308270.4 226276.2
307783.2 216621.9
301091.5 202633.8
294811.2 200048.5
288727.6 195785.2
283933.5 195892.3
278755.4 199105.1
271808.6 208795.1
269372.2 223480
271977.4 234022.5
270261.3 244865.3
266737.6 262553.5
269129.9 277060.1
271748.4 276615.5
281381.4 276106.1
296213.9 285513.7
296504.3 291372.7
301520.2 294368
310142.7 293965.1
ID 30059
435716.5 298215.3
444757.1 297980.0
445023.9 307637.7
480275.5 311774
491731 304891.9
492561 304337.4
503848 293372.6
512084.8 286629.0
512318.6 284158.2
512810.4 282971.2
513613.5 281755.7
514504.3 280807.3
527309.1 270603.5
534152 271482.5
540899.5 273721
540686.5 252436.8
539892.5 235277.5
539707.7 219278.5
539667.3 215244.9
500938.4 216666.5
479449.3 217111.4
478054.3 223507.0
471487.8 245461.4
447478.7 281132.8
435716.5 298215.3
ID 30081
269129.9 277060.1
266737.6 262553.5
270261.3 244865.3
271977.4 234022.5
269372.2 223480
271808.6 208795.1
278755.4 199105.1
283933.5 195892.3
288727.6 195785.2
288808.9 195640.9
286983.4 190768.6
284520 188453.1
280048.4 185272.0
257141.6 171232.2
254645.1 170461.2
253057.2 170366.0
246801.3 165593.3
238402.3 156012.7
224216.6 147069.7
220995.1 147169.5
220989.6 147183
219921.3 149805.0
213085.7 157990.4
212070.3 158277
208931.0 158639.5
205501.8 158661.6
205228.2 158919.8
205245.9 159300.1
205600.9 166946.0
206384.8 182087.7
220794.5 238590.7
225559.6 254510.8
228662.2 265495.7
230335.4 273390.9
230490.2 275896.9
230042.2 277144.3
229560.1 277519.4
269129.9 277060.1
ID 30007
424725.3 260253
436102.8 261414.8
436621.1 278718.0
439097.2 282745.0
439466 283055.6
440714 283458.5
447478.7 281132.8
471487.8 245461.4
478054.3 223507.0
479449.3 217111.4
471934.2 217307.5
460692.2 216956.6
457488.6 215269.9
453299.3 208008.5
451207.1 203174.7
451167.3 195772.7
447249.7 191010.5
432266.4 178295.3
432893.6 202277.5
423315.2 202610.3
424725.3 260253
ID 30109
1011220 364063.8
1011723 356599.1
1017050 280270
993490 278672.9
993240 281891.0
988297.4 283170.5
973858.2 282253.6
972885 301779.4
981040.7 302298.8
985642.5 305801.6
987140 307505.9
992830.2 319198
994227.2 323355.3
993615.7 332232.1
992425 338619.3
991965.3 340206.6
991011.2 342551.6
983285.9 357408.8
1005042 358812.2
1004742 363643.1
1011220 364063.8
ID 30079
858465.1 331314.6
868066.7 331756.6
868506.8 321971.7
874917.6 322235.9
878153.5 322438.7
877694.2 332190.0
909970.6 333852.3
916131 334164.7
917333.6 311499.5
927065 312028.0
937091 306128.7
938781.8 304687.7
940492.6 302550.7
940645.7 299916.9
972885 301779.4
973858.2 282253.6
974058.5 279032.5
964449.9 278482.3
964743.7 273648.2
955127.8 273048.5
953852.4 268162.0
945956.6 264513.2
926457.2 263464.1
910242.4 265930.7
907098.2 269024.3
902270.2 275212.5
899537.3 284743.6
895904.3 294257.4
879368.5 296621.7
860040.8 295719.4
858465.1 331314.6
ID 30043
384104.2 245125.3
387128.1 244400.1
389852.3 245448.9
394497.7 248626.8
394629.8 248911.0
394176.8 250660.3
406235.4 260832.6
424725.3 260253
423315.2 202610.3
432893.6 202277.5
432266.4 178295.3
420882.7 174701.9
420803.6 175882.6
420407.4 176406.6
411079.9 181233.5
404283.5 181973.7
399341.7 180991.9
397572.8 180072.8
396800.7 179133.6
396673 176963.9
395009.7 172489.3
392740.1 170306.2
391264 170026.2
390803.9 170112.3
376315.3 179138.4
373414.7 183867.5
371029.7 206949.9
370783.8 209109.0
365445.9 218458.0
362606.6 219012.6
364402.6 228622.5
364040 231379.3
364153.9 233080.1
366624.6 235802.5
377890.2 241155.0
384104.2 245125.3
ID 30107
581217.6 271586.7
608472.9 271548.9
608519.3 256722.5
607490.5 218870.2
588100.5 218865.2
539707.7 219278.5
539892.5 235277.5
540686.5 252436.8
540899.5 273721
553945.2 277317.2
557737.9 277906.6
564170 278204.4
565900.3 277278.6
566717.8 276515.0
571967.2 273443.5
575600.6 271551.1
581217.6 271586.7
ID 30037
637437.9 277983.1
637571.9 263689.6
639178 258884.5
645633.5 249035.0
655533.1 225477.0
655624.3 209460.4
644480.3 209330.2
606526.3 209176
606398.3 199423.7
591879.3 199524.9
588094.8 209179.6
588100.5 218865.2
607490.5 218870.2
608519.3 256722.5
608472.9 271548.9
608479.1 277920.2
637437.9 277983.1
ID 30065
637437.9 277983.1
666363.9 278105.2
685578.2 278371
694016.2 278982.8
727690.1 279818.0
731863.2 251027.4
732041 239842
720788.9 239606.1
714530.3 232966.6
713236.3 229732.0
713298.9 224851.0
690863.7 224499.1
684442.2 221302
684580 209809.5
655624.3 209460.4
655533.1 225477.0
645633.5 249035.0
639178 258884.5
637571.9 263689.6
637437.9 277983.1
ID 30087
722544.9 290340.7
754961.3 291093.3
756394 291678.4
759284.6 292100.7
761874.7 292201.8
811814.4 293738.3
814683.3 292779
820382.8 292458.7
860122.6 294133.2
857572.5 292393.0
857820 266620.7
856605.2 253670.7
857745 227757.7
858125.9 224888.6
857328.8 218409.0
855457.1 215097.0
857058.9 176420.2
853766.9 176259.9
854589.6 158123.5
854179.5 137794.9
852256.5 127474.5
853018.7 108557.4
843685 107880.0
833972.6 107308.9
814668.5 107075.9
815210.6 119889.4
817009.4 126283.2
815740.4 161961.7
814099.7 162292.9
806618.1 162056.8
801429.7 162705.7
798872.1 179029.8
798722.8 183293.6
797763.4 212898.5
789955.6 241404.9
778433.9 250714.4
735171.2 249516
731863.2 251027.4
727690.1 279818.0
722544.9 290340.7
ID 30023
364402.6 228622.5
362606.6 219012.6
356228.2 216212.3
346919.9 214862.3
340771.1 205408.4
334679.6 193047.7
333898.6 192047.6
329835.1 188635.1
326680.4 186516.2
321771.3 185358.1
321689.8 186622.0
320788.3 187689.9
320241.6 187846.9
314703.6 188426.6
311917.8 187450.4
301806.9 180791.5
300704.2 179037.9
294717.0 181464.6
293457.9 187214.6
290443.8 195206.1
289963.5 195843.3
289624.9 195868.1
288808.9 195640.9
288727.6 195785.2
294811.2 200048.5
301091.5 202633.8
307783.2 216621.9
308270.4 226276.2
327335.9 225419.7
327580.4 230273.5
364402.6 228622.5
ID 30017
860040.8 295719.4
879368.5 296621.7
895904.3 294257.4
899537.3 284743.6
902270.2 275212.5
907098.2 269024.3
910242.4 265930.7
926457.2 263464.1
945956.6 264513.2
953852.4 268162.0
955127.8 273048.5
964743.7 273648.2
965608 259183.1
952370.4 258384.8
953077.4 246498.4
953875.5 241972.5
955033.2 239742.4
956165.5 220158.5
952037 219904.8
954310.3 181127.0
950988.2 180939.7
857058.9 176420.2
855457.1 215097.0
857328.8 218409.0
858125.9 224888.6
857745 227757.7
856605.2 253670.7
857820 266620.7
857572.5 292393.0
860122.6 294133.2
860040.8 295719.4
ID 30093
362606.6 219012.6
365445.9 218458.0
370783.8 209109.0
371029.7 206949.9
373414.7 183867.5
376315.3 179138.4
390803.9 170112.3
369682.8 170259.6
364659.1 166552.5
363853.9 165526.7
362155.8 163892.7
358686.8 161766.0
351642 157891.3
346941.1 168288.5
343639.9 173125.1
340600.5 175399.2
327466.0 180129.4
321771.3 185358.1
326680.4 186516.2
329835.1 188635.1
333898.6 192047.6
334679.6 193047.7
340771.1 205408.4
346919.9 214862.3
356228.2 216212.3
362606.6 219012.6
ID 30001
288808.9 195640.9
289624.9 195868.1
289963.5 195843.3
290443.8 195206.1
293457.9 187214.6
294717.0 181464.6
300704.2 179037.9
301806.9 180791.5
311917.8 187450.4
314703.6 188426.6
320241.6 187846.9
320788.3 187689.9
321689.8 186622.0
321771.3 185358.1
327466.0 180129.4
340600.5 175399.2
343639.9 173125.1
346941.1 168288.5
351642 157891.3
349875.9 147794.6
350603.1 142184.2
350894.5 141661.4
355385.2 137200.4
357890 135879.1
359344.1 135880.8
360518.1 136714.3
362542.5 137453.7
364984.5 137106.6
367981.9 131535.9
368317.2 126627.8
367288.8 97600.6
376579 87475.57
387862.5 87057.3
387565.5 77320.53
389092.4 67698.14
396938.3 62657.53
409831 61942.34
419403.3 61670.45
419177.1 53640.08
442964.2 53032.02
431732.3 35962.94
421640.5 34838.66
405479.7 37142.95
383683.3 36388.11
372549.2 30418.29
343991.3 33536.37
338958.3 31580.76
336352.5 27961.3
335478.9 26077.76
335109.3 21865.62
335076.5 21588.81
334491.3 20284.02
333013.1 19165.16
330913.3 19624.72
323646.2 25792.71
321119.3 28562.60
319467.5 33655.32
317732.4 47391.29
318002.2 47660.54
318374.9 48555.23
318242.2 49403.53
314729.9 58674.58
312303.7 63717.6
310529.8 65769.4
306745.2 68973.12
303719.5 70776.21
301198.3 69757.58
285978.3 85823.82
267934.7 128994.0
266661.4 137605.1
265984.1 144193.1
266747.5 146138.5
266365.4 149396.9
264341.5 158052.8
263705.6 159361.6
254851.9 168945.2
253057.2 170366.0
254645.1 170461.2
257141.6 171232.2
280048.4 185272.0
284520 188453.1
286983.4 190768.6
288808.9 195640.9
ID 30031
479449.3 217111.4
500938.4 216666.5
500347.5 211077.8
499918.7 195296.2
500127 189536.7
500004.8 181405.2
499765.6 171551.4
498984.2 149792.2
493990.9 145407.5
489163.4 142744.6
489142.3 133134.7
488934.7 123410.7
479494.4 123571.6
478447.9 104195.6
478265.4 95764.21
478249.6 84714.1
476625.6 47497.87
476720.3 26128.79
469620.3 31058.62
468355.3 33519.42
463534 42919.13
455509.6 54424.95
451303.5 57556.12
451741.3 75317.39
453259.8 124079.4
455050.1 127493.5
455724.6 156401
441292.6 156780.7
435034.3 163331.0
431291.1 168280.6
427189.7 171648.5
424094.8 173328.9
420882.7 174701.9
432266.4 178295.3
447249.7 191010.5
451167.3 195772.7
451207.1 203174.7
453299.3 208008.5
457488.6 215269.9
460692.2 216956.6
471934.2 217307.5
479449.3 217111.4
ID 30111
731863.2 251027.4
735171.2 249516
736832.2 247953.1
745194.1 235278.8
755345 216215.5
754809.8 206392.3
753827.7 201236.7
741237.8 200971.4
731803.4 194319.2
728626.7 191039
728522 187857.5
725529.8 184855.7
712672.5 184336.7
711229.4 171451.3
711716.6 141972.5
692548.3 135236.5
682506.8 135092.3
666852 135300
662693.1 135268.8
657767.3 141748.2
654573.6 148877.5
654852.9 149019.1
655354.2 150044.9
655922.4 151710.5
655954.1 154587.0
654676.7 154157.8
651255.9 151474.1
647956.5 156198.1
646319.3 159371.4
644774.3 190140.8
644439.6 200136.7
644480.3 209330.2
655624.3 209460.4
684580 209809.5
684442.2 221302
690863.7 224499.1
713298.9 224851.0
713236.3 229732.0
714530.3 232966.6
720788.9 239606.1
732041 239842
731863.2 251027.4
ID 30067
500938.4 216666.5
539667.3 215244.9
538773.5 209623.3
538384.9 170905.2
543965 170845.8
544018.8 150586.6
543706.9 125287.1
542876.5 122387.6
542735.7 102835.8
555682.7 102649.2
576557.1 102012.4
576450.5 83652.44
558502.3 83911.11
551899.2 83985.69
543121.3 83201.33
517009.9 83059.22
516806 83062.13
504958.7 83242.59
501381.5 83923.76
491534.4 84550.48
478249.6 84714.1
478265.4 95764.21
478447.9 104195.6
479494.4 123571.6
488934.7 123410.7
489142.3 133134.7
489163.4 142744.6
493990.9 145407.5
498984.2 149792.2
499765.6 171551.4
500004.8 181405.2
500127 189536.7
499918.7 195296.2
500347.5 211077.8
500938.4 216666.5
ID 30103
735171.2 249516
778433.9 250714.4
789955.6 241404.9
797763.4 212898.5
798722.8 183293.6
789956.5 183013.1
784316.7 187691.4
780035.1 192347.9
760778 191806.8
760525.6 201426.1
753827.7 201236.7
754809.8 206392.3
755345 216215.5
745194.1 235278.8
736832.2 247953.1
735171.2 249516
ID 30097
539707.7 219278.5
588100.5 218865.2
588094.8 209179.6
591879.3 199524.9
606398.3 199423.7
605914.2 193295.8
601957.4 189965.1
596203.4 180140.4
595054.2 170413.1
595168.3 151051.3
585550.9 151042.9
575900.6 146297.6
566256.4 141530.2
566134.3 122191.5
555861 122278.6
555682.7 102649.2
542735.7 102835.8
542876.5 122387.6
543706.9 125287.1
544018.8 150586.6
543965 170845.8
538384.9 170905.2
538773.5 209623.3
539667.3 215244.9
539707.7 219278.5
ID 30025
964743.7 273648.2
964449.9 278482.3
974058.5 279032.5
973858.2 282253.6
988297.4 283170.5
993240 281891.0
993490 278672.9
1017050 280270
1017822 269129.4
1019815 240229.9
1022418 203116.3
1023017 196104.3
1016001 195625.6
1015336 205258.6
1002281 204254.3
995525 204083.5
990212.8 213157.1
984757.1 220865.1
976105.9 221290.2
956165.5 220158.5
955033.2 239742.4
953875.5 241972.5
953077.4 246498.4
952370.4 258384.8
965608 259183.1
964743.7 273648.2
ID 30057
390803.9 170112.3
391264 170026.2
392740.1 170306.2
395009.7 172489.3
396673 176963.9
396800.7 179133.6
397572.8 180072.8
399341.7 180991.9
404283.5 181973.7
411079.9 181233.5
420407.4 176406.6
420803.6 175882.6
420882.7 174701.9
424094.8 173328.9
427189.7 171648.5
431291.1 168280.6
435034.3 163331.0
441292.6 156780.7
455724.6 156401
455050.1 127493.5
453259.8 124079.4
451741.3 75317.39
451303.5 57556.12
442964.2 53032.02
419177.1 53640.08
419403.3 61670.45
409831 61942.34
396938.3 62657.53
389092.4 67698.14
387565.5 77320.53
387862.5 87057.3
376579 87475.57
367288.8 97600.6
368317.2 126627.8
367981.9 131535.9
364984.5 137106.6
362542.5 137453.7
360518.1 136714.3
359344.1 135880.8
357890 135879.1
355385.2 137200.4
350894.5 141661.4
350603.1 142184.2
349875.9 147794.6
351642 157891.3
358686.8 161766.0
362155.8 163892.7
363853.9 165526.7
364659.1 166552.5
369682.8 170259.6
390803.9 170112.3
ID 30095
644480.3 209330.2
644439.6 200136.7
644774.3 190140.8
646319.3 159371.4
647956.5 156198.1
651255.9 151474.1
647478.1 150504.9
645940.5 150468.8
644126.7 150576.1
641605.1 151863.9
640738.8 151994.1
631221.6 148275.6
629013.4 145233.4
629019 141555.3
624120 135003.2
611240.2 134984.8
601593.4 130124.4
598370.4 126910.7
593059.6 120467.3
586825.9 112397.2
584977.4 101974.2
576557.1 102012.4
555682.7 102649.2
555861 122278.6
566134.3 122191.5
566256.4 141530.2
575900.6 146297.6
585550.9 151042.9
595168.3 151051.3
595054.2 170413.1
596203.4 180140.4
601957.4 189965.1
605914.2 193295.8
606398.3 199423.7
606526.3 209176
644480.3 209330.2
ID 30003
798722.8 183293.6
798872.1 179029.8
801429.7 162705.7
806618.1 162056.8
814099.7 162292.9
815740.4 161961.7
817009.4 126283.2
815210.6 119889.4
814668.5 107075.9
833972.6 107308.9
843685 107880.0
853018.7 108557.4
855136.9 87945.88
805864.1 86338.93
790740.8 85953.85
786508.7 86193.44
749175.1 85269.57
725278.3 84740.58
698607 84091.4
707314.7 107290.3
707768.8 108791.4
662864.2 107905.9
662694 122498.0
663984.7 131824.9
666852 135300
682506.8 135092.3
692548.3 135236.5
711716.6 141972.5
711229.4 171451.3
712672.5 184336.7
725529.8 184855.7
728522 187857.5
728626.7 191039
731803.4 194319.2
741237.8 200971.4
753827.7 201236.7
760525.6 201426.1
760778 191806.8
780035.1 192347.9
784316.7 187691.4
789956.5 183013.1
798722.8 183293.6
ID 30011
956165.5 220158.5
976105.9 221290.2
984757.1 220865.1
990212.8 213157.1
995525 204083.5
1002281 204254.3
1015336 205258.6
1016001 195625.6
1023017 196104.3
1028486 121966
1028783 97981.38
951590.3 93419.05
949378.5 132439.6
953375 132665.5
953241.6 142739
950988.2 180939.7
954310.3 181127.0
952037 219904.8
956165.5 220158.5
ID 30009
651255.9 151474.1
654676.7 154157.8
655954.1 154587.0
655922.4 151710.5
655354.2 150044.9
654852.9 149019.1
654573.6 148877.5
657767.3 141748.2
662693.1 135268.8
666852 135300
663984.7 131824.9
662694 122498.0
662864.2 107905.9
707768.8 108791.4
707314.7 107290.3
698607 84091.4
669279.7 83798.3
644889.8 83511.66
634514.3 83418.93
632878.4 83408.56
618188.7 83978.28
576450.5 83652.44
576557.1 102012.4
584977.4 101974.2
586825.9 112397.2
593059.6 120467.3
598370.4 126910.7
601593.4 130124.4
611240.2 134984.8
624120 135003.2
629019 141555.3
629013.4 145233.4
631221.6 148275.6
640738.8 151994.1
641605.1 151863.9
644126.7 150576.1
645940.5 150468.8
647478.1 150504.9
651255.9 151474.1
ID 30075
857058.9 176420.2
950988.2 180939.7
953241.6 142739
953375 132665.5
949378.5 132439.6
951590.3 93419.05
947575.5 93191.79
887837.2 90119.78
882263.9 89570.24
873948.5 88741.18
855136.9 87945.88
853018.7 108557.4
852256.5 127474.5
854179.5 137794.9
854589.6 158123.5
853766.9 176259.9
857058.9 176420.2
