ID 01
2060470 220998.0
2053650 219635.0
2048040 223795.2
2047249 224567.0
2043512 230627.8
2038672 241940.2
2041272 241730.7
2059106 223270.1
2060665 221356.6
2060470 220998.0
ID 02
2060470 220998.0
2053650 219635.0
2048040 223795.2
2047249 224567.0
2043512 230627.8
2038672 241940.2
2041272 241730.7
2059106 223270.1
2060665 221356.6
2060470 220998.0
ID 04
2060470 220998.0
2053650 219635.0
2048040 223795.2
2047249 224567.0
2043512 230627.8
2038672 241940.2
2041272 241730.7
2059106 223270.1
2060665 221356.6
2060470 220998.0
ID 05
2060470 220998.0
2053650 219635.0
2048040 223795.2
2047249 224567.0
2043512 230627.8
2038672 241940.2
2041272 241730.7
2059106 223270.1
2060665 221356.6
2060470 220998.0
ID 06
2060470 220998.0
2053650 219635.0
2048040 223795.2
2047249 224567.0
2043512 230627.8
2038672 241940.2
2041272 241730.7
2059106 223270.1
2060665 221356.6
2060470 220998.0
