ID 37
925734 170134.4
925064 169221.5
924036.7 169473.8
922620.4 169827.2
920809 169664.0
918100.6 169168.4
915818 168285.5
905579.6 164053.1
903751.3 163455.9
901964.5 162492.1
897415 160031.2
890918 156304.1
888076.1 154605.9
884685.2 151885.5
883028.8 150250.1
881986 149622.2
881809.5 150004.6
881924.9 150394.7
884040 154015.4
886050 155952.7
892545.9 159776.8
902242.7 164948.0
905133 165638.2
906898.3 166221.3
908350 166827.6
916216.6 170322.1
924689.6 174428.8
925207 176158.1
926882 187188.8
927689.5 194666.3
928781.3 205677.4
928599.3 210804.9
928260.3 213410.3
927586 216205.1
926520.4 218164.9
925676.7 219720.7
922952.9 229950.8
923350.8 230265.8
923826 230102.5
923969.8 230053.1
924131.2 229765.6
925881.5 226649.5
926511 225073.3
928240.4 219597.1
929168.9 215742.8
930416.6 210567.6
930239.8 205783.3
930150.4 204344
929728.2 197557.1
928675.5 187755.4
927555.9 179763.6
925734 170134.4
ID 37
915488.3 234364.6
914962.1 233635.7
914620.1 233638.8
910624.4 235074.9
909952.8 235792.1
905203.5 246220.8
904861.2 247103.2
904893.1 247351.1
905649.1 247805.7
906817.5 247809.9
908104.7 247578.4
909568.4 246749.4
911020.1 245748
912372.4 244264.3
914032 241807.3
915111.2 238866.9
915488.3 234364.6
ID 37
545582.4 309962.9
563870.2 309722.9
567503.1 309736.7
578912.5 309729.7
590019.9 309720.2
597248.5 309724.9
627843.4 309732.2
633407.9 309766.3
658231.2 309930.9
670145.8 310152.2
695014 310396.2
708125.8 310586.8
719964.5 310735.9
762158.8 311359.1
773959.4 311745.4
796076.2 311904.4
796209.5 311905.5
829707.7 313393.3
834195.3 313511.4
850158.5 313949.9
867242.2 314436.6
890092.8 315143.4
899631.3 280005.1
903048.6 271540.6
903067.7 271497.5
905007.2 267096.9
907081.5 263149.3
910734 256936.1
914469.3 249475.3
919330.6 239785.5
922388.5 232575.3
921710.3 231439.4
914777 242528.3
903220.6 262774.4
897757.7 279476.9
891961.6 300216.2
887389.2 307438
886716.2 307826.2
878010.3 309827.0
876626.5 309482.4
876244.6 309168
875764.9 308441.6
875559.9 307117.6
876690.5 304500.6
877433.7 303284.1
878207.6 302685.9
882022 300067.9
886455.2 292998.5
897625.8 266750.7
898521.5 263398.0
898349 262220.4
897823 262306.8
894483.8 264417.3
893397.5 265423.4
891508.4 268169.1
889597.4 271777.8
875311.6 273931.4
862766.4 266366.8
842694 260963.4
819704.5 254391.8
817780.5 245953.0
817835.5 245871.2
819474.8 244857.7
820048.9 244695.8
825407.3 245174
834441.7 246857.1
837449.4 248160.3
838609.5 249241.8
844194.2 250935
844965.9 250487.8
845702.5 249572.2
847844.8 246376.3
855572.8 249954.9
860794 251794.6
864147 252473.8
874468.9 252744.2
877959 250393.6
878848.5 249251.4
879941.5 243145.7
884926.5 249377.9
885715.5 249986.6
889186.1 251438.6
890984 251670.3
892694.4 251665.8
893651 251462.3
897365.4 249710.7
899898 246344.1
904544 236618.5
905270 234803.8
907015.4 221073.2
906981.1 220572.9
905755.3 212983.4
901802 207675.8
899834.4 207050.7
896231.3 206560.8
893302 207817.9
890979 206644.4
886132.6 201815.4
885740.3 201304.3
882192.8 195519.5
882334.4 194213.8
882062.4 193082.7
880939.9 189680.4
880654.4 188985.6
880113.8 188283.2
875856.6 183727.6
869303.9 178858.2
868698.1 178591.3
845954 180461.6
845133.7 180564.9
838026.6 182752.2
832389.1 184638.4
827067.3 178892.3
836837.3 177233.6
838494.2 176402.3
839467.7 174306.5
839927.4 172322.4
839972 170577.2
837653.4 165154.6
833193.8 155064.4
831215.7 152146.8
824530.8 143397.7
824778.3 142636.7
826056.7 140671.5
829758.7 140386.5
847103.3 139179.1
847293 125743.7
868810.2 141390.3
862417.3 131701.1
839258.4 104065
834238.6 102121.6
831438.4 103671.6
822478.8 107116.5
817829.8 107401.6
813884 107335.2
809549.3 106886.4
801440.5 105502.1
793774.3 103879.4
792916.8 103646.5
792599.1 103560.2
790050.5 102868.5
787919.8 102132.7
784192 100846.8
782616.1 100303.8
745801.9 77615.82
727725.5 60872.73
725619.3 58704.64
723457 55692.67
717561 46410.74
716429.7 43971.13
713505 36717.99
713166 35859.02
707897 20401.88
700390.3 15790.43
693272.8 17691.15
689426.1 18338.86
685653.6 18539.15
676551.8 18256.59
666933.4 17075.92
666611 17036.52
666586.9 17033.58
655036.8 12927.55
652078.6 11315.54
641921.3 21576.58
603049.4 60931.91
568332.8 96719.05
567263 97766.25
546674.3 117215.9
524731.4 117600.9
488804.4 118812.9
466744.6 119540.1
446986.8 120118.3
445256.7 120768.9
445392 121824.8
446821.9 133000.2
441626.2 140386.7
435750.2 148847.3
423436.3 157039.4
397551.6 159275.3
394032.3 159523.8
357523.2 162159.4
347858.4 162875.8
339229.9 163474.1
316789.0 165153.3
304164.9 166783.3
284076.7 160563.1
266359.7 152734.2
254182.9 151855.0
243991.2 149052.2
234695.4 146507.5
200432.3 147208.6
194452.7 147344.2
159113.6 148477.9
152855.9 148786.6
141525.4 149372.5
123998.5 150396.5
127982.3 174430.2
136399.6 179438.6
145926.8 178011.9
149842.8 180121.9
152426.0 182561
159554.8 201384.2
160250.9 200973.4
187099.6 211723.1
187496.0 211637.7
189117.2 211288.3
201974.3 210352.5
203160.4 210878.8
220648.1 220048.7
224711.8 224099.6
224689.1 226228.9
251403.2 233930.1
257963.7 250415.1
262123.4 250695.4
271197.9 256478.3
277757.4 260873.7
279476.0 261692.8
282015.7 262904.0
282456.4 262876.8
283595.2 261819.4
283613.8 261794
284997.9 259911.6
293505.4 252789.4
301870.9 262974.3
319717.4 271716.1
332215.5 265633.1
346069.6 282885.4
347473.3 285302.3
348423.0 286938.4
353305.9 290709.5
358234.7 292879.8
358356.1 292925.5
358881.3 293123
359200.3 291770.3
361394.5 290637.4
362799.2 290464.2
362923.8 290448.8
364898.8 290728.3
365489.5 295956.9
369984.3 318095.3
398957.6 315873.9
439346.4 313568.2
445050.6 313169.8
465255.2 312707.6
480652.9 311638.4
515262.8 310315
517607.4 310276.2
545582.4 309962.9
