ID 37053
867242.2 314436.6
890092.8 315143.4
899631.3 280005.1
897757.7 279476.9
891961.6 300216.2
887389.2 307438
886716.2 307826.2
878010.3 309827.0
876626.5 309482.4
876244.6 309168
875764.9 308441.6
875559.9 307117.6
876690.5 304500.6
877433.7 303284.1
878207.6 302685.9
882022 300067.9
886455.2 292998.5
897625.8 266750.7
898521.5 263398.0
898349 262220.4
897823 262306.8
894483.8 264417.3
893397.5 265423.4
891508.4 268169.1
889597.4 271777.8
889586.8 272070.2
882961.2 285890.6
877332 291899.1
875536 293001.7
874343.2 293328.8
873861 293040.0
864396.7 300549.5
850158.5 313949.9
867242.2 314436.6
ID 37029
834195.3 313511.4
850158.5 313949.9
864396.7 300549.5
873861 293040.0
874343.2 293328.8
875536 293001.7
877332 291899.1
882961.2 285890.6
889586.8 272070.2
889597.4 271777.8
875311.6 273931.4
873230.4 277388.1
867337 283199.2
855721.6 293339.7
839574 304406.4
834313.8 309092.7
829707.7 313393.3
834195.3 313511.4
ID 37073
829707.7 313393.3
834313.8 309092.7
838075.2 294479.9
828660.6 291278.8
816494.2 284869.1
807488.5 291739.3
805077 292170.6
797454.1 294862.1
795127.5 296037.7
793933.4 297173.3
793711.4 297608.9
793286.7 303745.8
794821.2 304135.4
797126 308165.1
797424.4 309209.9
796209.5 311905.5
829707.7 313393.3
ID 37139
834313.8 309092.7
839574 304406.4
855721.6 293339.7
867337 283199.2
873230.4 277388.1
875311.6 273931.4
862766.4 266366.8
855067 273478.3
845476.9 281441.9
838683.7 292861.9
838075.2 294479.9
834313.8 309092.7
ID 37091
796209.5 311905.5
797424.4 309209.9
797126 308165.1
794821.2 304135.4
793286.7 303745.8
793711.4 297608.9
793933.4 297173.3
795127.5 296037.7
797454.1 294862.1
805077 292170.6
807488.5 291739.3
816494.2 284869.1
815734.4 279041.7
798356.9 278568.8
788587.2 277959.3
772901.3 278024.8
770593.5 278446.5
774858.6 291959.4
780649.9 303610.6
773959.4 311745.4
796076.2 311904.4
796209.5 311905.5
ID 37131
773959.4 311745.4
780649.9 303610.6
774858.6 291959.4
770593.5 278446.5
763282.1 269618.3
762672 269216.9
761795.8 269506.7
754865.5 274007.9
737880 290340.6
737555.9 297473.2
729680.4 303636.5
708842.9 306973.3
708335.5 306392.2
708125.8 310586.8
719964.5 310735.9
762158.8 311359.1
773959.4 311745.4
ID 37143
838075.2 294479.9
838683.7 292861.9
845476.9 281441.9
855067 273478.3
862766.4 266366.8
842694 260963.4
834723 261928.5
831186.2 262837.6
829309.8 263500.4
828369 264145.6
828105.7 264561.4
826234.3 278721.8
828660.6 291278.8
838075.2 294479.9
ID 37055
878664.9 216917.8
879244.7 218815.3
879123.2 226217.8
878651.7 232617.1
878893.9 238703.2
879507 241777.1
879941.5 243145.7
884926.5 249377.9
885715.5 249986.6
889186.1 251438.6
890984 251670.3
892694.4 251665.8
893651 251462.3
897365.4 249710.7
899898 246344.1
904544 236618.5
905270 234803.8
907015.4 221073.2
906981.1 220572.9
905755.3 212983.4
901802 207675.8
899834.4 207050.7
896231.3 206560.8
893302 207817.9
878664.9 216917.8
ID 37055
899631.3 280005.1
903048.6 271540.6
903067.7 271497.5
905007.2 267096.9
907081.5 263149.3
910734 256936.1
914469.3 249475.3
919330.6 239785.5
922388.5 232575.3
921710.3 231439.4
914777 242528.3
903220.6 262774.4
897757.7 279476.9
899631.3 280005.1
ID 37055
905133 165638.2
906898.3 166221.3
908350 166827.6
916216.6 170322.1
924689.6 174428.8
925207 176158.1
926882 187188.8
927689.5 194666.3
928781.3 205677.4
928599.3 210804.9
928260.3 213410.3
927586 216205.1
926520.4 218164.9
925676.7 219720.7
922952.9 229950.8
923350.8 230265.8
923826 230102.5
923969.8 230053.1
924131.2 229765.6
925881.5 226649.5
926511 225073.3
928240.4 219597.1
929168.9 215742.8
930416.6 210567.6
930239.8 205783.3
930150.4 204344
929728.2 197557.1
928675.5 187755.4
927555.9 179763.6
925734 170134.4
925064 169221.5
924036.7 169473.8
922620.4 169827.2
920809 169664.0
918100.6 169168.4
915818 168285.5
905579.7 164053.1
905133 165638.2
ID 37055
909568.4 246749.4
911020.1 245748
912372.4 244264.3
914032 241807.3
915111.2 238866.9
915488.3 234364.6
914962.1 233635.7
914620.1 233638.8
910624.4 235074.9
909952.8 235792.1
905203.5 246220.8
904861.2 247103.2
904893.1 247351.2
905649.1 247805.7
906817.5 247809.9
908104.7 247578.4
909568.4 246749.4
ID 37041
816494.2 284869.1
828660.6 291278.8
826234.3 278721.8
828105.7 264561.4
828369 264145.6
829309.8 263500.4
831186.2 262837.6
834723 261928.5
842694 260963.4
819704.5 254391.8
815734.4 279041.7
816494.2 284869.1
ID 37185
695014 310396.2
708125.8 310586.8
708335.5 306392.2
698944.5 272536.7
671893.9 279344.3
670145.8 310152.2
695014 310396.2
ID 37083
708335.5 306392.2
708842.9 306973.3
729680.4 303636.5
737555.9 297473.2
737880 290340.6
754865.5 274007.9
761795.8 269506.7
762672 269216.9
763282.1 269618.3
760230.4 259137.1
753598.5 251306.6
751725.9 251133.7
743183.9 254709.5
742213.3 258233.1
737943.9 261579.2
726770.2 267337.9
698944.5 272536.7
708335.5 306392.2
ID 37181
658231.2 309930.9
670145.8 310152.2
671893.9 279344.3
654894.6 269143.9
653801.5 269995.6
653526.7 280499.4
653429 297501.7
654004.8 304697.7
654610.7 306750.8
658231.2 309930.9
ID 37077
633407.9 309766.3
658231.2 309930.9
654610.7 306750.8
654004.8 304697.7
653429 297501.7
653526.7 280499.4
653801.5 269995.6
654894.6 269143.9
650477.8 252113.3
632211.3 257534.5
627400.2 275798
627843.4 309732.2
633407.9 309766.3
ID 37015
815734.4 279041.7
819704.5 254391.8
817780.5 245953.0
811804.6 236883.1
804795.7 234550.7
787180.2 235515.4
786228.7 235984.5
773035.9 243564.5
772114.6 244355.4
760832 257178
760270.8 258509.5
760230.4 259137.1
763282.1 269618.3
770593.5 278446.5
772901.3 278024.8
788587.2 277959.3
798356.9 278568.8
815734.4 279041.7
ID 37145
597248.5 309724.9
627843.4 309732.2
627400.2 275798
614024.8 276139.1
595782.3 276476.7
597248.5 309724.9
ID 37033
597248.5 309724.9
595782.3 276476.7
586503.4 276690
561788.1 277467.3
563870.2 309722.9
567503.1 309736.7
578912.5 309729.7
590019.9 309720.2
597248.5 309724.9
ID 37157
545582.4 309962.9
563870.2 309722.9
561788.1 277467.3
561745.8 276518.3
516536.6 278647
517607.4 310276.2
545582.4 309962.9
ID 37177
878664.9 216917.8
845295.8 219127.8
844270 229230.5
847145.1 234683.2
847844.8 246376.3
855572.8 249954.9
860794 251794.6
864147 252473.8
874468.9 252744.2
877959 250393.6
878848.5 249251.4
879941.5 243145.7
879507 241777.1
878893.9 238703.2
878651.7 232617.1
879123.2 226217.8
879244.7 218815.3
878664.9 216917.8
ID 37169
517607.4 310276.2
516536.6 278647
516536.6 278641.9
479122.8 279576.9
480652.9 311638.4
515262.8 310315
517607.4 310276.2
ID 37187
817780.5 245953.0
817835.5 245871.2
819474.8 244857.7
820048.9 244695.8
825407.3 245174
834441.7 246857.1
837449.4 248160.3
838609.5 249241.8
844194.2 250935
844965.9 250487.8
845702.5 249572.2
847844.8 246376.3
847145.1 234683.2
844270 229230.5
845295.8 219127.8
823290.1 219439.0
804579.2 219032.6
811804.6 236883.1
817780.5 245953.0
ID 37069
698944.5 272536.7
676929.2 229616.8
676902.1 230775.9
674701.6 235117.8
672095 238210.6
661310.4 246967
655292.6 250019.0
650477.8 252113.3
654894.6 269143.9
671893.9 279344.3
698944.5 272536.7
ID 37127
726770.2 267337.9
725561.5 262129.5
718613.6 244871.2
715396.9 235484.2
682686.7 219991.1
676929.2 229616.8
698944.5 272536.7
726770.2 267337.9
ID 37065
753598.5 251306.6
758637.2 230780.6
755037.8 232240.1
747671.5 228591.5
745238.6 225815.7
742098.7 223033.8
730776.3 214617.2
725385.1 220412.8
722855.3 229103.1
715396.9 235484.2
718613.6 244871.2
725561.5 262129.5
726770.2 267337.9
737943.9 261579.2
742213.3 258233.1
743183.9 254709.5
751725.9 251133.7
753598.5 251306.6
ID 37117
760230.4 259137.1
760270.8 258509.5
760832 257178
772114.6 244355.4
773035.9 243564.5
786228.7 235984.5
787180.2 235515.4
804795.7 234550.7
811804.6 236883.1
804579.2 219032.6
795055.7 214775.8
791962.1 213560.7
784584.3 217314.7
774792.7 221491.8
758637.2 230780.6
753598.5 251306.6
760230.4 259137.1
ID 37063
627400.2 275798
632211.3 257534.5
636728.3 251094.8
635427.4 246147.2
633918.8 243593.4
631335.9 240532.2
624923.3 234867.5
618090.2 234951.7
608146.2 234474.2
614024.8 276139.1
627400.2 275798
ID 37009
369984.3 318095.3
398957.6 315873.9
398914 313657.5
403252.1 304640.6
405891 301488.3
406473.1 299962.3
407729.6 295571
407613.9 292210.7
386916.4 279031.8
380053.7 283151.1
377114.1 286192.3
372797.7 291529.7
365489.5 295956.9
369984.3 318095.3
ID 37135
595782.3 276476.7
614024.8 276139.1
608146.2 234474.2
587079.9 235966.5
586503.4 276690
595782.3 276476.7
ID 37001
561788.1 277467.3
586503.4 276690
587079.9 235966.5
560593.3 232356.5
560689.2 238623.7
561745.8 276518.3
561788.1 277467.3
ID 37081
516536.6 278647
561745.8 276518.3
560689.2 238623.7
515106.9 241293.4
515563.9 251274.9
516536.6 278641.9
516536.6 278647
ID 37193
407613.9 292210.7
416188.8 299268.6
422081.5 299914.8
422746.6 299668.4
426242 297107.0
426247.1 295189.6
427630.6 293013.5
431801.9 292931.4
433117.4 295924.7
441213.4 277418.5
440031.5 257392.0
426769.6 256539.9
425034.4 256076.7
419914.4 255580.5
413522.9 255209.5
412181 255807.5
407953 255260.2
405209.9 254716.5
399684.6 251679.8
380462.4 265564.8
386916.4 279031.8
407613.9 292210.7
ID 37095
878664.9 216917.8
893302 207817.9
890979 206644.4
886132.6 201815.4
885740.3 201304.3
882192.8 195519.5
882334.4 194213.8
882062.4 193082.7
880939.9 189680.4
880654.4 188985.6
880113.8 188283.2
875856.6 183727.6
869303.9 178858.2
868698.1 178591.3
845954 180461.6
845133.7 180564.9
838026.6 182752.2
832389.1 184638.4
831198.8 186608.4
828892.9 191157.5
827042.5 196772.1
826898.4 198122.4
827013.9 198560.3
827334.2 198975.4
828445.6 199366.7
836977.9 205048.9
823290.1 219439.0
845295.8 219127.8
878664.9 216917.8
ID 37095
905133 165638.2
905579.7 164053.1
903751.3 163455.9
901964.5 162492.1
897415 160031.2
890918 156304.1
888076.1 154605.9
884685.2 151885.5
883028.8 150250.1
881986 149622.2
881809.5 150004.6
881924.9 150394.7
884040 154015.4
886050 155952.7
892545.9 159776.8
902242.7 164948.0
905133 165638.2
ID 37067
479122.8 279576.9
516536.6 278641.9
515563.9 251274.9
483755.5 247512.8
474768.6 255780.4
479056.6 277321.6
479122.8 279576.9
ID 37183
632211.3 257534.5
650477.8 252113.3
655292.6 250019.0
661310.4 246967
672095 238210.6
674701.6 235117.8
676902.1 230775.9
676929.2 229616.8
666149.9 222155.3
651271.5 210828.5
636027.8 196283.9
617313.3 203392.9
609998.4 206367.8
617799.3 232174.3
618090.2 234951.7
624923.3 234867.5
631335.9 240532.2
633918.8 243593.4
635427.4 246147.2
636728.3 251094.8
632211.3 257534.5
ID 37147
758637.2 230780.6
774792.7 221491.8
773918.4 186635.2
755852 177569.3
747975.9 187057.2
727265.5 211789.6
730776.3 214617.2
742098.7 223033.8
745238.6 225815.7
747671.5 228591.5
755037.8 232240.1
758637.2 230780.6
ID 37013
823290.1 219439.0
836977.9 205048.9
828445.6 199366.7
827334.2 198975.4
827013.9 198560.3
826898.4 198122.4
827042.5 196772.1
828892.9 191157.5
831198.8 186608.4
832389.1 184638.4
827067.3 178892.3
826790.1 172269.5
826604.6 171272.4
825054.6 167326.1
805726.8 164756.7
801068 168826.7
773918.4 186635.2
774792.7 221491.8
784584.3 217314.7
791962.1 213560.7
795055.7 214775.8
804579.2 219032.6
823290.1 219439.0
ID 37197
479056.6 277321.6
474768.6 255780.4
457091.8 256570.5
440031.5 257392.0
441213.4 277418.5
449647.7 280702.5
463381.3 282721.4
468602.1 281901.9
476487.8 279067.3
478243.9 278199.5
479056.6 277321.6
ID 37195
715396.9 235484.2
722855.3 229103.1
725385.1 220412.8
730776.3 214617.2
727265.5 211789.6
716223.8 202825.7
694368.7 204003.9
688826.6 205909
685745.8 215311.4
682686.7 219991.1
715396.9 235484.2
ID 37189
365489.5 295956.9
372797.7 291529.7
377114.1 286192.3
380053.7 283151.1
386916.4 279031.8
380462.4 265564.8
356499.3 265561.7
347473.3 285302.3
348423.0 286938.4
353305.9 290709.5
358234.7 292879.8
358356.1 292925.5
358881.3 293123
359200.3 291770.3
361394.5 290637.4
362799.2 290464.2
362923.8 290448.8
364898.8 290728.3
365489.5 295956.9
ID 37101
682686.7 219991.1
685745.8 215311.4
688826.6 205909
694368.7 204003.9
686345.4 185316.9
677242.7 174973.4
672847 170620.7
651299.3 173731.0
636027.8 196283.9
651271.5 210828.5
666149.9 222155.3
676929.2 229616.8
682686.7 219991.1
ID 37011
346069.6 282885.4
347473.3 285302.3
356499.3 265561.7
356426.3 248970.6
344105.4 249038.1
340515 243825.1
332215.5 265633.1
346069.6 282885.4
ID 37037
618090.2 234951.7
617799.3 232174.3
609998.4 206367.8
617313.3 203392.9
612264.6 196596.4
604851.2 204782.5
603367.4 206176.5
602498.4 206781.1
600233.3 207846.1
598434.2 208019.2
596759 207793.2
591987 202824.3
587371.1 200123.4
580231.6 196837.9
577847.1 196180.0
559180.2 195950.2
560593.3 232356.5
587079.9 235966.5
608146.2 234474.2
618090.2 234951.7
ID 37057
483755.5 247512.8
515563.9 251274.9
515106.9 241293.4
512837.1 195301
502318.1 195248.3
500108.3 203714.1
489073 219238.1
477652 222035.4
480314.6 231531.4
484064.4 233145.6
486012.4 239395.8
486124.6 242487.2
485587.3 245532
485250.7 246360.0
483755.5 247512.8
ID 37079
727265.5 211789.6
747975.9 187057.2
739735.6 182118.1
733428.4 178822.8
730300 178072.8
729485.1 178059.4
728200.2 180175.2
718115.6 180339.8
716223.8 202825.7
727265.5 211789.6
ID 37059
457091.8 256570.5
474768.6 255780.4
483755.5 247512.8
485250.7 246360.0
485587.3 245532
486124.6 242487.2
486012.4 239395.8
484064.4 233145.6
480314.6 231531.4
477652 222035.4
455353.1 234590.1
457091.8 256570.5
ID 37151
560689.2 238623.7
560593.3 232356.5
559180.2 195950.2
539818.5 195675.1
512837.1 195301
515106.9 241293.4
560689.2 238623.7
ID 37097
440031.5 257392.0
457091.8 256570.5
455353.1 234590.1
451073.3 220884.9
449243.4 214965.3
451852.2 200446.5
452057.6 198270
452035.6 196297.1
447775.1 196369.6
432953.8 194496.1
431906.2 201186.5
434828.7 208674.8
431576.3 214853.4
428909.4 218635.7
418609.5 227222.6
426769.6 256539.9
440031.5 257392.0
ID 37027
356499.3 265561.7
380462.4 265564.8
399684.6 251679.8
398633.5 229498.4
395865.2 226390.6
394595.9 225247.6
392672.8 225417
378545.6 227870.5
363264.1 241118.1
356971.4 247839.2
356426.3 248970.6
356499.3 265561.7
ID 37003
426769.6 256539.9
418609.5 227222.6
398633.5 229498.4
399684.6 251679.8
405209.9 254716.5
407953 255260.2
412181 255807.5
413522.9 255209.5
419914.4 255580.5
425034.4 256076.7
426769.6 256539.9
ID 37191
694368.7 204003.9
716223.8 202825.7
718115.6 180339.8
715773.8 159010.7
685773.3 159990.1
672847 170620.7
677242.7 174973.4
686345.4 185316.9
694368.7 204003.9
ID 37121
332215.5 265633.1
340515 243825.1
326546.2 234590.2
325709.8 244341.2
325131.6 246205.1
321700.6 255434.2
321344.2 255968.1
307728.3 264080.7
301870.9 262974.3
319717.4 271716.1
332215.5 265633.1
ID 37137
827067.3 178892.3
836837.3 177233.6
838494.2 176402.3
839467.7 174306.5
839927.4 172322.4
839972 170577.2
837653.4 165154.6
833193.8 155064.4
831215.7 152146.8
824530.8 143397.7
818537.4 139071.4
813979 135845.4
812289.6 135430.3
808766.8 135578.2
801187 138923.8
796738.4 142532.4
795035.8 145071
793230.6 157789.0
795156.2 162795.5
796801.5 165278.8
801068 168826.7
805726.8 164756.7
825054.6 167326.1
826604.6 171272.4
826790.1 172269.5
827067.3 178892.3
ID 37049
773918.4 186635.2
801068 168826.7
796801.5 165278.8
795156.2 162795.5
793230.6 157789.0
795035.8 145071
796738.4 142532.4
801187 138923.8
808766.8 135578.2
812289.6 135430.3
813979 135845.4
818537.4 139071.4
823494.3 134568.5
823989.4 133889.2
823139 131487.1
820488.6 126606
814619.8 123946.6
796588.3 119600.6
784321.7 118463.5
782321.5 121587.4
782709.4 142563.6
782028 147781.7
781603.8 148524.2
780649 148906.0
776916.3 147472.8
774425.8 149414.1
749409.4 164804.2
748513.4 165090.9
755852 177569.3
773918.4 186635.2
ID 37107
755852 177569.3
748513.4 165090.9
743765.8 166574.4
745282 158561.4
745142.8 157846.3
737123.1 147455.3
725466.4 140258.9
715773.8 159010.7
718115.6 180339.8
728200.2 180175.2
729485.1 178059.4
730300 178072.8
733428.4 178822.8
739735.6 182118.1
747975.9 187057.2
755852 177569.3
ID 37199
301870.9 262974.3
307728.3 264080.7
321344.2 255968.1
321700.6 255434.2
325131.6 246205.1
325709.8 244341.2
326546.2 234590.2
313263.8 221696.2
301638.1 234702.4
293505.4 252789.4
301870.9 262974.3
ID 37159
455353.1 234590.1
477652 222035.4
489073 219238.1
500108.3 203714.1
502318.1 195248.3
492092.5 195239.4
452035.6 196297.1
452057.6 198270
451852.2 200446.5
449243.4 214965.3
451073.3 220884.9
455353.1 234590.1
ID 37105
577847.1 196180.0
580231.6 196837.9
587371.1 200123.4
591987 202824.3
596759 207793.2
598434.2 208019.2
600233.3 207846.1
602498.4 206781.1
603367.4 206176.5
604851.2 204782.5
612264.6 196596.4
592932.9 172730.7
577847.1 196180.0
ID 37115
284997.9 259911.6
293505.4 252789.4
301638.1 234702.4
292806.3 233227.5
287376.2 231097.5
284159.5 229570.1
277887.6 226589.2
265311.4 221375.5
258110.7 220773.0
251403.2 233930.1
257963.7 250415.1
262123.4 250695.4
271197.9 256478.3
277757.4 260873.7
279476.0 261692.8
282015.7 262904.0
282456.4 262876.8
283595.2 261819.4
283613.8 261794
284997.9 259911.6
ID 37085
617313.3 203392.9
636027.8 196283.9
651299.3 173731.0
644437 165987.4
632370.2 167921.3
629588.8 167813.1
621007.3 165048.0
603778.9 160716.6
600847.4 159985.3
592932.9 172730.7
612264.6 196596.4
617313.3 203392.9
ID 37023
356426.3 248970.6
356971.4 247839.2
363264.1 241118.1
378545.6 227870.5
392672.8 225417
394595.9 225247.6
395865.2 226390.6
379907.4 204694.2
379599.1 204198.1
365626.7 206288.6
353666.1 206084.5
350037.1 222236.9
345852.6 236519.1
347200.7 240509.6
346900 243050.2
346571.5 244172.4
345162.4 247623.1
344660.3 248578.3
344105.4 249038.1
356426.3 248970.6
ID 37111
340515 243825.1
344105.4 249038.1
344660.3 248578.3
345162.4 247623.1
346571.5 244172.4
346900 243050.2
347200.7 240509.6
345852.6 236519.1
350037.1 222236.9
353666.1 206084.5
322259.5 201803.7
313263.8 221696.2
326546.2 234590.2
340515 243825.1
ID 37035
398633.5 229498.4
418609.5 227222.6
428909.4 218635.7
431576.3 214853.4
434828.7 208674.8
431906.2 201186.5
379907.4 204694.2
395865.2 226390.6
398633.5 229498.4
ID 37125
577847.1 196180.0
592932.9 172730.7
600847.4 159985.3
600699.3 157970.5
587090.8 162149.3
583625.8 160112.5
578461.3 155917.5
571269.1 147794.6
567730 143532.4
553642.8 156995.2
551552.3 158382.5
549778 160399.1
545775.3 167111.4
544846.5 169437.1
544830.8 170839.4
539818.5 195675.1
559180.2 195950.2
577847.1 196180.0
ID 37103
748513.4 165090.9
749409.4 164804.2
774425.8 149414.1
776916.3 147472.8
780649 148906.0
781603.8 148524.2
782028 147781.7
782709.4 142563.6
782321.5 121587.4
784321.7 118463.5
777435 116358.2
772391.8 126593.4
772070.4 127165.0
767830.8 131808.2
765114.4 132638.3
739810.6 137149.9
730243.6 136401.6
725466.4 140258.9
737123.1 147455.3
745142.8 157846.3
745282 158561.4
743765.8 166574.4
748513.4 165090.9
ID 37031
824530.8 143397.7
824778.3 142636.7
826056.7 140671.5
829758.7 140386.5
847103.3 139179.1
847293 125743.7
868810.2 141390.3
862417.3 131701.1
839258.4 104065
834238.6 102121.6
831438.4 103671.6
822478.8 107116.5
817829.8 107401.6
813884 107335.2
809549.3 106886.4
801440.5 105502.1
793774.3 103879.4
792916.8 103646.5
792599.1 103560.2
790050.5 102868.5
787919.8 102132.7
784192 100846.8
782616.1 100303.8
777435 116358.2
784321.7 118463.5
796588.3 119600.6
814619.8 123946.6
820488.6 126606
823139 131487.1
823989.4 133889.2
823494.3 134568.5
818537.4 139071.4
824530.8 143397.7
ID 37123
539818.5 195675.1
544830.8 170839.4
544846.5 169437.1
545775.3 167111.4
549778 160399.1
551552.3 158382.5
553642.8 156995.2
544589.6 158082.4
532030.1 159341.7
526739.9 157046.3
516783.6 154736.8
514736 154656
511616.3 155065.1
513329.2 157371.3
513685.2 158320.4
513670.6 158984.2
512965.3 179334.0
511951.6 183016.9
508991.9 190191.7
508524.9 190627.6
502318.1 195248.3
512837.1 195301
539818.5 195675.1
ID 37163
651299.3 173731.0
672847 170620.7
685773.3 159990.1
686231.4 147837.5
687572.5 128193.2
682815.5 109804.7
688877.1 106769.1
689461.4 106982.4
690822.2 108188.5
678008 89432.85
655798.5 122836.1
643162.1 136312.9
642678.8 137400.7
640793.9 143134.8
639472.8 148209.4
639645.5 148981.9
644437 165987.4
651299.3 173731.0
ID 37021
313263.8 221696.2
322259.5 201803.7
313261.1 195411.5
307329.5 199215.7
300772.4 196196.8
292688.3 193614.5
285577.7 192374.9
281539.8 193436.2
278879.0 194526.3
278033.6 195171.9
276356.6 195803.9
273427.2 195230.7
272462.5 194735.7
269598.9 191992.3
258110.7 220773.0
265311.4 221375.5
277887.6 226589.2
284159.5 229570.1
287376.2 231097.5
292806.3 233227.5
301638.1 234702.4
313263.8 221696.2
ID 37061
685773.3 159990.1
715773.8 159010.7
725466.4 140258.9
730243.6 136401.6
732841.2 131054.2
730015.8 110545.9
729947.3 109834.1
730444.6 108477.3
690822.2 108188.5
689461.4 106982.4
688877.1 106769.1
682815.5 109804.7
687572.5 128193.2
686231.4 147837.5
685773.3 159990.1
ID 37167
492092.5 195239.4
502318.1 195248.3
508524.9 190627.6
508991.9 190191.7
511951.6 183016.9
512965.3 179334.0
513670.6 158984.2
513685.2 158320.4
513329.2 157371.3
511616.3 155065.1
493304.3 161168
472524 160270.8
492092.5 195239.4
ID 37025
492092.5 195239.4
472524 160270.8
468463.1 162883.2
458026.3 169587.2
449179.7 184627.1
447504.8 194857.2
447545.1 195601.7
447775.1 196369.6
452035.6 196297.1
492092.5 195239.4
ID 37051
644437 165987.4
639645.5 148981.9
639472.8 148209.4
640793.9 143134.8
642678.8 137400.7
643162.1 136312.9
655798.5 122836.1
654868.2 122446.4
652265.9 122264.7
627860.6 122045.6
623969.6 121743.5
618647.2 120340.8
606430.7 133514.4
600699.3 157970.5
600847.4 159985.3
603778.9 160716.6
621007.3 165048.0
629588.8 167813.1
632370.2 167921.3
644437 165987.4
ID 37087
251403.2 233930.1
258110.7 220773.0
269598.9 191992.3
253090.5 178080.8
230028.8 203749.2
224711.8 224099.6
224689.1 226228.9
251403.2 233930.1
ID 37109
431906.2 201186.5
432953.8 194496.1
432005.8 184876.4
386552.4 187970.8
379599.1 204198.1
379907.4 204694.2
431906.2 201186.5
ID 37119
432953.8 194496.1
447775.1 196369.6
447545.1 195601.7
447504.8 194857.2
449179.7 184627.1
458026.3 169587.2
468463.1 162883.2
441626.2 140386.7
435750.2 148847.3
423436.3 157039.4
432005.8 184876.4
432953.8 194496.1
ID 37045
379599.1 204198.1
386552.4 187970.8
397551.6 159275.3
394032.3 159523.8
357523.2 162159.4
358432.5 166826.5
364001.2 181629.9
365626.7 206288.6
379599.1 204198.1
ID 37161
365626.7 206288.6
364001.2 181629.9
358432.5 166826.5
357523.2 162159.4
347858.4 162875.8
339229.9 163474.1
339797.6 169847.1
339186.8 171446.3
327164.3 185593.7
326029.3 186698.7
323467.6 188359.4
322693.0 188613.0
319031.3 188037.8
313389.5 187122.8
313261.1 195411.5
322259.5 201803.7
353666.1 206084.5
365626.7 206288.6
ID 37133
730243.6 136401.6
739810.6 137149.9
765114.4 132638.3
767830.8 131808.2
772070.4 127165.0
772391.8 126593.4
777435 116358.2
782616.1 100303.8
745801.9 77615.82
730444.6 108477.3
729947.3 109834.1
730015.8 110545.9
732841.2 131054.2
730243.6 136401.6
ID 37093
567730 143532.4
571269.1 147794.6
578461.3 155917.5
583625.8 160112.5
587090.8 162149.3
600699.3 157970.5
606430.7 133514.4
593690 121728.7
588409.9 120385.3
577768.5 120799.1
567730 143532.4
ID 37173
224711.8 224099.6
230028.8 203749.2
215214.8 184002.7
204883.3 182448.7
184743.2 180000.2
184047.0 179704.9
182751.9 181777.3
182905.7 182832.3
183844.5 184660.4
184436.3 185123.1
186166.6 185830.6
188420.6 186277.4
189761.0 186730.1
192372.6 190634.9
193293.4 193261.0
193418 194449.7
193421 196516.7
188405.6 197725.3
160250.9 200973.4
187099.6 211723.1
187496.0 211637.7
189117.2 211288.3
201974.3 210352.5
203160.4 210878.8
220648.1 220048.7
224711.8 224099.6
ID 37071
386552.4 187970.8
432005.8 184876.4
423436.3 157039.4
397551.6 159275.3
386552.4 187970.8
ID 37153
511616.3 155065.1
514736 154656
516783.6 154736.8
526739.9 157046.3
532030.1 159341.7
544589.6 158082.4
553642.8 156995.2
567730 143532.4
562903.2 141639.1
559130.5 139343.5
557383.4 138044.0
556132.3 133842
556218.4 132441.8
556827.7 131043.6
554398.5 124982.1
552469.6 122299.7
546674.3 117215.9
524731.4 117600.9
530689.8 125934.7
531921.7 127826.7
532058.7 128406.9
528228.7 145264.1
526419 149748.7
525180.5 152029.1
523733.5 152262.2
522456 151782.1
520350.6 150247.5
519879.4 149193.8
519606.9 148918.8
518977.2 148597.2
518487.5 148593.6
516186.7 149219.9
512272.2 151598.6
511655.8 154080.9
511616.3 155065.1
ID 37089
313261.1 195411.5
313389.5 187122.8
304164.9 166783.3
284076.7 160563.1
283035.7 161371.1
282579.4 162525.6
281609.8 169236.1
281732.6 173330.4
281305.7 176611.2
279334.9 179805.1
269598.9 191992.3
272462.5 194735.7
273427.2 195230.7
276356.6 195803.9
278033.6 195171.9
278879.0 194526.3
281539.8 193436.2
285577.7 192374.9
292688.3 193614.5
300772.4 196196.8
307329.5 199215.7
313261.1 195411.5
ID 37179
493304.3 161168
488804.4 118812.9
466744.6 119540.1
446986.8 120118.3
445256.7 120768.9
445392 121824.8
446821.9 133000.2
441626.2 140386.7
468463.1 162883.2
472524 160270.8
493304.3 161168
ID 37007
511616.3 155065.1
511655.8 154080.9
512272.2 151598.6
516186.7 149219.9
518487.5 148593.6
518977.2 148597.2
519606.9 148918.8
519879.4 149193.8
520350.6 150247.5
522456 151782.1
523733.5 152262.2
525180.5 152029.1
526419 149748.7
528228.7 145264.1
532058.7 128406.9
531921.7 127826.7
530689.8 125934.7
524731.4 117600.9
488804.4 118812.9
493304.3 161168
511616.3 155065.1
ID 37149
339229.9 163474.1
316789.0 165153.3
304164.9 166783.3
313389.5 187122.8
319031.3 188037.8
322693.0 188613.0
323467.6 188359.4
326029.3 186698.7
327164.3 185593.7
339186.8 171446.3
339797.6 169847.1
339229.9 163474.1
ID 37099
230028.8 203749.2
253090.5 178080.8
243991.2 149052.2
234695.4 146507.5
215214.8 184002.7
230028.8 203749.2
ID 37165
577768.5 120799.1
567263 97766.25
546674.3 117215.9
552469.6 122299.7
554398.5 124982.1
556827.7 131043.6
556218.4 132441.8
556132.3 133842
557383.4 138044.0
559130.5 139343.5
562903.2 141639.1
567730 143532.4
577768.5 120799.1
ID 37155
606430.7 133514.4
618647.2 120340.8
627399.8 104211.5
627458 102558.9
623004.8 83394.18
621401.9 81284.46
616406.2 77940.13
608969.7 67531.6
603049.4 60931.91
568332.8 96719.05
567263 97766.25
577768.5 120799.1
588409.9 120385.3
593690 121728.7
606430.7 133514.4
ID 37175
269598.9 191992.3
279334.9 179805.1
281305.7 176611.2
281732.6 173330.4
281609.8 169236.1
282579.4 162525.6
283035.7 161371.1
284076.7 160563.1
266359.7 152734.2
254182.9 151855.0
243991.2 149052.2
253090.5 178080.8
269598.9 191992.3
ID 37017
655798.5 122836.1
678008 89432.85
676405.6 87639.43
676566.8 87097.17
678243.7 83995.73
679687 82770.73
682306.2 81943.85
685259.7 79660.07
677981 72336.54
670563.8 68659.45
660533.3 69679.56
648659.7 75413.62
637928.9 79746.77
627628 78983.81
625668.7 78976.38
624890.7 79131.9
621401.9 81284.46
623004.8 83394.18
627458 102558.9
627399.8 104211.5
618647.2 120340.8
623969.6 121743.5
627860.6 122045.6
652265.9 122264.7
654868.2 122446.4
655798.5 122836.1
ID 37141
690822.2 108188.5
730444.6 108477.3
745801.9 77615.82
727725.5 60872.73
725474.5 61270.35
720013.2 66571.85
718839.4 68199.6
718600.7 69082.45
719509.5 70013.67
715933.2 70602.88
708364.6 68584.38
698870.4 64974.03
686666.9 67674.17
677981 72336.54
685259.7 79660.07
682306.2 81943.85
679687 82770.73
678243.7 83995.73
676566.8 87097.17
676405.6 87639.43
678008 89432.85
690822.2 108188.5
ID 37075
160250.9 200973.4
188405.6 197725.3
193421 196516.7
193418 194449.7
193293.4 193261.0
192372.6 190634.9
189761.0 186730.1
188420.6 186277.4
186166.6 185830.6
184436.3 185123.1
183844.5 184660.4
182905.7 182832.3
182751.9 181777.3
184047.0 179704.9
181829.7 176371.3
164956.1 175753.9
158364.1 173998.9
157518.4 174164.7
154524.0 176054.9
152426.0 182561
159554.8 201384.2
160250.9 200973.4
ID 37113
215214.8 184002.7
234695.4 146507.5
200432.3 147208.6
178108.5 166257
181829.7 176371.3
184047.0 179704.9
184743.2 180000.2
204883.3 182448.7
215214.8 184002.7
ID 37039
181829.7 176371.3
178108.5 166257
152855.9 148786.6
141525.4 149372.5
123998.5 150396.5
127982.3 174430.2
136399.6 179438.6
145926.8 178011.9
149842.8 180121.9
152426.0 182561
154524.0 176054.9
157518.4 174164.7
158364.1 173998.9
164956.1 175753.9
181829.7 176371.3
ID 37043
178108.5 166257
200432.3 147208.6
194452.7 147344.2
159113.6 148477.9
152855.9 148786.6
178108.5 166257
ID 37129
727725.5 60872.73
725619.3 58704.64
723457 55692.67
717561 46410.74
716429.7 43971.13
713505 36717.99
713166 35859.02
707897 20401.88
708275.6 32377.91
708289 34803.87
707677.1 41884.62
704624.4 55114.59
698870.4 64974.03
708364.6 68584.38
715933.2 70602.88
719509.5 70013.67
718600.7 69082.45
718839.4 68199.6
720013.2 66571.85
725474.5 61270.35
727725.5 60872.73
ID 37047
677981 72336.54
686666.9 67674.17
678303.5 51989.05
666413.4 47924.67
656173 46353.38
655098.6 46477.21
654378.2 46316.58
651582 44021.12
644718.7 29817.14
641921.3 21576.58
603049.4 60931.91
608969.7 67531.6
616406.2 77940.13
621401.9 81284.46
624890.7 79131.9
625668.7 78976.38
627628 78983.81
637928.9 79746.77
648659.7 75413.62
660533.3 69679.56
670563.8 68659.45
677981 72336.54
ID 37019
686666.9 67674.17
698870.4 64974.03
704624.4 55114.59
707677.1 41884.62
708289 34803.87
708275.6 32377.91
707897 20401.88
700390.3 15790.43
693272.8 17691.15
689426.1 18338.86
685653.6 18539.15
676551.8 18256.59
666933.4 17075.92
666611 17036.52
666586.9 17033.58
655036.8 12927.55
652078.6 11315.54
641921.3 21576.58
644718.7 29817.14
651582 44021.12
654378.2 46316.58
655098.6 46477.21
656173 46353.38
666413.4 47924.67
678303.5 51989.05
686666.9 67674.17
ID 37171
465255.2 312707.6
480652.9 311638.4
479122.8 279576.9
479056.6 277321.6
478243.9 278199.5
476487.8 279067.3
468602.1 281901.9
463381.3 282721.4
449647.7 280702.5
441213.4 277418.5
433117.4 295924.7
439346.4 313568.2
445050.6 313169.8
465255.2 312707.6
ID 37005
439346.4 313568.2
433117.4 295924.7
431801.9 292931.4
427630.6 293013.5
426247.1 295189.6
426242 297107.0
422746.6 299668.4
422081.5 299914.8
416188.8 299268.6
407613.9 292210.7
407729.6 295571
406473.1 299962.3
405891 301488.3
403252.1 304640.6
398914 313657.5
398957.6 315873.9
439346.4 313568.2
