ID 38
527020 371025.2
623232.5 370595.2
671337.2 371012.1
709838.1 371657.1
786661.4 373714.8
839427.2 375696
839078.8 375323.2
838826.8 373659.9
838840 371985.9
839416.4 369667.1
845647 352234.9
847315.9 348019.9
850945.2 340697.6
846409 325116.4
846738.8 324959.8
847357.2 324666.2
849203.5 322601
851108.6 295903.4
849230.1 286243.6
849319.7 283977.6
849331.4 283683.1
851435 276974.5
860033.3 251133.8
870964 229166.5
874623.2 210058.2
877551 181101.4
878479.6 171451.4
879379.6 157366.2
883163.5 146940.9
884259.1 144422.2
884132.6 120112.1
884520.2 113859.7
884525.6 113846.5
888343.6 104392.5
900407 79257.75
904677.2 56086.01
905016.3 54142.24
904966.4 51889
904821.6 51177.34
903627.4 47063.66
905196.8 37503
853672.2 35126.5
795505 33069.33
793223.7 33014.18
737685.7 31793.2
715882.7 31479.31
660637.5 30785.88
648057.2 30758.68
600065.9 30786.90
599085.5 30789.5
581456 30833.00
579674.4 30835.9
579081.9 30837.80
569743.6 30887.58
562724.6 30949.5
540172.8 31144.92
532244.7 31234.18
527739.6 31280.15
518015.4 31390.74
506268.2 31587.76
495114.5 31781.74
485724.7 31950.57
484503.5 31975.38
484295.2 31979.23
483790.2 31998.4
483638.7 31996.63
410664.4 33892.47
406533.3 34030.59
325166.0 37176.73
326830.8 74362.95
328161.4 103315.4
328670.4 114477.0
332121.7 190955.8
332477.3 198433.2
335551 264925.9
337317.3 308635.9
338495.9 335814.6
340249.5 376488.5
421458 373294.2
488626.8 371602.7
527020 371025.2
