ID 38023
340249.5 376488.5
421458 373294.2
420404.1 342319.7
424402.6 342199.2
424090.6 332496.8
338495.9 335814.6
340249.5 376488.5
ID 38013
488172.2 350234.1
478591.4 350440.9
472388.6 340898.3
471919.0 321524.1
423797.9 322831.2
424090.6 332496.8
424402.6 342199.2
420404.1 342319.7
421458 373294.2
488626.8 371602.7
488172.2 350234.1
ID 38075
488172.2 350234.1
488626.8 371602.7
527020 371025.2
526608.8 339954.4
529711.7 320556.2
558648.9 320193.9
558564.4 310548.3
500718.7 311351.4
501155.5 340323.1
488002.9 340573.8
488172.2 350234.1
ID 38009
527020 371025.2
623232.5 370595.2
623336.1 339409.2
626091.5 339412.4
626145.3 320094.1
616485.8 320008.1
606904.2 319971.1
606876.1 329693.8
578071.6 329827.3
558710.6 329883.8
558648.9 320193.9
529711.7 320556.2
526608.8 339954.4
527020 371025.2
ID 38079
626145.3 320094.1
626091.5 339412.4
623336.1 339409.2
623232.5 370595.2
671337.2 371012.1
671682 339737.8
674119.6 339772.8
674361 320468
626145.3 320094.1
ID 38095
671337.2 371012.1
709838.1 371657.1
710122.4 351602.0
710430 340316.7
712603.1 340359.9
712975.3 321019.5
713311.6 301697.8
696313.5 301407
674633.8 301127.1
674361 320468
674119.6 339772.8
671682 339737.8
671337.2 371012.1
ID 38019
709838.1 371657.1
786661.4 373714.8
787728.7 342269.4
789362.3 342322.7
790020.9 322906.5
761148.7 322111.7
712975.3 321019.5
712603.1 340359.9
710430 340316.7
710122.4 351602.0
709838.1 371657.1
ID 38067
786661.4 373714.8
839427.2 375696
839078.8 375323.2
838826.8 373659.9
838840 371985.9
839416.4 369667.1
845647 352234.9
847315.9 348019.9
850945.2 340697.6
846409 325116.4
846738.8 324959.8
790020.9 322906.5
789362.3 342322.7
787728.7 342269.4
786661.4 373714.8
ID 38101
471919.0 321524.1
472388.6 340898.3
478591.4 350440.9
488172.2 350234.1
488002.9 340573.8
501155.5 340323.1
500718.7 311351.4
558564.4 310548.3
558492.2 300854.6
560675.3 290787.1
561650.1 270680.8
563974.9 262024.2
564900.2 262011.6
564721.4 242673.6
497335.4 243355.7
496297.2 256383.7
493886.5 262938.0
494605.8 301756.8
491184.8 321267.2
471919.0 321524.1
ID 38105
338495.9 335814.6
424090.6 332496.8
423797.9 322831.2
423249.4 303519.4
427497.3 303424.1
426644.7 275714.4
423458.8 277240.2
406401.5 278890.2
398898.4 277887.6
397987.3 277182.4
396164.7 275057.2
394878.3 273132.9
394850.7 272947.3
395011.8 272695.2
396177.9 272230.2
396796.8 271585.5
396870 271115.7
396721.7 270497.7
396161.4 269827.3
392746.9 268411.6
387748.3 266788
377038.1 264281.5
376084 264329.1
372037.8 267634.6
370294.9 270396
369941 273842.3
368530.7 276342.1
363632 277784.6
362103.5 277401.4
360630.6 276560.0
358400.0 274634.3
358360.3 274119.8
358606.2 273646.9
360210.8 272166.5
358176.5 268892.0
351825.7 263506.6
347246.5 260688.2
344627.8 260053.3
335551 264925.9
337317.3 308635.9
338495.9 335814.6
ID 38049
616485.8 320008.1
616568.2 300714.7
618550.8 287761.2
619624 261863.4
621598.6 255400.8
622610.8 242487.8
593624.6 242435.1
564721.4 242673.6
564900.2 262011.6
563974.9 262024.2
561650.1 270680.8
560675.3 290787.1
558492.2 300854.6
558564.4 310548.3
558648.9 320193.9
558710.6 329883.8
578071.6 329827.3
606876.1 329693.8
606904.2 319971.1
616485.8 320008.1
ID 38061
471919.0 321524.1
491184.8 321267.2
494605.8 301756.8
493886.5 262938.0
496297.2 256383.7
497335.4 243355.7
458867.6 244146.8
458622 234179.9
439595 241976.3
439296.9 242307
439117.1 242857.1
438667.7 246128.7
438800.8 247704.8
439412.7 250647.1
439659.9 251207.7
442159.4 254588.5
443757.8 255658.1
444939.9 256839.3
445998.1 258435.6
446869.5 260455.7
446858.6 261075.5
446639.3 261400.2
435577.7 271490.5
429853.6 275409.3
426644.7 275714.4
427497.3 303424.1
423249.4 303519.4
423797.9 322831.2
471919.0 321524.1
ID 38069
626145.3 320094.1
674361 320468
674633.8 301127.1
648422.2 300888.7
648635.4 261979.7
651301.4 261993.2
651503.5 242668
632245.7 242500.3
622610.8 242487.8
621598.6 255400.8
619624 261863.4
618550.8 287761.2
616568.2 300714.7
616485.8 320008.1
626145.3 320094.1
ID 38071
761148.7 322111.7
761488.4 309073.7
763613.3 302797.5
764133 283384.7
754493.8 283075.1
754964.4 263789.5
747296.2 263569.9
747561.5 251783.1
740122.5 251767.5
730434.9 259967.4
716027.7 260840.7
713412 260103.3
697298.8 276742.5
696743.3 277464.9
696313.5 301407
713311.6 301697.8
712975.3 321019.5
761148.7 322111.7
ID 38099
761148.7 322111.7
790020.9 322906.5
846738.8 324959.8
847357.2 324666.2
849203.5 322601
851108.6 295903.4
849230.1 286243.6
793044.3 284256.7
764133 283384.7
763613.3 302797.5
761488.4 309073.7
761148.7 322111.7
ID 38005
674633.8 301127.1
696313.5 301407
696743.3 277464.9
697298.8 276742.5
713412 260103.3
716027.7 260840.7
730434.9 259967.4
740122.5 251767.5
747561.5 251783.1
747787.7 244161.6
690012.6 243052.4
651503.5 242668
651301.4 261993.2
648635.4 261979.7
648422.2 300888.7
674633.8 301127.1
ID 38053
426644.7 275714.4
429853.6 275409.3
435577.7 271490.5
446639.3 261400.2
446858.6 261075.5
446869.5 260455.7
445998.1 258435.6
444939.9 256839.3
443757.8 255658.1
442159.4 254588.5
439659.9 251207.7
439412.7 250647.1
438800.8 247704.8
438667.7 246128.7
439117.1 242857.1
439296.9 242307
439595 241976.3
439103.2 225326.6
404793.6 226419.0
403572.8 188006.8
360707 189647.7
332121.7 190955.8
332477.3 198433.2
335551 264925.9
344627.8 260053.3
347246.5 260688.2
351825.7 263506.6
358176.5 268892.0
360210.8 272166.5
358606.2 273646.9
358360.3 274119.8
358400.0 274634.3
360630.6 276560.0
362103.5 277401.4
363632 277784.6
368530.7 276342.1
369941 273842.3
370294.9 270396
372037.8 267634.6
376084 264329.1
377038.1 264281.5
387748.3 266788
392746.9 268411.6
396161.4 269827.3
396721.7 270497.7
396870 271115.7
396796.8 271585.5
396177.9 272230.2
395011.8 272695.2
394850.7 272947.3
394878.3 273132.9
396164.7 275057.2
397987.3 277182.4
398898.4 277887.6
406401.5 278890.2
423458.8 277240.2
426644.7 275714.4
ID 38063
764133 283384.7
793044.3 284256.7
793667.4 264913.9
795270.6 264959.7
795283.9 264781
796527.6 226226.5
788859.5 225967.0
750180.6 224867.4
747787.7 244161.6
747561.5 251783.1
747296.2 263569.9
754964.4 263789.5
754493.8 283075.1
764133 283384.7
ID 38035
849230.1 286243.6
849319.7 283977.6
849331.4 283683.1
851435 276974.5
860033.3 251133.8
870964 229166.5
827291.5 227305.4
796527.6 226226.5
795283.9 264781
795270.6 264959.7
793667.4 264913.9
793044.3 284256.7
849230.1 286243.6
ID 38055
564721.4 242673.6
593624.6 242435.1
593607.8 223135.0
587054.2 223157.5
586952 217481
586893.9 184622.1
581155.3 184648.6
581074.5 165724.4
564727.5 165726.4
563844.8 176110.8
563526.1 176705.1
562133.7 178350.5
559558.1 180185.3
557782.8 180853.7
555597.3 181346.2
552911.4 180997.1
542711.4 177933.7
535793.1 183463.7
529050.4 200062.5
528931.5 200831.1
529137.8 201695.9
530392.7 203282.2
531055.7 203908.3
533815.1 205481.9
534410 206238.0
534512.6 206882.8
530161.2 211100.1
529525.6 211349.0
528196.2 211254.1
509088.6 208750.4
506491.3 207784.7
502844.1 205275.2
501144.3 204288.1
500077.2 204016.9
495135.7 205295.6
473393.8 212690.5
471702.3 213472.2
467858.9 217949.9
467515.4 218391.4
467324.4 218929.5
467965.1 234419
468231.6 235269.4
468225.1 235981.5
468035.7 236564.1
467244 237026.8
463069.8 238690.8
461971.8 238850.0
461440.2 238551
460924.7 237984.8
458622 234179.9
458867.6 244146.8
497335.4 243355.7
564721.4 242673.6
ID 38025
458622 234179.9
460924.7 237984.8
461440.2 238551
461971.8 238850.0
463069.8 238690.8
467244 237026.8
468035.7 236564.1
468225.1 235981.5
468231.6 235269.4
467965.1 234419
467324.4 218929.5
467515.4 218391.4
467858.9 217949.9
471702.3 213472.2
471089.5 186074.4
475712.9 185989.8
474949.4 150666.2
446007.9 151341.6
445924.2 148118.4
407348.6 149143.9
408605.7 187835.7
403572.8 188006.8
404793.6 226419.0
439103.2 225326.6
439595 241976.3
458622 234179.9
ID 38083
622610.8 242487.8
632245.7 242500.3
632326.8 223195.9
635083.7 223216.4
635277.5 184688.2
629226.6 184642.7
586893.9 184622.1
586952 217481
587054.2 223157.5
593607.8 223135.0
593624.6 242435.1
622610.8 242487.8
ID 38103
632245.7 242500.3
651503.5 242668
690012.6 243052.4
690318 223715.0
692671.2 223730.1
692811.8 214267.0
693251.1 185315.9
677040.1 185082.8
635277.5 184688.2
635083.7 223216.4
632326.8 223195.9
632245.7 242500.3
ID 38027
690012.6 243052.4
747787.7 244161.6
750180.6 224867.4
750425.8 215393.5
692811.8 214267.0
692671.2 223730.1
690318 223715.0
690012.6 243052.4
ID 38057
471702.3 213472.2
473393.8 212690.5
495135.7 205295.6
500077.2 204016.9
501144.3 204288.1
502844.1 205275.2
506491.3 207784.7
509088.6 208750.4
528196.2 211254.1
529525.6 211349.0
530161.2 211100.1
534512.6 206882.8
534410 206238.0
533815.1 205481.9
531055.7 203908.3
530392.7 203282.2
529137.8 201695.9
528931.5 200831.1
529050.4 200062.5
535793.1 183463.7
542711.4 177933.7
542618.2 175319.6
504275.3 175818.9
503806.2 146913.7
478533.1 147351.6
474949.4 150666.2
475712.9 185989.8
471089.5 186074.4
471702.3 213472.2
ID 38039
788859.5 225967.0
792187 178055.9
753867.8 176934.8
751218.8 186435.5
750425.8 215393.5
750180.6 224867.4
788859.5 225967.0
ID 38091
788859.5 225967.0
796527.6 226226.5
827291.5 227305.4
830764.7 179263.6
811485.1 178655.7
792187 178055.9
788859.5 225967.0
ID 38097
827291.5 227305.4
870964 229166.5
874623.2 210058.2
877551 181101.4
830764.7 179263.6
827291.5 227305.4
ID 38031
692811.8 214267.0
750425.8 215393.5
751218.8 186435.5
693251.1 185315.9
692811.8 214267.0
ID 38033
360707 189647.7
359120.9 150819.5
363488 150657.5
361973.5 111769.2
347306.1 112342.0
346893.0 102477.8
328161.4 103315.4
328670.4 114477.0
332121.7 190955.8
360707 189647.7
ID 38007
360707 189647.7
403572.8 188006.8
408605.7 187835.7
407348.6 149143.9
392269.5 149639.3
390870.2 110707.8
361973.5 111769.2
363488 150657.5
359120.9 150819.5
360707 189647.7
ID 38015
629226.6 184642.7
629337.2 146239.1
632335.1 146248.2
632067.5 107541.4
587604.3 107588.0
582149.5 110070.7
578198 113626.1
574519 120176.4
569081.3 137155.4
567020.2 144344.3
566832.5 146394.3
564727.5 165726.4
581074.5 165724.4
581155.3 184648.6
586893.9 184622.1
629226.6 184642.7
ID 38065
564727.5 165726.4
566832.5 146394.3
503806.2 146913.7
504275.3 175818.9
542618.2 175319.6
542711.4 177933.7
552911.4 180997.1
555597.3 181346.2
557782.8 180853.7
559558.1 180185.3
562133.7 178350.5
563526.1 176705.1
563844.8 176110.8
564727.5 165726.4
ID 38043
629226.6 184642.7
635277.5 184688.2
677040.1 185082.8
677515.6 146566.5
680152.1 146622.9
680424.5 107804.4
644754.5 107575.8
632067.5 107541.4
632335.1 146248.2
629337.2 146239.1
629226.6 184642.7
ID 38093
677040.1 185082.8
693251.1 185315.9
751218.8 186435.5
753867.8 176934.8
754621.7 147943.1
756747.9 148004.5
757797.2 109278.7
712059.7 108170.5
680424.5 107804.4
680152.1 146622.9
677515.6 146566.5
677040.1 185082.8
ID 38003
792187 178055.9
811485.1 178655.7
812161.2 160882.5
814369.9 149685.4
815739.1 110948.9
788814.8 110123.9
757797.2 109278.7
756747.9 148004.5
754621.7 147943.1
753867.8 176934.8
792187 178055.9
ID 38017
830764.7 179263.6
877551 181101.4
878479.6 171451.4
879379.6 157366.2
883163.5 146940.9
884259.1 144422.2
884132.6 120112.1
884520.2 113859.7
884525.6 113846.5
846506.2 112050.3
815739.1 110948.9
814369.9 149685.4
812161.2 160882.5
811485.1 178655.7
830764.7 179263.6
ID 38089
474949.4 150666.2
478533.1 147351.6
477974.5 118069.6
477748.2 108440.5
414105.5 109960.9
390870.2 110707.8
392269.5 149639.3
407348.6 149143.9
445924.2 148118.4
446007.9 151341.6
474949.4 150666.2
ID 38059
478533.1 147351.6
503806.2 146913.7
566832.5 146394.3
567020.2 144344.3
569081.3 137155.4
574519 120176.4
578198 113626.1
582149.5 110070.7
587604.3 107588.0
592202.7 104159.3
593800.4 101598.0
596149.6 96941.86
593956.7 93250.83
593351.9 91821.78
592424.3 86820.87
592530.7 85864.8
593067.2 84619.21
584881.8 80946.57
582976.3 80243.36
575147.7 80344.96
572106.4 80844.77
570938.9 81772.1
567741.3 80530.03
560207.5 72796.71
559490.5 68780.58
557796.5 78482.87
538526.1 78653.94
538821.5 107430.3
506714.2 107914.7
506875.2 117586.3
477974.5 118069.6
478533.1 147351.6
ID 38037
477974.5 118069.6
506875.2 117586.3
506714.2 107914.7
538821.5 107430.3
538526.1 78653.94
557796.5 78482.87
559490.5 68780.58
552457.3 61065.99
544898.9 54572.25
537875.6 49097.61
521698.9 40796.76
515660.4 38668.52
515429.7 38702.07
507679 39970.8
496031.6 43488.89
490865 44958.79
484031.1 44101.33
484406.4 60994.94
484564.8 69029.87
482203.4 82378.58
481242.8 108349.8
477748.2 108440.5
477974.5 118069.6
ID 38087
361973.5 111769.2
390870.2 110707.8
414105.5 109960.9
413174.4 71228.31
407709.5 71309.87
326830.8 74362.95
328161.4 103315.4
346893.0 102477.8
347306.1 112342.0
361973.5 111769.2
ID 38041
477748.2 108440.5
481242.8 108349.8
482203.4 82378.58
484564.8 69029.87
484406.4 60994.94
445861.7 61919
446081.1 70485.12
413174.4 71228.31
414105.5 109960.9
477748.2 108440.5
ID 38029
632067.5 107541.4
644754.5 107575.8
647889.8 68678.29
648057.2 30758.68
600065.9 30786.90
599085.5 30789.5
591503.5 43960.89
591141.4 45039.62
590030.1 51961.32
590022.2 53245.95
590863.3 55499.63
592821.2 58798.19
594189 60330.66
595279.1 62819.58
595557.6 63908.69
596258.1 74101.01
596060.1 77458.13
595430.7 79481.59
593788.3 83295.68
593067.2 84619.21
592530.7 85864.8
592424.3 86820.87
593351.9 91821.78
593956.7 93250.83
596149.6 96941.86
593800.4 101598.0
592202.7 104159.3
587604.3 107588.0
632067.5 107541.4
ID 38047
644754.5 107575.8
680424.5 107804.4
712059.7 108170.5
712712.5 69575.68
647889.8 68678.29
644754.5 107575.8
ID 38045
757797.2 109278.7
788814.8 110123.9
789976.5 71443.63
715345.6 69606.72
712712.5 69575.68
712059.7 108170.5
757797.2 109278.7
ID 38073
788814.8 110123.9
815739.1 110948.9
846506.2 112050.3
848043.4 73508
792148.3 71511.88
789976.5 71443.63
788814.8 110123.9
ID 38077
884525.6 113846.5
888343.6 104392.5
900407 79257.75
904677.2 56086.01
905016.3 54142.24
904966.4 51889
904821.6 51177.34
903627.4 47063.66
905196.8 37503
853672.2 35126.5
851686.3 41759.52
850682.9 48628.49
849678 73569.46
848043.4 73508
846506.2 112050.3
884525.6 113846.5
ID 38011
407709.5 71309.87
406533.3 34030.59
325166.0 37176.73
326830.8 74362.95
407709.5 71309.87
ID 38085
559490.5 68780.58
560207.5 72796.71
567741.3 80530.03
570938.9 81772.1
572106.4 80844.77
575147.7 80344.96
582976.3 80243.36
584881.8 80946.57
593067.2 84619.21
593788.3 83295.68
595430.7 79481.59
596060.1 77458.13
596258.1 74101.01
595557.6 63908.69
595279.1 62819.58
594189 60330.66
592821.2 58798.19
590863.3 55499.63
590022.2 53245.95
590030.1 51961.32
591141.4 45039.62
591503.5 43960.89
599085.5 30789.5
581456 30833.00
579674.4 30835.9
579081.9 30837.80
569743.6 30887.58
562724.6 30949.5
540172.8 31144.92
532244.7 31234.18
527739.6 31280.15
518015.4 31390.74
506268.2 31587.76
495114.5 31781.74
485724.7 31950.57
484503.5 31975.38
484295.2 31979.23
483790.2 31998.4
484031.1 44101.33
490865 44958.79
496031.6 43488.89
507679 39970.8
515429.7 38702.07
515660.4 38668.52
521698.9 40796.76
537875.6 49097.61
544898.9 54572.25
552457.3 61065.99
559490.5 68780.58
ID 38001
407709.5 71309.87
413174.4 71228.31
446081.1 70485.12
445861.7 61919
484406.4 60994.94
484031.1 44101.33
483790.2 31998.4
483638.7 31996.63
410664.4 33892.47
406533.3 34030.59
407709.5 71309.87
ID 38051
647889.8 68678.29
712712.5 69575.68
715345.6 69606.72
715882.7 31479.31
660637.5 30785.88
648057.2 30758.68
647889.8 68678.29
ID 38021
715345.6 69606.72
789976.5 71443.63
792148.3 71511.88
793223.7 33014.18
737685.7 31793.2
715882.7 31479.31
715345.6 69606.72
ID 38081
792148.3 71511.88
848043.4 73508
849678 73569.46
850682.9 48628.49
851686.3 41759.52
853672.2 35126.5
795505 33069.33
793223.7 33014.18
792148.3 71511.88
