ID 31
477348.1 351510.3
483819.1 351477.8
537995.1 351505.9
560806.4 351676.6
622426.3 352524.3
638080.4 339774.7
649782.7 335153.9
659023.6 327945.8
660806.7 327255.4
662268.2 327089.5
663647.2 327215.1
667738 328017.9
668820.6 328725.3
671037.9 330906.9
672647.3 333428.5
681882.5 337274.1
689090.3 336647.8
705522.3 338490.2
710544 339336.4
718283.3 339386.1
724137.1 338941.9
733946.9 331438.7
744215.4 329033.8
761581.7 323490.1
768467.2 319603.6
769456.8 317658.8
769989.1 315803
769763 314501.4
769742.3 313475.2
770048.6 312508.2
776290.4 304161.5
792258.1 300928.3
795059.2 300833
796167.8 300490.1
797097.7 299306.1
797487.5 298055.2
797607.9 296359.5
797105.2 294793.4
798647.7 282169.4
801361.8 277625.7
800661.9 270768.5
808379.4 252451.3
820277.5 232848.9
822692.1 212570.0
835272 193597.6
839486 181149.5
841772.8 158795
847780.9 155618.7
847254.6 143010.6
851701.2 127114.2
849714.7 113913.3
858262.5 92255.2
863307 85677.9
864314.7 88100.06
867618.7 85449.75
865907 82141.57
864997.1 81229.31
865552.5 79260.22
871712.7 65926.1
877892.2 60553.64
878119.5 59986.01
878120.2 59788.38
878120.7 59630.28
878127.7 57628.64
878128.8 57313.52
900446.6 29373.88
897751.6 29228.10
859532.2 27315.76
840539.5 26434.96
821047 25566.61
801894.8 24788.57
772736.7 23697.81
763284.9 23369.53
724620.8 22152.78
685996.9 21072.05
676588.3 20846.05
647373.2 20256.66
627699.5 19869.27
608759 19554.08
579663 19177.01
570108.2 19058.63
531938 18782.39
531736 18781.63
484815.4 18698.72
483469 18699.39
436911.3 19023.22
435203.7 19046.18
386944.5 19671.27
379514.6 19751.99
324818.2 20926.71
325736.5 59347.04
325993 69424.32
326677 98009.05
326823.1 103784.9
327461.8 131842.0
279588.2 133160.4
276861.0 133214.2
215575.9 135304.5
199441.5 135936.0
159214.5 137676.6
161333.9 181134.5
162202.2 200096.4
162873.5 214923.4
164464.3 248612.4
167632.1 316268.1
169628.2 359431.5
214262.8 357499.8
255355 355920
272368.1 355294.9
330201.9 353594.8
330202.8 353594.8
347086.4 353201.8
367461.3 352449.2
399876.2 352096.4
426064.6 351776.8
455639.7 351626.9
471497 351538.9
477348.1 351510.3
