ID 31149
563305.1 250594.9
527926.3 250163.0
527662.2 288874.4
526654.2 288852.9
526393.3 321778.2
532615.1 320734.3
537194.3 320423
538798.3 320735.5
541664.1 321883.8
559312.8 329078.2
559999.3 329424.6
560767.8 330142.4
561720.8 324119.3
563028 286023.1
563305.1 250594.9
ID 31013
276603.4 244581.5
221541.9 246310.5
218346.2 246502.3
218723.3 256148.2
215216.4 256303.3
216714.6 294769.3
271900.6 293069.4
273869.4 293014.7
273233.1 254405.6
275455.5 251111.9
276603.4 244581.5
ID 31003
679076.2 252765.6
679677.5 233522.7
641344.7 232507.9
640563.8 251800.8
639832.1 290452.5
678130.9 291410.5
679076.2 252765.6
ID 31139
679076.2 252765.6
678130.9 291410.5
706835.8 292270.4
716795 282932.1
717627.9 253953
679076.2 252765.6
ID 31075
328869.3 243624.4
334098.2 253180.4
382018.9 251768.7
381432.2 213006.3
334905.3 213838.9
328055 213978.3
328869.3 243624.4
ID 31123
276603.4 244581.5
278281.4 244578.0
277597.5 226562.9
277572.6 220659.1
277760.8 218679.3
278437.8 215487.5
280529.1 209132.6
279749 181634.1
218596.9 183603.6
219614.6 212625.7
221541.9 246310.5
276603.4 244581.5
ID 31091
382018.9 251768.7
430015.8 250690.5
429943.1 212075.0
419075.8 212148.6
404409 212591.3
383050 212995.4
381432.2 213006.3
382018.9 251768.7
ID 31171
430015.8 250690.5
477863.7 250158.1
477922.6 211702.9
440814.9 211905.9
429943.1 212075.0
430015.8 250690.5
ID 31069
328869.3 243624.4
328055 213978.3
334905.3 213838.9
334093.8 175256.7
327710.5 156175.4
281219 157447.8
279749 181634.1
280529.1 209132.6
278437.8 215487.5
277760.8 218679.3
277572.6 220659.1
277597.5 226562.9
278281.4 244578.0
328869.3 243624.4
ID 31009
477863.7 250158.1
486136.5 250104.1
525894 250162.5
526042.5 211772.2
479108.3 211688.6
477922.6 211702.9
477863.7 250158.1
ID 31115
563305.1 250594.9
564289.4 250609.0
564710.5 212068
526042.5 211772.2
525894 250162.5
527926.3 250163.0
563305.1 250594.9
ID 31071
564710.5 212068
564289.4 250609.0
602449.2 251111.3
603185.7 212471.7
565526.8 212055.5
564710.5 212068
ID 31183
640563.8 251800.8
641344.7 232507.9
641711.7 213225.9
603760.1 212478.9
603185.7 212471.7
602449.2 251111.3
640563.8 251800.8
ID 31011
641344.7 232507.9
679677.5 233522.7
680367.8 214190.6
681045.7 190220.3
676405.2 190071.3
662561 186401.6
658662.5 184651.7
642650.5 184311.9
641711.7 213225.9
641344.7 232507.9
ID 31005
334905.3 213838.9
381432.2 213006.3
383050 212995.4
382355.5 174388.1
334093.8 175256.7
334905.3 213838.9
ID 31117
383050 212995.4
404409 212591.3
419075.8 212148.6
429943.1 212075.0
440814.9 211905.9
440370.4 173465.1
393854 174156.6
382355.5 174388.1
383050 212995.4
ID 31113
440814.9 211905.9
477922.6 211702.9
479108.3 211688.6
479005.5 173221.5
440370.4 173465.1
440814.9 211905.9
ID 31041
526042.5 211772.2
564710.5 212068
565526.8 212055.5
566609.3 173595.9
566594.4 135050.1
548245.5 134850.3
481153.1 134728.6
479983.1 134724.9
480074.4 147609.8
480352.5 158733.7
480250.8 172743.7
479005.5 173221.5
479108.3 211688.6
526042.5 211772.2
ID 31175
565526.8 212055.5
603185.7 212471.7
603760.1 212478.9
604370.7 174036.3
566609.3 173595.9
565526.8 212055.5
ID 31077
641711.7 213225.9
642650.5 184311.9
642826.8 174660.7
604974.8 174055.5
604370.7 174036.3
603760.1 212478.9
641711.7 213225.9
ID 31125
642650.5 184311.9
658662.5 184651.7
662561 186401.6
676405.2 190071.3
681045.7 190220.3
691949.4 175929.0
692056.2 166405.1
680099 165971.2
667421.7 164092.8
660079.8 162224.6
656573.4 160600.1
646173.1 160329.6
644460 160319.1
644299.7 174697.0
643235.7 174668.7
642826.8 174660.7
642650.5 184311.9
ID 31111
440370.4 173465.1
479005.5 173221.5
480250.8 172743.7
480352.5 158733.7
480074.4 147609.8
479983.1 134724.9
481153.1 134728.6
481131.5 96284.45
434277.3 96538.64
394554.8 96740.88
394876.4 130721.1
393854 174156.6
440370.4 173465.1
ID 31023
721169.2 138101.0
719994.1 176730.4
729615.1 175155.4
735134.7 175350.9
743829 177719.8
756079.3 184257
757175.5 184585.5
758385.8 184628.3
758390.5 184491.1
759786.6 139282.5
759582.4 139280.2
721169.2 138101.0
ID 31163
604370.7 174036.3
604974.8 174055.5
605182.5 135470.2
566594.4 135050.1
566609.3 173595.9
604370.7 174036.3
ID 31093
604974.8 174055.5
642826.8 174660.7
643235.7 174668.7
643961 136097.7
607414.1 135493.2
605182.5 135470.2
604974.8 174055.5
ID 31121
643235.7 174668.7
644299.7 174697.0
644460 160319.1
646173.1 160329.6
656573.4 160600.1
660079.8 162224.6
667421.7 164092.8
680099 165971.2
692056.2 166405.1
691949.4 175929.0
700938.9 169290.7
682147.8 151094.5
681488.4 149766.0
679213.4 146498.4
677940.4 144924.2
676939.4 144065.9
672684.7 141843.1
670886 141119.3
670764.1 141102.6
670264.6 141796.9
667169.6 139489.5
657094.6 130831.7
648631.6 121760.4
644724.7 116790.7
643961 136097.7
643235.7 174668.7
ID 31143
700938.9 169290.7
719994.1 176730.4
721169.2 138101.0
682651.4 136991.0
682147.8 151094.5
700938.9 169290.7
ID 31081
682651.4 136991.0
683697.2 98392.04
645487.6 97482.43
645083.6 97479.61
644724.7 116790.7
648631.6 121760.4
657094.6 130831.7
667169.6 139489.5
670264.6 141796.9
670764.1 141102.6
670886 141119.3
672684.7 141843.1
676939.4 144065.9
677940.4 144924.2
679213.4 146498.4
681488.4 149766.0
682147.8 151094.5
682651.4 136991.0
ID 31047
481153.1 134728.6
548245.5 134850.3
549255.3 93151.72
530132.5 94611.71
501553.7 96197.75
481131.5 96284.45
481153.1 134728.6
ID 31019
548245.5 134850.3
566594.4 135050.1
605182.5 135470.2
607414.1 135493.2
608030.3 96920.56
607788.2 95880.27
605129.2 95447.9
599092 94008.28
595915.8 92369.05
592495.3 91560.97
582175.2 91440.11
570131.6 91952.61
569381.7 92175.94
549255.3 93151.72
548245.5 134850.3
ID 31079
607414.1 135493.2
643961 136097.7
644724.7 116790.7
645083.6 97479.61
608030.3 96920.56
607414.1 135493.2
ID 31185
721169.2 138101.0
722338 99436.51
683781 98391.6
683697.2 98392.04
682651.4 136991.0
721169.2 138101.0
ID 31159
759582.4 139280.2
760750 100644.3
722338 99436.51
721169.2 138101.0
759582.4 139280.2
ID 31085
434277.3 96538.64
433971.1 57601.45
387591.8 58280.4
385943.3 58302.71
386327.4 96893.26
394554.8 96740.88
434277.3 96538.64
ID 31063
434277.3 96538.64
481131.5 96284.45
501553.7 96197.75
501591.9 67156.72
491919.9 67187.75
491921.7 57505.36
483197.4 57388.91
435575.6 57598.86
433971.1 57601.45
434277.3 96538.64
ID 31073
530132.5 94611.71
530380.7 57558.99
491921.7 57505.36
491919.9 67187.75
501591.9 67156.72
501553.7 96197.75
530132.5 94611.71
ID 31137
530132.5 94611.71
549255.3 93151.72
569381.7 92175.94
569705.7 57772.55
531376.5 57562.62
530380.7 57558.99
530132.5 94611.71
ID 31001
607788.2 95880.27
608030.3 96920.56
645083.6 97479.61
645487.6 97482.43
646249.6 58876.99
608403.2 58213.3
607788.2 95880.27
ID 31099
607788.2 95880.27
608403.2 58213.3
608155.2 58204.76
569705.7 57772.55
569381.7 92175.94
570131.6 91952.61
582175.2 91440.11
592495.3 91560.97
595915.8 92369.05
599092 94008.28
605129.2 95447.9
607788.2 95880.27
ID 31035
683697.2 98392.04
683781 98391.6
684807.8 59740.94
646645.9 58879.68
646249.6 58876.99
645487.6 97482.43
683697.2 98392.04
ID 31059
722338 99436.51
723506 60807.13
685105 59745.88
684807.8 59740.94
683781 98391.6
722338 99436.51
ID 31151
722338 99436.51
760750 100644.3
761488.5 81302.61
761908.1 62008.5
723506 60807.13
722338 99436.51
ID 31165
214262.8 357499.8
213899.9 346235.2
214438.9 337747
215319.9 333464.8
213792.1 294876.7
216714.6 294769.3
215216.4 256303.3
218723.3 256148.2
218346.2 246502.3
164464.3 248612.4
167632.1 316268.1
169628.2 359431.5
214262.8 357499.8
ID 31045
214262.8 357499.8
255355 355920
272368.1 355294.9
271552.8 331446
272890.3 325049.8
271900.6 293069.4
216714.6 294769.3
213792.1 294876.7
215319.9 333464.8
214438.9 337747
213899.9 346235.2
214262.8 357499.8
ID 31161
330201.9 353594.8
330180.5 337752.8
330909 329813.7
331094.9 304469.3
332363.6 291762.6
331281.8 253291.4
334098.2 253180.4
328869.3 243624.4
278281.4 244578.0
276603.4 244581.5
275455.5 251111.9
273233.1 254405.6
273869.4 293014.7
271900.6 293069.4
272890.3 325049.8
271552.8 331446
272368.1 355294.9
330201.9 353594.8
ID 31031
330201.9 353594.8
330202.8 353594.8
347086.4 353201.8
367461.3 352449.2
399876.2 352096.4
426064.6 351776.8
455639.7 351626.9
471497 351538.9
477348.1 351510.3
483819.1 351477.8
483776.7 334543.7
486216.7 288686.5
486136.5 250104.1
477863.7 250158.1
430015.8 250690.5
382018.9 251768.7
334098.2 253180.4
331281.8 253291.4
332363.6 291762.6
331094.9 304469.3
330909 329813.7
330180.5 337752.8
330201.9 353594.8
ID 31103
483819.1 351477.8
537995.1 351505.9
560806.4 351676.6
560767.8 330142.4
559999.3 329424.6
559312.8 329078.2
541664.1 321883.8
538798.3 320735.5
537194.3 320423
532615.1 320734.3
526393.3 321778.2
525715.8 321478.9
524181.5 321430
518150.3 322226.5
495419.2 327760.4
490642.4 329471.2
489042.2 330281.1
483776.7 334543.7
483819.1 351477.8
ID 31015
560806.4 351676.6
622426.3 352524.3
638080.4 339774.7
638710.9 326454.6
625789.1 326769.3
616925.2 328014.7
603387.5 331924.1
595920.9 334109.0
587446.8 338466.1
585380.3 340370.5
584368.5 340652.4
583099.2 340605.4
582151.6 340363.9
568312.2 333974.2
561404.3 330673.1
560767.8 330142.4
560806.4 351676.6
ID 31089
560767.8 330142.4
561404.3 330673.1
568312.2 333974.2
582151.6 340363.9
583099.2 340605.4
584368.5 340652.4
585380.3 340370.5
587446.8 338466.1
595920.9 334109.0
603387.5 331924.1
616925.2 328014.7
625789.1 326769.3
638710.9 326454.6
639832.1 290452.5
640563.8 251800.8
602449.2 251111.3
564289.4 250609.0
563305.1 250594.9
563028 286023.1
561720.8 324119.3
560767.8 330142.4
ID 31017
526393.3 321778.2
526654.2 288852.9
527662.2 288874.4
527926.3 250163.0
525894 250162.5
486136.5 250104.1
486216.7 288686.5
483776.7 334543.7
489042.2 330281.1
490642.4 329471.2
495419.2 327760.4
518150.3 322226.5
524181.5 321430
525715.8 321478.9
526393.3 321778.2
ID 31107
638080.4 339774.7
649782.7 335153.9
659023.6 327945.8
660806.7 327255.4
662268.2 327089.5
663647.2 327215.1
667738 328017.9
668820.6 328725.3
671037.9 330906.9
672647.3 333428.5
681882.5 337274.1
689090.3 336647.8
705522.3 338490.2
706835.8 292270.4
678130.9 291410.5
639832.1 290452.5
638710.9 326454.6
638080.4 339774.7
ID 31027
705522.3 338490.2
710544 339336.4
718283.3 339386.1
724137.1 338941.9
733946.9 331438.7
744215.4 329033.8
745622.8 283794.5
716795 282932.1
706835.8 292270.4
705522.3 338490.2
ID 31051
744215.4 329033.8
761581.7 323490.1
768467.2 319603.6
769456.8 317658.8
769989.1 315803
769763 314501.4
769742.3 313475.2
770048.6 312508.2
776290.4 304161.5
769881.8 276538.8
762036.6 274724.0
745622.8 283794.5
744215.4 329033.8
ID 31043
776290.4 304161.5
792258.1 300928.3
795059.2 300833
796167.8 300490.1
797097.7 299306.1
797487.5 298055.2
797607.9 296359.5
797105.2 294793.4
798647.7 282169.4
801361.8 277625.7
769881.8 276538.8
776290.4 304161.5
ID 31179
716795 282932.1
745622.8 283794.5
762036.6 274724.0
762626 255425.8
746476.9 254851.8
717627.9 253953
716795 282932.1
ID 31173
769881.8 276538.8
801361.8 277625.7
800661.9 270768.5
808379.4 252451.3
785199.2 248020.1
762626 255425.8
762036.6 274724.0
769881.8 276538.8
ID 31157
218346.2 246502.3
221541.9 246310.5
219614.6 212625.7
162873.5 214923.4
164464.3 248612.4
218346.2 246502.3
ID 31119
679076.2 252765.6
717627.9 253953
718813.4 215363.1
680367.8 214190.6
679677.5 233522.7
679076.2 252765.6
ID 31167
746476.9 254851.8
747762.1 216289.9
728417.8 215664.9
718813.4 215363.1
717627.9 253953
746476.9 254851.8
ID 31039
746476.9 254851.8
762626 255425.8
785199.2 248020.1
786378.4 217609.5
757220.5 216586.3
747762.1 216289.9
746476.9 254851.8
ID 31021
808379.4 252451.3
820277.5 232848.9
822692.1 212570.0
795828.8 211510.1
786378.4 217609.5
785199.2 248020.1
808379.4 252451.3
ID 31007
219614.6 212625.7
218596.9 183603.6
217694.2 178858.7
161333.9 181134.5
162202.2 200096.4
162873.5 214923.4
219614.6 212625.7
ID 31141
718813.4 215363.1
728417.8 215664.9
729615.1 175155.4
719994.1 176730.4
700938.9 169290.7
691949.4 175929.0
681045.7 190220.3
680367.8 214190.6
718813.4 215363.1
ID 31037
747762.1 216289.9
757220.5 216586.3
758385.8 184628.3
757175.5 184585.5
756079.3 184257
743829 177719.8
735134.7 175350.9
729615.1 175155.4
728417.8 215664.9
747762.1 216289.9
ID 31053
786378.4 217609.5
795828.8 211510.1
796626.6 193800.3
797495.8 191176.4
798361.8 189227.8
806819.6 179701.9
794982.7 179210.5
758390.5 184491.1
758385.8 184628.3
757220.5 216586.3
786378.4 217609.5
ID 31177
795828.8 211510.1
822692.1 212570.0
835272 193597.6
839486 181149.5
806819.6 179701.9
798361.8 189227.8
797495.8 191176.4
796626.6 193800.3
795828.8 211510.1
ID 31033
279749 181634.1
281219 157447.8
279588.2 133160.4
276861.0 133214.2
215575.9 135304.5
217694.2 178858.7
218596.9 183603.6
279749 181634.1
ID 31105
217694.2 178858.7
215575.9 135304.5
199441.5 135936.0
159214.5 137676.6
161333.9 181134.5
217694.2 178858.7
ID 31101
334093.8 175256.7
382355.5 174388.1
393854 174156.6
394876.4 130721.1
327465.8 132009.5
327710.5 156175.4
334093.8 175256.7
ID 31155
758390.5 184491.1
794982.7 179210.5
807912.8 157165.5
809285.7 141111.2
797277.3 137387.4
797157 140609.6
759786.6 139282.5
758390.5 184491.1
ID 31055
794982.7 179210.5
806819.6 179701.9
839486 181149.5
841772.8 158795
807912.8 157165.5
794982.7 179210.5
ID 31049
281219 157447.8
327710.5 156175.4
327465.8 132009.5
327461.8 131842.0
279588.2 133160.4
281219 157447.8
ID 31153
807912.8 157165.5
841772.8 158795
847780.9 155618.7
847254.6 143010.6
845318.3 144230.1
844688.6 144308.7
833123.2 144500.1
831261.3 144343.2
827634 142832.9
826846 142259.1
825044.5 140436.6
824236.8 139256.3
822993 138186.4
820550.8 136846.9
818328.8 135887.4
817581.5 135983.2
811245.8 139150.3
809990.3 140189.2
809285.7 141111.2
807912.8 157165.5
ID 31135
327461.8 131842.0
327465.8 132009.5
394876.4 130721.1
394554.8 96740.88
386327.4 96893.26
326677 98009.05
326823.1 103784.9
327461.8 131842.0
ID 31025
809285.7 141111.2
809990.3 140189.2
811245.8 139150.3
817581.5 135983.2
818328.8 135887.4
820550.8 136846.9
822993 138186.4
824236.8 139256.3
825044.5 140436.6
826846 142259.1
827634 142832.9
831261.3 144343.2
833123.2 144500.1
844688.6 144308.7
845318.3 144230.1
847254.6 143010.6
851701.2 127114.2
849714.7 113913.3
798325.3 111649.2
797277.3 137387.4
809285.7 141111.2
ID 31109
759786.6 139282.5
797157 140609.6
797277.3 137387.4
798325.3 111649.2
799534.1 82684.89
761488.5 81302.61
760750 100644.3
759582.4 139280.2
759786.6 139282.5
ID 31029
326677 98009.05
386327.4 96893.26
385943.3 58302.71
325736.5 59347.04
325993 69424.32
326677 98009.05
ID 31131
849714.7 113913.3
858262.5 92255.2
863307 85677.9
833103.3 84175.22
799534.1 82684.89
798325.3 111649.2
849714.7 113913.3
ID 31127
833103.3 84175.22
863307 85677.9
864314.7 88100.06
867618.7 85449.75
865907 82141.57
864997.1 81229.31
865552.5 79260.22
871712.7 65926.1
877892.2 60553.64
878119.5 59986.01
878120.2 59788.38
878120.7 59630.28
878127.7 57628.64
878128.8 57313.52
839241 55340.5
834434.1 55197.67
833103.3 84175.22
ID 31067
799534.1 82684.89
800720.6 53769.41
801894.8 24788.57
772736.7 23697.81
763284.9 23369.53
761908.1 62008.5
761488.5 81302.61
799534.1 82684.89
ID 31097
833103.3 84175.22
834434.1 55197.67
800720.6 53769.41
799534.1 82684.89
833103.3 84175.22
ID 31057
385943.3 58302.71
387591.8 58280.4
386944.5 19671.27
379514.6 19751.99
324818.2 20926.71
325736.5 59347.04
385943.3 58302.71
ID 31087
387591.8 58280.4
433971.1 57601.45
435575.6 57598.86
435203.7 19046.18
386944.5 19671.27
387591.8 58280.4
ID 31145
435575.6 57598.86
483197.4 57388.91
483469 18699.39
436911.3 19023.22
435203.7 19046.18
435575.6 57598.86
ID 31065
483197.4 57388.91
491921.7 57505.36
530380.7 57558.99
531376.5 57562.62
531736 18781.63
484815.4 18698.72
483469 18699.39
483197.4 57388.91
ID 31083
531376.5 57562.62
569705.7 57772.55
570108.2 19058.63
531938 18782.39
531736 18781.63
531376.5 57562.62
ID 31061
608155.2 58204.76
608759 19554.08
579663 19177.01
570108.2 19058.63
569705.7 57772.55
608155.2 58204.76
ID 31181
608403.2 58213.3
646249.6 58876.99
646645.9 58879.68
647373.2 20256.66
627699.5 19869.27
608759 19554.08
608155.2 58204.76
608403.2 58213.3
ID 31129
684807.8 59740.94
685105 59745.88
685996.9 21072.05
676588.3 20846.05
647373.2 20256.66
646645.9 58879.68
684807.8 59740.94
ID 31169
723506 60807.13
724620.8 22152.78
685996.9 21072.05
685105 59745.88
723506 60807.13
ID 31095
723506 60807.13
761908.1 62008.5
763284.9 23369.53
724620.8 22152.78
723506 60807.13
ID 31133
800720.6 53769.41
834434.1 55197.67
839241 55340.5
840539.5 26434.96
821047 25566.61
801894.8 24788.57
800720.6 53769.41
ID 31147
839241 55340.5
878128.8 57313.52
900446.6 29373.88
897751.6 29228.10
859532.2 27315.76
840539.5 26434.96
839241 55340.5
