ID 33
345669.1 311851.7
346417 302832.6
349815.2 250793.4
350006.2 246899.4
352395.8 198483.6
354535 143802.8
357586.1 116711.6
355060.4 101788.5
355006.4 99260.27
355295.6 97553.3
356712 93970.69
357927.3 92892.82
361188.5 90066.78
368942.3 82321.77
369078.3 81999.39
368950 69565.93
378448.9 62645.61
369399.7 41705.06
363764.3 42797.04
361410.6 43217.68
360834.5 43113.87
360155.9 42991.63
360113.7 42984.03
351389.7 39524.96
344574.5 36269.52
342278.3 35174.9
340982.4 34411.66
334483.9 27033.21
333692.6 26017.87
330518.7 21949.16
302855.4 22748.70
302494.9 22759.67
301234.1 22802.25
280989.7 23517.46
278525.7 23608.56
249511.9 24845.62
235148.3 25503.25
228341.2 34639.21
227341.5 39971.1
227311.3 41145.74
236643.3 56528.9
237657.7 68499.74
237628.3 69160.39
236124.9 73773.16
237945 81733.06
240744.2 90963.55
240233.5 95588.1
241050 113631.5
246473 122434.9
256600.9 141355.2
270116.2 184031.1
269100.5 185369.2
268210.4 187594.1
267976.6 196827.6
268166.7 197522.1
268694.7 198520.2
272439.2 202411.1
272712.0 202543.2
273227.2 202792.6
279260.9 204661.8
285430.1 206579.9
292204.5 211802.1
293759 211239.8
296633.5 212376.9
296932.8 212611.4
298316.4 213696.1
298942.3 214187.0
299368.8 214619.9
304834.8 220175.9
305344.4 220694.7
305374.3 220738.4
306870.7 222924.5
310356.0 231977.6
309204.2 235649.5
309007.6 236276.6
307733.8 239065
305390.3 244202.2
303275 247724.8
303112.8 249705.6
310164.4 276022.3
312941.6 279257.7
313978.9 285810
320843.4 304747.5
328986.9 311052.1
329980.8 311440.1
331370.7 310201.6
331669.5 308666.2
331940.8 308205.1
334039.3 306369.6
337909.9 305092
341393.5 304894.4
341978.7 305172.2
345669.1 311851.7
