ID 33007
345669.1 311851.7
346417 302832.6
349815.2 250793.4
350006.2 246899.4
352395.8 198483.6
349860.8 193253.3
324726.2 185131.4
320048.5 190236.0
317838.7 194364.1
315729.8 195550.2
306347.7 200509.2
298398.1 204030.0
292204.5 211802.1
293759 211239.8
296633.5 212376.9
296932.8 212611.4
298316.4 213696.1
298942.3 214187.0
299368.8 214619.9
304834.8 220175.9
305344.4 220694.7
305374.3 220738.4
306870.7 222924.5
310356.0 231977.6
309204.2 235649.5
309007.6 236276.6
307733.8 239065
305390.3 244202.2
303275 247724.8
303112.8 249705.6
310164.4 276022.3
312941.6 279257.7
313978.9 285810
320843.4 304747.5
328986.9 311052.1
329980.8 311440.1
331370.7 310201.6
331669.5 308666.2
331940.8 308205.1
334039.3 306369.6
337909.9 305092
341393.5 304894.4
341978.7 305172.2
345669.1 311851.7
ID 33003
352395.8 198483.6
354535 143802.8
357586.1 116711.6
354183.9 112408.8
344867.7 112009.1
343533.2 119341.8
340656.5 115586.0
332772.7 119174.7
316353.7 134690.5
310813.6 140542.8
309900.2 144007.6
308199.6 154769.6
324478.9 157302.9
325619.6 174358.0
322324.7 183956.6
320048.5 190236.0
324726.2 185131.4
349860.8 193253.3
352395.8 198483.6
ID 33009
285430.1 206579.9
292204.5 211802.1
298398.1 204030.0
306347.7 200509.2
315729.8 195550.2
317838.7 194364.1
320048.5 190236.0
322324.7 183956.6
325619.6 174358.0
324478.9 157302.9
308199.6 154769.6
309900.2 144007.6
310813.6 140542.8
311646.1 133006.2
300950.7 128970.6
295065.1 118148.3
290363.9 117907.3
285243.1 123501.2
281781.9 119401.8
278291.2 114284.7
273261.3 115200
264463.2 117125.7
256015.2 120742.1
246473 122434.9
256600.9 141355.2
270116.2 184031.1
269100.5 185369.2
268210.4 187594.1
267976.6 196827.6
268166.7 197522.1
268694.7 198520.2
272439.2 202411.1
272712.0 202543.2
273227.2 202792.6
279260.9 204661.8
285430.1 206579.9
ID 33001
310813.6 140542.8
316353.7 134690.5
332772.7 119174.7
340656.5 115586.0
338363.6 112597.4
339500 104475.8
341062.7 95200.07
334967.2 87261.95
325919.5 94093.35
309687.5 105828.4
305364.1 103844.8
304393.5 104232.0
299110.1 111290.5
298091.8 112837.9
295065.1 118148.3
300950.7 128970.6
311646.1 133006.2
310813.6 140542.8
ID 33017
340656.5 115586.0
343533.2 119341.8
344867.7 112009.1
354183.9 112408.8
357586.1 116711.6
355060.4 101788.5
355006.4 99260.27
355295.6 97553.3
356712 93970.69
357927.3 92892.82
361188.5 90066.78
368942.3 82321.77
369078.3 81999.39
368950 69565.93
365368.6 65554.98
364427.4 64783.88
348343.7 64794.53
352065.8 71080.94
334048.9 86088.97
334967.2 87261.95
341062.7 95200.07
339500 104475.8
338363.6 112597.4
340656.5 115586.0
ID 33013
295065.1 118148.3
298091.8 112837.9
299110.1 111290.5
304393.5 104232.0
305364.1 103844.8
309687.5 105828.4
325919.5 94093.35
334967.2 87261.95
334048.9 86088.97
322375.5 56576.66
312543.3 60917.32
299905.7 72493.16
279961.3 78596.67
272172.3 76470.06
269544.3 80355.32
267620.4 83952.52
265661.0 91463.8
269214.1 101192.6
278291.2 114284.7
281781.9 119401.8
285243.1 123501.2
290363.9 117907.3
295065.1 118148.3
ID 33019
246473 122434.9
256015.2 120742.1
264463.2 117125.7
273261.3 115200
278291.2 114284.7
269214.1 101192.6
265661.0 91463.8
267620.4 83952.52
269544.3 80355.32
272172.3 76470.06
269773.3 69918.28
258358.9 70328.16
258806.9 72239.07
260174 75872.9
245880.9 73854.3
243555.2 73156.03
242607.3 70460.99
237766 70900.32
236124.9 73773.16
237945 81733.06
240744.2 90963.55
240233.5 95588.1
241050 113631.5
246473 122434.9
ID 33015
378448.9 62645.61
369399.7 41705.06
363764.3 42797.04
361410.6 43217.68
360834.5 43113.87
360155.9 42991.63
360113.7 42984.03
351389.7 39524.96
344574.5 36269.52
342278.3 35174.9
340982.4 34411.66
334483.9 27033.21
325810.7 30281.19
319487.5 36784.54
318367.2 43300.95
317579.5 47864.5
322375.5 56576.66
334048.9 86088.97
352065.8 71080.94
348343.7 64794.53
364427.4 64783.88
365368.6 65554.98
368950 69565.93
378448.9 62645.61
ID 33011
272172.3 76470.06
279961.3 78596.67
299905.7 72493.16
312543.3 60917.32
322375.5 56576.66
317579.5 47864.5
318367.2 43300.95
319487.5 36784.54
325810.7 30281.19
334483.9 27033.21
333692.6 26017.87
330518.7 21949.16
302855.4 22748.70
302494.9 22759.67
301234.1 22802.25
280989.7 23517.46
278525.7 23608.56
277244.5 32094.26
272300.7 49365.8
267705.8 49490.08
268093 57716.47
269773.3 69918.28
272172.3 76470.06
ID 33005
236124.9 73773.16
237766 70900.32
242607.3 70460.99
243555.2 73156.03
245880.9 73854.3
260174 75872.9
258806.9 72239.07
258358.9 70328.16
269773.3 69918.28
268093 57716.47
267705.8 49490.08
272300.7 49365.8
277244.5 32094.26
278525.7 23608.56
249511.9 24845.62
235148.3 25503.25
228341.2 34639.21
227341.5 39971.1
227311.3 41145.74
236643.3 56528.9
237657.7 68499.74
237628.3 69160.39
236124.9 73773.16
