ID 34
193318.1 218320.1
190173.9 208392.1
188352.8 205573.3
178661.6 201079.2
178661.2 201079.3
176972.3 201342.3
176554.3 201295.5
176294.8 201045.4
175190.2 199622.6
174816.0 195500.2
174760.8 194892.8
174638 193541.6
174152.6 191796.8
173865.8 191418.3
173323.8 191522.6
172730.3 191636.8
171289.3 190566.3
171054.5 189755.1
171502.1 187387.1
169706.5 185052.7
169639.8 184966.1
169270.0 183766.0
169707.2 181924.1
170192.7 181137
172332.0 180377.0
172364.2 180360.8
185957.6 177754.2
190889.3 182054.3
190876.7 182290.9
191204.9 182529.5
191793.3 182402.5
192765.5 181676.2
194259.8 178520.4
194890.7 170918.3
194906.4 168287
194889.2 168093.8
194423.4 162883.7
194076.0 160665.2
193115.1 156025.0
189762.3 140634.1
189280 138657.6
187671.9 129747.8
187227.8 127291.3
186143.8 119717.9
185029.0 107387.7
184537.1 103283.4
184366.2 102895.0
180728.9 95096.67
172300.2 80133.12
169143.4 75590.01
166064.9 73594.08
146288.2 51708.69
141549.3 47239.27
140118.2 45665.5
138230.3 43023.32
135188.8 38473.58
131465.6 31821.24
131380.2 31498.30
131421.6 31396.13
131482.1 31246.96
125860.8 21098.65
122330.2 16262.51
118341.3 12063.39
113548.3 10718.33
112407.2 10655.18
109816.9 10964.87
109487.8 11212.87
109082.5 11987.24
110558.1 18739.19
111076.4 20332.36
112052.4 22497.58
115078.6 28283.99
115592.8 29544.34
116052.6 31137.76
116640.6 34514.81
116539.5 36202.37
114990.7 37998.61
114190.0 38277.7
97554.95 42143.26
92119.68 44761.59
81946.4 50940.05
73297.28 58647.83
72932.65 59261.4
71943.49 61249.14
59326.98 86285.74
59051.29 88952.5
63388.55 95153.9
68776.21 104850.1
71642.89 107908.9
89221.37 114869.3
93529.94 118734.6
102452.5 128693.8
109495.2 135030.5
130888.9 145860.3
112738.3 167476.8
112291.3 167903.8
105456.6 174441.2
102121.9 188085.3
91514.04 195433.8
91034.58 197318.1
90712.76 198406.2
90506 206529.8
91183.3 213202.0
93312 216085.2
93982.5 216151.3
95184.22 215742.5
96447.74 215619.9
98647 217528.6
103354.6 225138
103549.6 225776.6
103426.9 226486.9
97779.66 237213.1
110473.5 251519.1
110158.2 252194.8
114474.5 255974.2
117939.9 260698.8
119199 263793.7
119452.3 265580.5
119210.1 266026.5
119684.5 267436.4
121654.0 271394.1
122354.2 272492.4
125231.7 276008
128093.8 277936.3
133691.4 280256.4
161286.1 263130.9
172289.6 256447.9
174063.9 255448.1
200984.9 240413.2
199030.8 231558.3
197750.7 227607.8
193318.1 218320.1
