ID 34037
161286.1 263130.9
149764.7 250096.9
127431.7 230799.1
110473.5 251519.1
110158.2 252194.8
114474.5 255974.2
117939.9 260698.8
119199 263793.7
119452.3 265580.5
119210.1 266026.5
119684.5 267436.4
121654.0 271394.1
122354.2 272492.4
125231.7 276008
128093.8 277936.3
133691.4 280256.4
161286.1 263130.9
ID 34031
172289.6 256447.9
174063.9 255448.1
169298.9 243030.4
176805.2 238131.2
179788.5 234855.6
181159.8 231846.5
183123.1 225375.8
183109 224765.0
181700.6 220916.8
181208.9 220621.8
169205.8 229182
166800.0 240866.3
161540.3 242011.0
156376.3 243463.3
149764.7 250096.9
161286.1 263130.9
172289.6 256447.9
ID 34003
174063.9 255448.1
200984.9 240413.2
199030.8 231558.3
197750.7 227607.8
193318.1 218320.1
179742.8 216889
181208.9 220621.8
181700.6 220916.8
183109 224765.0
183123.1 225375.8
181159.8 231846.5
179788.5 234855.6
176805.2 238131.2
169298.9 243030.4
174063.9 255448.1
ID 34027
149764.7 250096.9
156376.3 243463.3
161540.3 242011.0
166800.0 240866.3
169205.8 229182
160819.4 211607.3
153314.2 204371.7
148004.2 201584.2
145861.6 211700.5
145887.3 212377.8
145516.4 213477.3
145288.5 213677.3
130927.4 209463.3
117094.9 217047.1
127431.7 230799.1
149764.7 250096.9
ID 34041
110473.5 251519.1
127431.7 230799.1
117094.9 217047.1
115817.7 215170.7
110661.6 209247.2
109847.6 208542.4
104080.3 205036.8
94025.5 198014.5
91514.04 195433.8
91034.58 197318.1
90712.76 198406.2
90506 206529.8
91183.3 213202.0
93312 216085.2
93982.5 216151.3
95184.22 215742.5
96447.74 215619.9
98647 217528.6
103354.6 225138
103549.6 225776.6
103426.9 226486.9
97779.66 237213.1
110473.5 251519.1
ID 34013
169205.8 229182
181208.9 220621.8
179742.8 216889
180739.5 204501.3
160819.4 211607.3
169205.8 229182
ID 34017
193318.1 218320.1
190173.9 208392.1
188352.8 205573.3
178661.6 201079.2
180739.5 204501.3
179742.8 216889
193318.1 218320.1
ID 34039
160819.4 211607.3
180739.5 204501.3
178661.6 201079.2
178661.2 201079.3
176972.3 201342.3
176554.3 201295.5
176294.8 201045.4
175190.2 199622.6
174816.0 195500.2
171345.3 196174
170439.2 196393.5
166637.4 197139.1
155315.5 195823.2
153131.7 196010.7
153314.2 204371.7
160819.4 211607.3
ID 34035
153314.2 204371.7
153131.7 196010.7
149475.2 194500
148848.7 194011.5
147951 192601.7
147900.0 191780.1
149502.4 189041.1
151181.6 186933.9
152667.2 186026.9
152196 183352.7
141619.8 172120.9
140362.0 171211.9
139856.6 171168.3
139556.7 172212.3
137172.1 173015.4
131122.8 171218.4
128919.7 176658.7
128601.5 177454.0
126703.6 185539.4
129419.3 190975.4
130218.9 191760.2
132765.2 198506.1
131713.3 207713.4
131344.6 208957.9
130927.4 209463.3
145288.5 213677.3
145516.4 213477.3
145887.3 212377.8
145861.6 211700.5
148004.2 201584.2
153314.2 204371.7
ID 34019
117094.9 217047.1
130927.4 209463.3
131344.6 208957.9
131713.3 207713.4
132765.2 198506.1
130218.9 191760.2
129419.3 190975.4
126703.6 185539.4
128601.5 177454.0
128919.7 176658.7
123968.5 174937.1
119800.2 168036.8
113533.8 167308.2
112738.3 167476.8
112291.3 167903.8
105456.6 174441.2
102121.9 188085.3
91514.04 195433.8
94025.5 198014.5
104080.3 205036.8
109847.6 208542.4
110661.6 209247.2
115817.7 215170.7
117094.9 217047.1
ID 34023
174816.0 195500.2
174760.8 194892.8
174638 193541.6
174152.6 191796.8
173865.8 191418.3
173323.8 191522.6
172730.3 191636.8
171289.3 190566.3
171054.5 189755.1
171502.1 187387.1
169706.5 185052.7
169639.8 184966.1
169270.0 183766.0
169707.2 181924.1
170192.7 181137
172332.0 180377.0
172364.2 180360.8
151335.9 157627.4
139856.6 171168.3
140362.0 171211.9
141619.8 172120.9
152196 183352.7
152667.2 186026.9
151181.6 186933.9
149502.4 189041.1
147900.0 191780.1
147951 192601.7
148848.7 194011.5
149475.2 194500
153131.7 196010.7
155315.5 195823.2
166637.4 197139.1
170439.2 196393.5
171345.3 196174
174816.0 195500.2
ID 34025
172364.2 180360.8
185957.6 177754.2
190889.3 182054.3
190876.7 182290.9
191204.9 182529.5
191793.3 182402.5
192765.5 181676.2
194259.8 178520.4
194890.7 170918.3
194906.4 168287
194889.2 168093.8
194423.4 162883.7
194076.0 160665.2
193115.1 156025.0
189762.3 140634.1
178507.0 141414.9
175762.4 141972.3
170076.6 148283.5
157946.9 148649.6
145454.8 138299.5
142509.8 144851.9
140334.6 149794.9
145285.8 151896.6
151566.4 156501.5
151617.7 156749.3
151335.9 157627.4
172364.2 180360.8
ID 34029
145454.8 138299.5
157946.9 148649.6
170076.6 148283.5
175762.4 141972.3
178507.0 141414.9
189762.3 140634.1
189280 138657.6
187671.9 129747.8
187227.8 127291.3
186143.8 119717.9
185029.0 107387.7
184537.1 103283.4
184366.2 102895.0
180728.9 95096.67
172300.2 80133.12
169143.4 75590.01
166064.9 73594.08
156958.8 80383.85
158544.9 82093.08
159412.1 84654.77
159437.7 104359.6
146542.9 135823.8
145454.8 138299.5
ID 34001
166064.9 73594.08
146288.2 51708.69
118858.6 54502.78
108291.9 75764.71
117612.3 86121.24
129744.4 99547.47
130770.4 98696.98
134930.2 95254.79
139579.4 88028.19
146333.4 82891.86
148224.2 81801.69
151726.8 80276.55
156958.8 80383.85
166064.9 73594.08
ID 34009
118858.6 54502.78
146288.2 51708.69
141549.3 47239.27
140118.2 45665.5
138230.3 43023.32
135188.8 38473.58
131465.6 31821.24
131380.2 31498.30
131421.6 31396.13
131482.1 31246.96
125860.8 21098.65
122330.2 16262.51
118341.3 12063.39
113548.3 10718.33
112407.2 10655.18
109816.9 10964.87
109487.8 11212.87
109082.5 11987.24
110558.1 18739.19
111076.4 20332.36
112052.4 22497.58
115078.6 28283.99
115592.8 29544.34
116052.6 31137.76
116640.6 34514.81
116539.5 36202.37
114990.7 37998.61
114190.0 38277.7
118858.6 54502.78
ID 34033
68776.21 104850.1
101728.2 81784.17
100541.1 72177.34
100002.2 69993.72
99757.83 69473.51
86450.59 80836.97
75271.24 69474.32
71943.49 61249.14
59326.98 86285.74
59051.29 88952.5
63388.55 95153.9
68776.21 104850.1
ID 34011
118858.6 54502.78
114190.0 38277.7
97554.95 42143.26
92119.68 44761.59
81946.4 50940.05
73297.28 58647.83
72932.65 59261.4
71943.49 61249.14
75271.24 69474.32
86450.59 80836.97
99757.83 69473.51
100002.2 69993.72
100541.1 72177.34
101728.2 81784.17
108291.9 75764.71
118858.6 54502.78
ID 34021
128919.7 176658.7
131122.8 171218.4
137172.1 173015.4
139556.7 172212.3
139856.6 171168.3
151335.9 157627.4
151617.7 156749.3
151566.4 156501.5
145285.8 151896.6
140334.6 149794.9
142509.8 144851.9
130888.9 145860.3
112738.3 167476.8
113533.8 167308.2
119800.2 168036.8
123968.5 174937.1
128919.7 176658.7
ID 34005
130888.9 145860.3
142509.8 144851.9
145454.8 138299.5
146542.9 135823.8
159437.7 104359.6
159412.1 84654.77
158544.9 82093.08
156958.8 80383.85
151726.8 80276.55
148224.2 81801.69
146333.4 82891.86
139579.4 88028.19
134930.2 95254.79
130770.4 98696.98
129744.4 99547.47
102452.5 128693.8
109495.2 135030.5
130888.9 145860.3
ID 34007
93529.94 118734.6
102452.5 128693.8
129744.4 99547.47
117612.3 86121.24
108927.1 96731.76
100061.7 112181.7
96316.75 116403.9
93529.94 118734.6
ID 34015
89221.37 114869.3
93529.94 118734.6
96316.75 116403.9
100061.7 112181.7
108927.1 96731.76
117612.3 86121.24
108291.9 75764.71
101728.2 81784.17
68776.21 104850.1
71642.89 107908.9
89221.37 114869.3
