ID 35
789106 670415.9
790968.4 614941.3
787533 612394.1
788117.8 594605.3
789167.2 565409.9
790272 530336.8
790678 517373.1
792186.6 468606.6
792992 443184.1
793704 420237.8
795124.7 372001.2
795164.3 370871.7
796512.5 317824.5
796898.8 289613.8
797145.2 269387.9
797851.1 221722.9
799306.6 173243.7
800775.8 124963.5
801051.9 115362.3
798757 115287.6
793413.1 115135.6
786755 114950.1
781839.8 114809.0
776274.8 114645.2
738807.8 113683.6
714485.6 113133.0
710294.8 113033.1
632494.2 111779.8
625830.9 111697.0
523809 111152.9
488013.9 111039.3
467371.9 111005.4
467059.5 111003.7
467016.3 111001.3
467010.2 110981.2
465525.1 106046.6
465386.7 105208.7
464249.3 95472.56
464441.1 94993.24
465490.4 93904.64
473620.6 86941.74
400858.3 87368.96
314514.2 88543.89
313937.6 57070.91
313603.7 38617.68
252434.4 39762.68
251489.7 39786.59
243915.0 39977.69
233493.8 40249.56
236827.5 161590.6
237929.3 200550.9
239191.5 248413.3
240951.0 311574.6
243433.6 400461.6
244637.3 442677.5
247906.2 558389.6
251187.0 669022.6
310480.3 667529.9
390369.6 666176.4
395783.5 666111.6
433194.7 665734.4
444830.7 664809.2
467318.8 664752.7
479878.5 664769.7
521661.6 664981
547315.7 665141.2
591625.5 665429.3
597461.9 665513.3
611216.4 665452.4
635119.4 665820.1
699581.1 667403.4
781635.9 670137.5
789106 670415.9
