ID 35045
310480.3 667529.9
390369.6 666176.4
395783.5 666111.6
392640.2 660889.2
379762.8 647931.4
377885.7 643506.2
376818.3 614495.7
376624.2 605937
376446.0 579775.2
375898 555424.7
334176.4 556361.4
247906.2 558389.6
251187.0 669022.6
310480.3 667529.9
ID 35039
395783.5 666111.6
433194.7 665734.4
444830.7 664809.2
467318.8 664752.7
479878.5 664769.7
521661.6 664981
523487.7 657532.6
523951 645573.6
525492.2 621897.4
526715.8 615453.1
527769.9 608620.7
527927.1 606378.3
526605.5 595449.1
526026.4 593857
524970.4 592781.3
522299.1 591401
520094.5 591043.4
518990.2 590650.1
517427.4 588359.4
517212 587479.8
535332.3 580151.2
543847.1 569196.9
544960.2 567455.2
546291.5 565745
564867 556196.3
548031.8 552287.5
548073.8 554905.8
516358.2 554752.6
516627.6 553352.6
517494.6 553342.8
517665.4 552927.4
517674.2 546851.2
500411.6 546849.8
500185 550777.8
500312.8 551561.5
500248.6 554680.9
442726.4 554584.9
442724.6 567779.5
442909.4 578728.2
411180.6 578970.3
376446.0 579775.2
376624.2 605937
376818.3 614495.7
377885.7 643506.2
379762.8 647931.4
392640.2 660889.2
395783.5 666111.6
ID 35055
547315.7 665141.2
591625.5 665429.3
592012.8 658670.8
591205.1 640950.5
586187.5 635209.1
583190.6 633733.8
580540.1 632167.2
578633.7 630467
578332.5 622348.7
578798.1 616415.3
580724.9 605452.3
581687.8 583992.4
564867 556196.3
546291.5 565745
544960.2 567455.2
543847.1 569196.9
535332.3 580151.2
517212 587479.8
517427.4 588359.4
518990.2 590650.1
520094.5 591043.4
522299.1 591401
524970.4 592781.3
526026.4 593857
526605.5 595449.1
527927.1 606378.3
527769.9 608620.7
526715.8 615453.1
525492.2 621897.4
523951 645573.6
523487.7 657532.6
521661.6 664981
547315.7 665141.2
ID 35007
597461.9 665513.3
611216.4 665452.4
635119.4 665820.1
699581.1 667403.4
701501.3 581031.1
663065.2 580309.7
624474.4 579588.3
624438.3 584376.5
581687.8 583992.4
580724.9 605452.3
578798.1 616415.3
578332.5 622348.7
578633.7 630467
580540.1 632167.2
583190.6 633733.8
586187.5 635209.1
591205.1 640950.5
592012.8 658670.8
591625.5 665429.3
597461.9 665513.3
ID 35059
781635.9 670137.5
789106 670415.9
790968.4 614941.3
787533 612394.1
788117.8 594605.3
789167.2 565409.9
790272 530336.8
760078.8 529481.6
759238.1 558183.5
760059.4 560258.6
759848.5 567951.1
721170 566823.4
720954.4 576613.7
701607.1 576201.8
701501.3 581031.1
699581.1 667403.4
781635.9 670137.5
ID 35043
376446.0 579775.2
411180.6 578970.3
442909.4 578728.2
442724.6 567779.5
442726.4 554584.9
500248.6 554680.9
500312.8 551561.5
500185 550777.8
498715.4 551148.8
495455 550910.2
487696.8 549261.1
486489.3 546124.4
484749.4 534554.2
485437.1 533540.7
486380.8 533173.7
488038.4 533217.1
489836.6 533584.1
490340.3 534130
493230 533114.3
497052.7 531426.1
498549.9 530049.7
500157.4 527384.3
500438.8 467429.1
490013.8 467695.8
468251 467806.3
453281.5 467893.6
435100.7 468038.4
413864.3 468314.2
403599.3 477945.3
404594 554885.4
375898 555424.7
376446.0 579775.2
ID 35043
500157.5 536670.3
499947.5 536956.5
497558.9 538449.3
500143.9 538520.7
500157.5 536670.3
ID 35031
247906.2 558389.6
334176.4 556361.4
375898 555424.7
404594 554885.4
403599.3 477945.3
382327.7 478020.2
374650.3 478254.1
365022 478411.7
298231.4 479861.6
298197.1 478324.4
297309.1 441272.9
244637.3 442677.5
247906.2 558389.6
ID 35033
581687.8 583992.4
624438.3 584376.5
624474.4 579588.3
663065.2 580309.7
670210 531898.5
635566 530877.9
612467.6 529861.8
603106.6 533673.6
581673.7 540468.4
547834.6 540332
548031.8 552287.5
564867 556196.3
581687.8 583992.4
ID 35021
663065.2 580309.7
701501.3 581031.1
701607.1 576201.8
720954.4 576613.7
721170 566823.4
759848.5 567951.1
760059.4 560258.6
759238.1 558183.5
760078.8 529481.6
759971.1 519754.3
760737.6 491508.8
759821 490591.3
737389.7 489943.3
737291.8 493526.7
729351.7 493343.5
705462.6 534896.6
692071.3 532379.6
670210 531898.5
663065.2 580309.7
ID 35049
500411.6 546849.8
517674.2 546851.2
517665.4 552927.4
517494.6 553342.8
516627.6 553352.6
516358.2 554752.6
548073.8 554905.8
548031.8 552287.5
547834.6 540332
548857.7 448315.8
500549.1 448016.6
500438.8 467429.1
500157.4 527384.4
500157.5 536670.3
500143.9 538520.7
500411.6 546849.8
ID 35028
500185 550777.8
500411.6 546849.8
500143.9 538520.7
497558.9 538449.3
499947.5 536956.5
500157.5 536670.3
500157.4 527384.4
498549.9 530049.7
497052.7 531426.1
493230 533114.3
490340.3 534130
489836.6 533584.1
488038.4 533217.1
486380.8 533173.7
485437.1 533540.7
484749.4 534554.2
486489.3 546124.4
487696.8 549261.1
495455 550910.2
498715.4 551148.8
500185 550777.8
ID 35047
547834.6 540332
581673.7 540468.4
603106.6 533673.6
612467.6 529861.8
635566 530877.9
670210 531898.5
692071.3 532379.6
705462.6 534896.6
729351.7 493343.5
737291.8 493526.7
737389.7 489943.3
737833.5 473426.1
717758.3 473066.1
717684.8 475494.5
693661.4 461414.6
693424.4 469567.6
587274.6 467994.7
587503.7 448664.1
548857.7 448315.8
547834.6 540332
ID 35037
760078.8 529481.6
790272 530336.8
790678 517373.1
792186.6 468606.6
792992 443184.1
774744.8 442620.3
753744.8 422509.3
733146.1 412407.4
730395.4 402591.1
711073.4 402169.2
694554.7 401828.2
694097.4 421144.0
693886.3 431306.3
693857 451018.3
693661.4 461414.6
717684.8 475494.5
717758.3 473066.1
737833.5 473426.1
737389.7 489943.3
759821 490591.3
760737.6 491508.8
759971.1 519754.3
760078.8 529481.6
ID 35006
413864.3 468314.2
425413.3 439129.8
412983.5 439337.2
412436.9 397267.7
364684 397758.8
358445.5 398002.8
327915.8 398661.2
305978.7 398884.7
243433.6 400461.6
244637.3 442677.5
297309.1 441272.9
298197.1 478324.4
298231.4 479861.6
365022 478411.7
374650.3 478254.1
382327.7 478020.2
403599.3 477945.3
413864.3 468314.2
ID 35001
413864.3 468314.2
435100.7 468038.4
453281.5 467893.6
468251 467806.3
490013.8 467695.8
500438.8 467429.1
500549.1 448016.6
500560.2 438393.1
509125.9 438415
509181 429181.4
501885.4 429048.7
485283 429193.5
484967.2 431631.2
484155.6 432661.5
483359.7 432858.9
460155.3 433250
457606.4 430402.5
456984 429260.4
429165.9 429455.5
425413.3 439129.8
413864.3 468314.2
ID 35019
693661.4 461414.6
693857 451018.3
693886.3 431306.3
694097.4 421144.0
674830.4 420719
671648.5 411044.4
665564.6 401220.1
624551.2 400534.4
624951.4 371975.6
586207 371507.8
585971 400385.5
588034.8 400447.1
587503.7 448664.1
587274.6 467994.7
693424.4 469567.6
693661.4 461414.6
ID 35061
425413.3 439129.8
429165.9 429455.5
456984 429260.4
457606.4 430402.5
460155.3 433250
483359.7 432858.9
484155.6 432661.5
484967.2 431631.2
485283 429193.5
480372.5 422443.2
479724.9 400208.9
479804.7 390481.1
484624.8 390527.4
484654.2 381446.7
477113.6 383112.7
451985.8 391928.6
441966.5 397107.4
439396 397256.9
412436.9 397267.7
412983.5 439337.2
425413.3 439129.8
ID 35057
548857.7 448315.8
587503.7 448664.1
588034.8 400447.1
585971 400385.5
586207 371507.8
586272.4 361895.5
530026.3 361544.1
484725.3 361472.2
484654.2 381446.7
484624.8 390527.4
479804.7 390481.1
479724.9 400208.9
480372.5 422443.2
485283 429193.5
501885.4 429048.7
509181 429181.4
509125.9 438415
500560.2 438393.1
500549.1 448016.6
548857.7 448315.8
ID 35003
364684 397758.8
364403.4 389107.6
364114 362452.1
364957.6 362448.8
364331.4 293801.3
364052.7 275595.1
337294.8 276133.5
336780.2 245469.7
294871.7 246198.2
286168.2 247143.1
276556.8 247527.0
239191.5 248413.3
240951.0 311574.6
243433.6 400461.6
305978.7 398884.7
327915.8 398661.2
358445.5 398002.8
364684 397758.8
ID 35009
792992 443184.1
793704 420237.8
795124.7 372001.2
795164.3 370871.7
731061.5 369122.6
730395.4 402591.1
733146.1 412407.4
753744.8 422509.3
774744.8 442620.3
792992 443184.1
ID 35053
412436.9 397267.7
439396 397256.9
441966.5 397107.4
451985.8 391928.6
477113.6 383112.7
484654.2 381446.7
484725.3 361472.2
530026.3 361544.1
529947.2 332708.8
530113.1 313351.9
518253 313357.8
518291.3 293886.8
509269.1 293844.9
508467.1 294110.9
498286 294981.2
488506.6 294997.5
488561.4 275002.1
478447 274532.4
465094.7 274512.2
435615.6 274739.3
425310.1 275073.0
364052.7 275595.1
364331.4 293801.3
364957.6 362448.8
364114 362452.1
364403.4 389107.6
364684 397758.8
412436.9 397267.7
ID 35011
694097.4 421144.0
694554.7 401828.2
711073.4 402169.2
711772.6 369820.1
712192.9 363879.9
712653.2 344231.8
693276.1 343874.6
693436.8 334121.8
673175.7 333770.0
635246.5 333626.3
635080.7 343356.5
625215.1 343278.9
624951.4 371975.6
624551.2 400534.4
665564.6 401220.1
671648.5 411044.4
674830.4 420719
694097.4 421144.0
ID 35041
730395.4 402591.1
731061.5 369122.6
795164.3 370871.7
796512.5 317824.5
796898.8 289613.8
754389.6 288356.8
754184.2 298002.3
734839.5 297393.1
734529.9 315499.2
722944.2 315215.7
722286.9 344332.1
712653.2 344231.8
712192.9 363879.9
711772.6 369820.1
711073.4 402169.2
730395.4 402591.1
ID 35027
586207 371507.8
624951.4 371975.6
625215.1 343278.9
625473.3 314001.0
625675.9 314000.5
625787.6 313750.8
626203.8 272595.8
625418.7 237928.8
615997.3 237292.9
587065.4 236801.3
586693.4 255972.1
548799.8 255679
548623.1 265181.5
523206.8 264989.4
491083.5 265095.8
488561.4 275002.1
488506.6 294997.5
498286 294981.2
508467.1 294110.9
509269.1 293844.9
518291.3 293886.8
518253 313357.8
530113.1 313351.9
529947.2 332708.8
530026.3 361544.1
586272.4 361895.5
586207 371507.8
ID 35005
712653.2 344231.8
722286.9 344332.1
722944.2 315215.7
734529.9 315499.2
734839.5 297393.1
754184.2 298002.3
754389.6 288356.8
734843 287795.3
731062 268367.8
732203.6 220635.5
727690.7 220526.8
631701 218563.2
632279 169476.8
631386.7 169442.9
607048.9 169169.4
603424.4 168929.4
584187.4 168742.2
583979.3 208258
585573.1 217903.8
586647.1 224210.4
587065.4 236801.3
615997.3 237292.9
625418.7 237928.8
626203.8 272595.8
625787.6 313750.8
625675.9 314000.5
625473.3 314001.0
625215.1 343278.9
635080.7 343356.5
635246.5 333626.3
673175.7 333770.0
693436.8 334121.8
693276.1 343874.6
712653.2 344231.8
ID 35051
364052.7 275595.1
425310.1 275073.0
435615.6 274739.3
465094.7 274512.2
478447 274532.4
488561.4 275002.1
491083.5 265095.8
491550.9 227609.8
440276.6 202286.9
440259.3 197459.1
401697.4 197873.2
401497.7 178495.4
372509.7 178806.8
362322.4 180854.8
360706.1 181862.4
360790.5 183082.1
361609.2 185130.4
362535.5 191758.9
362510.5 196453.9
362158.4 198100.5
351683.1 242472.1
351426 243338.5
350053.8 245180
349278.2 245322.2
336780.2 245469.7
337294.8 276133.5
364052.7 275595.1
ID 35017
239191.5 248413.3
276556.8 247527.0
286168.2 247143.1
294871.7 246198.2
336780.2 245469.7
349278.2 245322.2
350053.8 245180
351426 243338.5
351683.1 242472.1
362158.4 198100.5
362510.5 196453.9
362535.5 191758.9
361609.2 185130.4
360790.5 183082.1
360706.1 181862.4
362322.4 180854.8
372509.7 178806.8
342919 179117.7
342767.2 169458.1
314033.5 169918.7
313073.1 121448.7
313783.4 115598.5
313978.0 103929.2
313842.3 97486.2
284735.2 98010.67
284319.1 132952.4
285108.9 170470.7
275049.9 180328.5
255641.3 180790
255991.9 200057.0
237929.3 200550.9
239191.5 248413.3
ID 35035
491083.5 265095.8
523206.8 264989.4
548623.1 265181.5
548799.8 255679
586693.4 255972.1
587065.4 236801.3
586647.1 224210.4
585573.1 217903.8
583979.3 208258
584187.4 168742.2
603424.4 168929.4
607048.9 169169.4
631386.7 169442.9
631806 139799.4
632147.8 139796.6
632494.2 111779.8
625830.9 111697.0
523809 111152.9
488013.9 111039.3
488163.1 217094.6
491517.7 217125.5
491550.9 227609.8
491083.5 265095.8
ID 35025
796898.8 289613.8
797145.2 269387.9
797851.1 221722.9
799306.6 173243.7
800775.8 124963.5
801051.9 115362.3
798757 115287.6
793413.1 115135.6
786755 114950.1
781839.8 114809.0
776274.8 114645.2
738807.8 113683.6
737434.7 171627.8
728880.7 171415
727690.7 220526.8
732203.6 220635.5
731062 268367.8
734843 287795.3
754389.6 288356.8
796898.8 289613.8
ID 35023
237929.3 200550.9
255991.9 200057.0
255641.3 180790
275049.9 180328.5
285108.9 170470.7
284319.1 132952.4
284735.2 98010.67
313842.3 97486.2
314514.2 88543.89
313937.6 57070.91
313603.7 38617.68
252434.4 39762.68
251489.7 39786.59
243915.0 39977.69
233493.8 40249.56
236827.5 161590.6
237929.3 200550.9
ID 35013
491550.9 227609.8
491517.7 217125.5
488163.1 217094.6
488013.9 111039.3
467371.9 111005.4
467059.5 111003.7
467016.3 111001.3
467010.2 110981.2
465525.1 106046.6
465386.7 105208.7
464249.3 95472.56
464441.1 94993.24
465490.4 93904.64
473620.6 86941.74
400858.3 87368.96
401497.7 178495.4
401697.4 197873.2
440259.3 197459.1
440276.6 202286.9
491550.9 227609.8
ID 35015
631386.7 169442.9
632279 169476.8
631701 218563.2
727690.7 220526.8
728880.7 171415
737434.7 171627.8
738807.8 113683.6
714485.6 113133.0
710294.8 113033.1
632494.2 111779.8
632147.8 139796.6
631806 139799.4
631386.7 169442.9
ID 35029
401497.7 178495.4
400858.3 87368.96
314514.2 88543.89
313842.3 97486.2
313978.0 103929.2
313783.4 115598.5
313073.1 121448.7
314033.5 169918.7
342767.2 169458.1
342919 179117.7
372509.7 178806.8
401497.7 178495.4
