ID 32
503305.3 6804449
512941.8 6804387
556316.6 6804759
634911.9 6805540
645182.4 6806174
657639.4 6806440
679656 6806373
697587.5 6806813
717486.3 6807335
720803.7 6696956
723350.4 6598887
723989.9 6575467
725118.3 6535125
727702.3 6439036
728010.3 6427440
729368.4 6380333
730835.5 6319956
732858.5 6252872
733339.2 6235416
733846.5 6216924
733908 6214674
734825.5 6194394
735139.5 6183120
735634.8 6163385
727857 6146210
726944.2 6144635
726809.8 6144522
726533.8 6144292
726471.2 6144239
721124.7 6143187
719361.3 6142996
718863.8 6143014
717599.3 6143607
716637.4 6144222
713908.3 6146951
712880 6148629
712601.8 6149504
712526.6 6149741
712180.8 6150537
710508.6 6152907
707097 6155960
705671 6156808
693782.7 6157597
688492 6157525
683142 6156378
673824.3 6151976
673054 6151331
672110 6150032
672188.6 6149345
673421.4 6138575
677955.8 6107212
681128.5 6088130
685247 6075070
687449.7 6068908
688277.5 6065779
690609.1 6052531
691037.4 6050101
691055 6047834
690822.3 6045128
685638.7 6029853
669720.5 6044816
658491.4 6055417
626568.5 6085499
623590.1 6088292
615529.4 6095848
592132.2 6117959
569263.8 6139402
567946.8 6140637
551236.1 6156389
547215.9 6160160
515992.9 6189623
477524.2 6225825
470193.5 6232779
457737.7 6244434
455540.7 6246496
396850.9 6301860
344928.2 6350585
282523.2 6409574
267925.6 6423296
246141.2 6443811
219267.5 6469185
211301.9 6484390
211404.9 6489412
211525.8 6495290
212073.1 6512034
212792.1 6526326
214090.2 6557116
214392.7 6563594
215884 6595904
216773.1 6617074
216777.6 6617193
217021.1 6623603
217788.8 6643444
219051.6 6684104
220348.6 6719434
223887.2 6809467
276834.6 6807585
279816.3 6807480
325131.6 6806039
373200.2 6805498
470213.6 6804789
470870 6804687
503305.3 6804449
