ID 32031
276834.6 6807585
279816.3 6807480
279123.1 6792229
278191.1 6762624
279473.8 6743061
279133.0 6730972
278177.2 6725747
276637.7 6723198
275947.4 6701527
275819.1 6692669
277514.4 6692611
275744.0 6643526
273583.9 6643535
271777.5 6585881
281526.1 6585681
281442.9 6580914
282548.7 6565686
284142.2 6561959
284202.8 6550114
283234.9 6544658
275305.8 6543872
271500.8 6541721
267688.3 6540285
259129.1 6538685
252641.2 6537955
240175.2 6533690
241069.2 6528288
242767.4 6525537
242044.5 6512673
237073.5 6503871
211525.8 6495290
212073.1 6512034
212792.1 6526326
214090.2 6557116
214392.7 6563594
215884 6595904
216773.1 6617074
216777.6 6617193
217021.1 6623603
217788.8 6643444
219051.6 6684104
220348.6 6719434
223887.2 6809467
276834.6 6807585
ID 32013
279816.3 6807480
325131.6 6806039
373200.2 6805498
470213.6 6804789
470870 6804687
470408.3 6693733
470228.4 6654068
450933.3 6654105
446289.2 6641222
446462.2 6657891
446365.8 6658567
445667.5 6658704
417354.8 6659055
417584.5 6678318
321251.5 6679812
321536.7 6691463
277514.4 6692611
275819.1 6692669
275947.4 6701527
276637.7 6723198
278177.2 6725747
279133.0 6730972
279473.8 6743061
278191.1 6762624
279123.1 6792229
279816.3 6807480
ID 32007
634911.9 6805540
645182.4 6806174
657639.4 6806440
679656 6806373
697587.5 6806813
717486.3 6807335
720803.7 6696956
723350.4 6598887
705866.2 6598364
653381 6597746
634088.4 6597414
614558.5 6597294
597572.5 6597445
570882.6 6597138
556741.4 6596967
545794.7 6644292
543491.2 6654756
543035.5 6657818
542779.6 6693760
506720.1 6693693
470408.3 6693733
470870 6804687
503305.3 6804449
512941.8 6804387
556316.6 6804759
634911.9 6805540
ID 32027
446289.2 6641222
425281.4 6583094
390802.7 6583686
364724.9 6584066
334421.2 6584224
281526.1 6585681
271777.5 6585881
273583.9 6643535
275744.0 6643526
277514.4 6692611
321536.7 6691463
321251.5 6679812
417584.5 6678318
417354.8 6659055
445667.5 6658704
446365.8 6658567
446462.2 6657891
446289.2 6641222
ID 32015
470408.3 6693733
506720.1 6693693
505881.1 6687703
506165.3 6626737
505677.8 6590836
505956.9 6590706
506505.5 6590640
506548.8 6553360
506357.4 6515776
506001.9 6495491
505679.6 6489524
442515.7 6489951
427879.2 6487405
404083.3 6482554
402595.2 6485257
402421.2 6488331
405506.4 6511339
405808.6 6513155
406660.9 6514635
415920.8 6524228
420908.1 6528009
427600.7 6530852
428236.9 6530846
428781.2 6531130
429635.8 6532455
430056.3 6534283
430359.5 6544277
429809.6 6576787
425281.4 6583094
446289.2 6641222
450933.3 6654105
470228.4 6654068
470408.3 6693733
ID 32011
506720.1 6693693
542779.6 6693760
543035.5 6657818
543491.2 6654756
545794.7 6644292
556741.4 6596967
570882.6 6597138
571601 6594525
574597.9 6566760
573280.6 6537833
571666.1 6531237
570084.7 6528340
568507.5 6525977
565659 6522752
565356.1 6520238
565644.7 6489839
505679.6 6489524
506001.9 6495491
506357.4 6515776
506548.8 6553360
506505.5 6590640
505956.9 6590706
505677.8 6590836
506165.3 6626737
505881.1 6687703
506720.1 6693693
ID 32001
425281.4 6583094
429809.6 6576787
430359.5 6544277
430056.3 6534283
429635.8 6532455
428781.2 6531130
428236.9 6530846
427600.7 6530852
420908.1 6528009
415920.8 6524228
406660.9 6514635
405808.6 6513155
405506.4 6511339
402421.2 6488331
402595.2 6485257
404083.3 6482554
396299.2 6480458
319396 6481957
319475.9 6486109
311449.1 6494519
306309.6 6499276
299686.2 6505895
288807.8 6517595
289249.2 6532053
292052.3 6545093
293249.4 6553670
291183.1 6552316
283234.9 6544658
284202.8 6550114
284142.2 6561959
282548.7 6565686
281442.9 6580914
281526.1 6585681
334421.2 6584224
364724.9 6584066
390802.7 6583686
425281.4 6583094
ID 32019
283234.9 6544658
291183.1 6552316
293249.4 6553670
292052.3 6545093
289249.2 6532053
288807.8 6517595
299686.2 6505895
306309.6 6499276
311449.1 6494519
319475.9 6486109
319396 6481957
304170.8 6482218
299879.1 6474516
296432.5 6467930
296196.1 6457712
303812.2 6457573
305294.5 6447906
304717.6 6420055
304359.2 6409005
282523.2 6409574
267925.6 6423296
268023.5 6429258
266628 6439900
263445.9 6445839
261913.7 6449140
259271.9 6458894
259401.9 6462156
261268.5 6470181
263027.4 6473307
267674.2 6473203
270932.5 6473896
271145.0 6484212
250446.8 6485084
250690.3 6485576
250034.9 6496742
249846.5 6497291
242367.0 6497516
239536.5 6499177
237073.5 6503871
242768.4 6505426
257560.7 6512827
275305.8 6543872
283234.9 6544658
ID 32029
275305.8 6543872
257560.7 6512827
242768.4 6505426
237073.5 6503871
242044.5 6512673
242767.4 6525537
241069.2 6528288
240175.2 6533690
252641.2 6537955
259129.1 6538685
267688.3 6540285
271500.8 6541721
275305.8 6543872
ID 32033
570882.6 6597138
597572.5 6597445
614558.5 6597294
634088.4 6597414
653381 6597746
705866.2 6598364
723350.4 6598887
723989.9 6575467
725118.3 6535125
727702.3 6439036
644947.2 6437098
565644.7 6489839
565356.1 6520238
565659 6522752
568507.5 6525977
570084.7 6528340
571666.1 6531237
573280.6 6537833
574597.9 6566760
571601 6594525
570882.6 6597138
ID 32510
211525.8 6495290
237073.5 6503871
239536.5 6499177
242367.0 6497516
249846.5 6497291
250034.9 6496742
250690.3 6485576
250446.8 6485084
233038.3 6485558
232452.7 6487201
221984.6 6489052
211404.9 6489412
211525.8 6495290
ID 32005
211404.9 6489412
221984.6 6489052
232452.7 6487201
233038.3 6485558
250446.8 6485084
271145.0 6484212
270932.5 6473896
267674.2 6473203
263027.4 6473307
261268.5 6470181
259401.9 6462156
259271.9 6458894
261913.7 6449140
263445.9 6445839
266628 6439900
268023.5 6429258
267925.6 6423296
246141.2 6443811
219267.5 6469185
211301.9 6484390
211404.9 6489412
ID 32021
319396 6481957
396299.2 6480458
367505.4 6472703
367358.1 6463726
410618.2 6413687
378001.1 6378627
351814.5 6350145
346225.4 6350268
344928.2 6350585
282523.2 6409574
304359.2 6409005
304717.6 6420055
305294.5 6447906
303812.2 6457573
296196.1 6457712
296432.5 6467930
299879.1 6474516
304170.8 6482218
319396 6481957
ID 32023
396299.2 6480458
404083.3 6482554
427879.2 6487405
442515.7 6489951
505679.6 6489524
565644.7 6489839
644947.2 6437098
646202.6 6367547
567824.9 6366494
568439 6264920
568629.4 6241245
568869.8 6232513
569263.8 6139402
567946.8 6140637
551236.1 6156389
547215.9 6160160
515992.9 6189623
477524.2 6225825
470193.5 6232779
457737.7 6244434
455540.7 6246496
456181.7 6360909
410618.2 6413687
367358.1 6463726
367505.4 6472703
396299.2 6480458
ID 32009
410618.2 6413687
456181.7 6360909
455540.7 6246496
396850.9 6301860
344928.2 6350585
346225.4 6350268
351814.5 6350145
378001.1 6378627
410618.2 6413687
ID 32017
644947.2 6437098
727702.3 6439036
728010.3 6427440
729368.4 6380333
730835.5 6319956
732858.5 6252872
733339.2 6235416
670152.3 6233995
663333.6 6234917
648922.8 6234670
582772.6 6233758
580597.6 6232489
568869.8 6232513
568629.4 6241245
568439 6264920
567824.9 6366494
646202.6 6367547
644947.2 6437098
ID 32003
568869.8 6232513
580597.6 6232489
582772.6 6233758
648922.8 6234670
663333.6 6234917
670152.3 6233995
733339.2 6235416
733846.5 6216924
733908 6214674
734825.5 6194394
735139.5 6183120
735634.8 6163385
727857 6146210
726944.2 6144635
726809.8 6144522
726533.8 6144292
726471.2 6144239
721124.7 6143187
719361.3 6142996
718863.8 6143014
717599.3 6143607
716637.4 6144222
713908.3 6146951
712880 6148629
712601.8 6149504
712526.6 6149741
712180.8 6150537
710508.6 6152907
707097 6155960
705671 6156808
693782.7 6157597
688492 6157525
683142 6156378
673824.3 6151976
673054 6151331
672110 6150032
672188.6 6149345
673421.4 6138575
677955.8 6107212
681128.5 6088130
685247 6075070
687449.7 6068908
688277.5 6065779
690609.1 6052531
691037.4 6050101
691055 6047834
690822.3 6045128
685638.7 6029853
669720.5 6044816
658491.4 6055417
626568.5 6085499
623590.1 6088292
615529.4 6095848
592132.2 6117959
569263.8 6139402
568869.8 6232513
