ID 36
728842 70346.1
726478.8 68759.53
726115 68899.54
725757 68806.75
724769.1 67899.59
723357.2 67028.37
722997.9 67125.21
721541 66060.8
720659 65762.92
719907.1 64963.34
717823.2 64495.26
717377.5 64879.42
717327.9 65447.35
717587.6 66011.12
718252.5 66807.87
718339.8 68113.89
718722.7 69062.44
720730.4 70688.13
721450.3 72339.32
721583.5 74450.58
721966.2 75399.24
722117 76490.78
722877.7 78084.01
723911.3 79476.34
725226.6 80157.86
727565.8 80894.79
730381.3 81751.31
731281.1 81741.78
731843.7 81003.8
732120.7 79085.38
733461.5 76905.85
733006.7 75748.93
728842 70346.1
ID 36
762632.4 568089.7
762280.5 549636.4
762150.8 526108.9
763713.3 521422.3
764758.4 520146.4
766758.3 518425.3
769629.8 513420.8
770342.9 510824.4
771095.5 506761.2
771113.9 506661.9
770997.5 505475.6
769771.3 500952.2
769997.8 487183.3
765143.5 478605.9
763482.8 469563
762830.9 466023.9
762401.4 462365.4
762408.2 462322.1
762475.2 461892.3
767835.4 438782.1
768736.4 436159.9
770619.9 430134.4
767645.2 422329.5
766453 417965.3
766079.4 411439.5
766318.5 410975.7
768712.7 409440.0
781479.4 404228.4
782276 381937.6
783317.4 340608.1
785470.4 318686.9
779924 292020.9
769945.2 244157.6
771119.8 240148.4
771912.1 240191.6
771931.8 197484.9
771792.2 181931.9
771610.9 163991.8
771547.6 156078.0
765698.7 138964.2
765088.9 138547.6
757942.3 133597.4
764588.6 121095.0
754594.3 108917.0
754648.6 100369.9
756472.9 100295.3
778509.7 114996.9
778808.2 117110.5
779319.5 117619.7
786388.3 118883.9
801175.2 114326.6
854759.3 128136
869835.3 140217.7
874948.1 141769.1
896059.3 130403.0
894619 128142.7
871746.6 114702.4
865677.2 111602.9
817548.7 88713.66
810064.1 85920.11
804804.6 83962.92
802245 83161.47
800325 82640.63
786633.3 80503.98
758867.7 76323.9
743356.7 73255.5
738128.9 74491.03
735486.5 80499.75
735384.5 86246.93
735271.2 88780.09
737954.7 98862.43
741956.6 108364.8
743053 112378.3
744593.7 121332.1
716948 135113.7
715125.6 136030.6
703802 142199.6
675390.9 158031.0
670008.8 165506.0
666310.5 165756.7
659779.6 166574.1
658466.4 167465.5
650488.1 173521.6
648438.7 176333.4
645500.8 180368.8
644228.5 185753.7
635413.7 211249.1
625585.8 214668.0
624019.7 220593.6
622836.5 222214.6
618584.7 226431.5
617091.1 227062.9
606830.4 226662.1
555259.9 224937.5
551860.7 224845.6
517783.5 224095.8
487211.4 223607.1
484014.2 223501.6
430652.4 222499.1
419045.3 222294.7
381210.1 222161.4
372799.8 222065.6
348896.8 222080.4
325855.7 221863.9
322203.5 221921.9
310405.0 222122.2
264945 222491.1
263676.9 222508.5
252402.4 222661.7
252542.8 237343.7
252711.9 249762.5
252769.7 252739.7
252772.2 252740.8
256431.9 254339.9
262451.6 257697.2
270680.8 262907.8
278373.5 268128.2
280402.1 270020.9
282375.9 272767.7
286809.9 276685.2
295815.9 281367.8
304564.5 285517.1
305162.0 287751.6
306677.8 290356.2
311852.1 298745.9
314317.5 300110.2
320452.3 303458.2
322583.8 304038.2
326657.7 307688.9
327898.4 309206.7
328073.0 310072.6
326388.8 316915.1
323404.8 325807.4
322619.0 327321.2
321521.4 328325.5
318249.9 329555.9
315075.5 331621.2
314395.9 332680
314196.8 335165.7
313758.3 340647.7
311312.4 341636.7
310681.6 343388.8
310450.4 362440.8
329662.3 368477.4
345864.8 372899.5
352912.6 374222.7
357656.2 374806.6
358169.3 374769.6
359717 374429.7
397707.6 373917.4
401096 373739.6
413729.1 371224.4
421546.5 367792.1
424909.4 365021.5
425449.4 364637.1
431710 360685.2
433848.2 359877.9
435217.5 359762.3
448085.8 364734
452973.5 365170.9
466856.7 366121.7
469416.4 366209
473047.7 365495.1
475780.3 364465.1
481909.7 364446.8
482413.8 364532.9
495104.1 369120.5
497166.4 370145.3
500882.3 373032.1
509097.2 381531.5
513542.3 384981.6
525088.6 393359.3
525644.6 393582.2
529015 393967.2
530940.2 392641.7
532123.5 392511.5
534854.5 392685.1
539757.2 394643.7
540322.1 395074.5
541152 396451.1
541759.4 398134.1
542227.7 399797.8
542496.6 402638.3
542544.3 408122.3
542143.4 411406
539421.1 425198.6
546853.5 435293.6
547317.9 435853.9
547450.4 437513
546567.3 442152.2
546158.5 442961.3
545589.3 443233
538953.2 445045.3
534548.8 447861
528078.5 454547.3
527456.2 457810.9
527673.5 459071.7
528261.6 461485.1
528266.1 461495.4
531503.2 468888.8
552423.1 484257.1
566925.9 492681.5
570833.6 500418.6
574026.7 505494.1
579303.6 511385.6
595005.2 528136.4
599447.2 532437.2
633199.3 559151
634770.4 559883.7
646108.2 564013.1
648081.6 563962.6
653941.6 563311.2
655992.8 563084.5
688438.6 563468.7
699835.7 564021.5
708279.3 564917.8
709225 565019
721238.1 566315.7
740930.2 567797.9
763070.2 569963.4
762632.4 568089.7
