ID 36019
763070.2 569963.4
762632.4 568089.7
762280.5 549636.4
762150.8 526108.9
763713.3 521422.3
764758.4 520146.4
766758.3 518425.3
756925.9 516783
756891.7 514685.5
754687.8 510940.4
748687.9 508109.3
741112 505055.3
734896.5 504851.6
722124.7 502645.7
720809.6 510905.5
719346 518819.2
715869.2 533439.6
710219.2 559549
709225 565019
721238.1 566315.7
740930.2 567797.9
763070.2 569963.4
ID 36033
722124.7 502645.7
703808.1 499123.5
709268.8 469368.5
694293.4 466665.5
674135.7 463268.3
674502.4 471237.8
673213.8 480021.1
665602.4 527058.5
661009 557679.6
654817.8 557424.7
653941.6 563311.2
655992.8 563084.5
688438.6 563468.7
699835.7 564021.5
708279.3 564917.8
709225 565019
710219.2 559549
715869.2 533439.6
719346 518819.2
720809.6 510905.5
722124.7 502645.7
ID 36089
653941.6 563311.2
654817.8 557424.7
661009 557679.6
665602.4 527058.5
673213.8 480021.1
674502.4 471237.8
674135.7 463268.3
648738 458819.7
623299.7 460706.4
600689.8 473237.4
595335.6 476417.3
579584.7 485166.5
566925.9 492681.5
570833.6 500418.6
574026.7 505494.1
579303.6 511385.6
595005.2 528136.4
599447.2 532437.2
633199.3 559151
634770.4 559883.7
646108.2 564013.1
648081.6 563962.6
653941.6 563311.2
ID 36031
722124.7 502645.7
734896.5 504851.6
741112 505055.3
748687.9 508109.3
754687.8 510940.4
756891.7 514685.5
756925.9 516783
766758.3 518425.3
769629.8 513420.8
770342.9 510824.4
771095.5 506761.2
771113.9 506661.9
770997.5 505475.6
769771.3 500952.2
769997.8 487183.3
765143.5 478605.9
763482.8 469563
762830.9 466023.9
762401.4 462365.4
762408.2 462322.1
762475.2 461892.3
767835.4 438782.1
768736.4 436159.9
764027.5 435339.5
714588 425848.5
715239.5 429973.7
715072.8 431651.5
706662.9 434876.9
703558.9 434121.1
702544.6 433694.9
701577.7 432537.7
691014.4 444732.4
697245.6 450022.9
694293.4 466665.5
709268.8 469368.5
703808.1 499123.5
722124.7 502645.7
ID 36045
566925.9 492681.5
579584.7 485166.5
595335.6 476417.3
600689.8 473237.4
593188.8 460195.4
597982.7 456720.4
597104.8 449946.3
593982.6 445183.9
577047 434679.7
575088.4 424550.1
576445.6 413535.4
560114.6 414572.0
556295.2 413612.6
556508 410583.7
542143.4 411406
539421.1 425198.6
546853.5 435293.6
547317.9 435853.9
547450.4 437513
546567.3 442152.2
546158.5 442961.3
545589.3 443233
538953.2 445045.3
534548.8 447861
528078.5 454547.3
527456.2 457810.9
527673.5 459071.7
528261.6 461485.1
528266.1 461495.4
531503.2 468888.8
552423.1 484257.1
566925.9 492681.5
ID 36041
694293.4 466665.5
697245.6 450022.9
691014.4 444732.4
701577.7 432537.7
702544.6 433694.9
703558.9 434121.1
706662.9 434876.9
715072.8 431651.5
715239.5 429973.7
714588 425848.5
701983.6 423408.9
708492.2 383955.9
710805.7 370980.5
704012 369974.4
678905.8 366476.8
664148.5 372238.6
651294 377630.9
658016.2 394284.1
648738 458819.7
674135.7 463268.3
694293.4 466665.5
ID 36049
600689.8 473237.4
623299.7 460706.4
630355 407382.2
596978 384320.9
578752.9 389309.3
576445.6 413535.4
575088.4 424550.1
577047 434679.7
593982.6 445183.9
597104.8 449946.3
597982.7 456720.4
593188.8 460195.4
600689.8 473237.4
ID 36043
623299.7 460706.4
648738 458819.7
658016.2 394284.1
651294 377630.9
664148.5 372238.6
661518.6 345539.7
662177 325062.5
652564.1 328532.8
651781.3 321245.8
650640 320285.5
634369.8 328877.9
631428.4 323348.6
625646.3 322756.3
625418.1 325353.7
624082.5 344495.1
628708.6 351915.9
635483.5 364424.1
634398.5 375883.8
630355 407382.2
623299.7 460706.4
ID 36115
768736.4 436159.9
770619.9 430134.4
767645.2 422329.5
766453 417965.3
766079.4 411439.5
766318.5 410975.7
768712.7 409440.0
781479.4 404228.4
782276 381937.6
783317.4 340608.1
753849.3 338542.9
755716.7 343219.6
756816.7 346985.4
757823 354525.2
757838.1 356642.3
755154 378204
754737 379276.9
750313.2 400377.4
750342 401984.4
750560.3 402693.4
752118 406495.2
754215.7 410008.7
760546.6 419929.8
762240.8 426439.6
764027.5 435339.5
768736.4 436159.9
ID 36113
714588 425848.5
764027.5 435339.5
762240.8 426439.6
760546.6 419929.8
754215.7 410008.7
752118 406495.2
750560.3 402693.4
750342 401984.4
750313.2 400377.4
754737 379276.9
748959.9 374223
741274.9 369120.1
736319.4 371463.6
735613.9 372015.4
735099.7 378184.8
731555.3 386665.6
730765.8 388080.2
708492.2 383955.9
701983.6 423408.9
714588 425848.5
ID 36065
630355 407382.2
634398.5 375883.8
635483.5 364424.1
628708.6 351915.9
624082.5 344495.1
625418.1 325353.7
622527.2 324297.5
607103.1 322791.2
598080.1 330074.3
598037.7 331634.9
596956.8 341801.3
588293.7 349991.7
583913.1 353664.5
582201.4 354973.9
578312.6 356101.7
569521.7 353993.6
570663.8 372233.2
568710.2 372809
573975.2 390616.4
578752.9 389309.3
596978 384320.9
630355 407382.2
ID 36091
708492.2 383955.9
730765.8 388080.2
731555.3 386665.6
735099.7 378184.8
735613.9 372015.4
736319.4 371463.6
741274.9 369120.1
748959.9 374223
754737 379276.9
755154 378204
757838.1 356642.3
757823 354525.2
756816.7 346985.4
755716.7 343219.6
753849.3 338542.9
751503.1 320787.5
740678 319674.4
739621.6 319770.6
739149.4 320134.1
733150.8 327298.5
732719.3 330038.6
729636.2 333166.2
719495.7 337944.5
716405.8 338042.5
715886.9 341049.9
710805.7 370980.5
708492.2 383955.9
ID 36075
542143.4 411406
556508 410583.7
556295.2 413612.6
560114.6 414572.0
576445.6 413535.4
578752.9 389309.3
573975.2 390616.4
568710.2 372809
570663.8 372233.2
569521.7 353993.6
560549 356798.8
554052.4 360093.5
544708.9 364698.9
533506.9 361455.3
520928.5 360594.8
520690.8 363826.1
513599.2 363455.6
510280.6 368426.4
509097.2 381531.5
513542.3 384981.6
525088.6 393359.3
525644.6 393582.2
529015 393967.2
530940.2 392641.7
532123.5 392511.5
534854.5 392685.1
539757.2 394643.7
540322.1 395074.5
541152 396451.1
541759.4 398134.1
542227.7 399797.8
542496.6 402638.3
542544.3 408122.3
542143.4 411406
ID 36035
664148.5 372238.6
678905.8 366476.8
704012 369974.4
710805.7 370980.5
715886.9 341049.9
683948.6 339659.7
679591.6 339481.5
661518.6 345539.7
664148.5 372238.6
ID 36083
753849.3 338542.9
783317.4 340608.1
785470.4 318686.9
779924 292020.9
744764.8 284833.2
751503.1 320787.5
753849.3 338542.9
ID 36011
509097.2 381531.5
510280.6 368426.4
513599.2 363455.6
520690.8 363826.1
520928.5 360594.8
521643.5 351792.8
521877.1 346997
521731.6 346887.3
520289.5 347103
519762.6 346685.5
519654.5 346134.3
520512.5 335844.5
524320.2 318246.5
531974.2 318851.3
536858.3 314314.1
538856.2 311368.0
538939.5 310346.1
540133.6 293962.3
524323.3 292993.5
524180.9 293938.6
507240.6 293124.3
502379.1 301980.7
501902.9 302945.6
501663.8 303811.9
500902.1 309281.7
500807.2 311426.1
500559.2 330522.1
502373.6 337541
500882.3 373032.1
509097.2 381531.5
ID 36057
715886.9 341049.9
716405.8 338042.5
717501.9 331615.4
703834.8 321375.7
703296.4 319973.7
703392.1 319635.0
697326.6 317727.1
687874.2 316225.6
678906.2 320218.5
671751.4 321754
662177 325062.5
661518.6 345539.7
679591.6 339481.5
683948.6 339659.7
715886.9 341049.9
ID 36093
716405.8 338042.5
719495.7 337944.5
729636.2 333166.2
732719.3 330038.6
733150.8 327298.5
739149.4 320134.1
739621.6 319770.6
740678 319674.4
710603.7 312586.7
703392.1 319635.0
703296.4 319973.7
703834.8 321375.7
717501.9 331615.4
716405.8 338042.5
ID 36117
500882.3 373032.1
502373.6 337541
482020.9 335904.8
468198.8 335574.8
468080.1 338620.2
458921.8 338454.4
448772.2 337733.5
448085.8 364734
452973.5 365170.9
466856.7 366121.7
469416.4 366209
473047.7 365495.1
475780.3 364465.1
481909.7 364446.8
482413.8 364532.9
495104.1 369120.5
497166.4 370145.3
500882.3 373032.1
ID 36067
560549 356798.8
561848.6 355057.2
566101.2 346457.2
567965.7 335461.4
569855.3 313453.3
538939.5 310346.1
538856.2 311368.0
536858.3 314314.1
531974.2 318851.3
524320.2 318246.5
520512.5 335844.5
519654.5 346134.3
519762.6 346685.5
520289.5 347103
521731.6 346887.3
521877.1 346997
521643.5 351792.8
520928.5 360594.8
533506.9 361455.3
544708.9 364698.9
554052.4 360093.5
560549 356798.8
ID 36053
560549 356798.8
569521.7 353993.6
578312.6 356101.7
582201.4 354973.9
583913.1 353664.5
588293.7 349991.7
596956.8 341801.3
598037.7 331634.9
598080.1 330074.3
607103.1 322791.2
622527.2 324297.5
619189.4 309992.3
608374.3 308909.3
602898.5 309153.4
570604.5 306013.2
569855.3 313453.3
567965.7 335461.4
566101.2 346457.2
561848.6 355057.2
560549 356798.8
ID 36001
740678 319674.4
751503.1 320787.5
744764.8 284833.2
706370.8 276522.3
705622.2 276363.8
705435.4 277772.9
707758.6 290052.6
710162.5 300199.7
711822.2 305677.9
711955.7 311234.5
710603.7 312586.7
740678 319674.4
ID 36095
703392.1 319635.0
710603.7 312586.7
711955.7 311234.5
711822.2 305677.9
710162.5 300199.7
707758.6 290052.6
705435.4 277772.9
705622.2 276363.8
706370.8 276522.3
691081.2 269835.0
668165.4 286877.5
671202 292317.3
674253 299281
673700.5 302072.9
670587.5 312920.6
670472.4 314419.8
670549.1 317501.9
671751.4 321754
678906.2 320218.5
687874.2 316225.6
697326.6 317727.1
703392.1 319635.0
ID 36077
671751.4 321754
670549.1 317501.9
670472.4 314419.8
670587.5 312920.6
673700.5 302072.9
674253 299281
671202 292317.3
668165.4 286877.5
657297.9 285809.2
641185.6 275931.7
632964.3 270653.1
628959 267450.8
620047.6 262980.5
617856.9 262527.1
611173.8 261849.9
619189.4 309992.3
622527.2 324297.5
625418.1 325353.7
625646.3 322756.3
631428.4 323348.6
634369.8 328877.9
650640 320285.5
651781.3 321245.8
652564.1 328532.8
662177 325062.5
671751.4 321754
ID 36055
397680.4 348109.2
397707.6 373917.4
401096 373739.6
413729.1 371224.4
421546.5 367792.1
424909.4 365021.5
425449.4 364637.1
431710 360685.2
433848.2 359877.9
435217.5 359762.3
448085.8 364734
448772.2 337733.5
439469.7 337594.6
439839.1 327444.4
431839.8 327433.2
427192.8 326935
417300.0 326886.3
417158.4 327184.9
417303.7 327341.8
419433.3 327418.6
419544.7 327649.1
420563.2 330555.1
420315.9 331282.7
419531.3 332230.1
404925.5 332030.7
397680.4 348109.2
ID 36073
397680.4 348109.2
392241.3 347891.0
364031.6 347697.2
359587.2 347464.7
359717 374429.7
397707.6 373917.4
397680.4 348109.2
ID 36063
359587.2 347464.7
359679.7 342981.2
357685.6 342367.7
348866.7 341197
320521.9 340671.5
313758.3 340647.7
311312.4 341636.7
310681.6 343388.8
310450.4 362440.8
329662.3 368477.4
345864.8 372899.5
352912.6 374222.7
357656.2 374806.6
358169.3 374769.6
359717 374429.7
359587.2 347464.7
ID 36021
744764.8 284833.2
779924 292020.9
769945.2 244157.6
771119.8 240148.4
769091.1 232033.7
753673.7 234204.4
749825.4 236013.1
737298.8 241381.8
736255.4 241636.7
735106.8 241336.8
736380 246812.8
737033.5 248370.3
740840.7 255506.5
745378.7 262670.4
745837.2 264146.7
746034.6 266935.2
745719 282636.7
745451 284505.2
745200.5 284753.2
744764.8 284833.2
ID 36099
502373.6 337541
500559.2 330522.1
500807.2 311426.1
500902.1 309281.7
501663.8 303811.9
501902.9 302945.6
502379.1 301980.7
507240.6 293124.3
504960.8 284542.9
488631.6 283624.1
481848.2 308237
480915.1 319291.2
481112.3 319797.0
481366.5 319997.7
482359.5 320294.7
482020.9 335904.8
502373.6 337541
ID 36069
482020.9 335904.8
482359.5 320294.7
481366.5 319997.7
481112.3 319797.0
480915.1 319291.2
481848.2 308237
453978.2 307433.2
452011.4 304226.3
451183.3 302047.6
449699.2 296993.0
449894.7 286830
439754.3 286791.6
439707.9 292101.4
438825.3 297122.8
430699.6 297201
429529.4 307319.9
431347.8 317433.4
434274.8 317474.6
434303.4 317628.6
434111.8 321933.1
433392 324941.9
432878.5 326223.3
431839.8 327433.2
439839.1 327444.4
439469.7 337594.6
448772.2 337733.5
458921.8 338454.4
468080.1 338620.2
468198.8 335574.8
482020.9 335904.8
ID 36017
570604.5 306013.2
602898.5 309153.4
608374.3 308909.3
619189.4 309992.3
611173.8 261849.9
611410 248607.7
601963 248286.5
593343.2 248026.0
588131.7 251776.0
578014.7 253396.8
576715.4 252860.1
576042.1 254574.9
573818.6 271850.1
570604.5 306013.2
ID 36037
397680.4 348109.2
404925.5 332030.7
401348.0 318092.2
359718.2 318453.8
359679.7 342981.2
359587.2 347464.7
364031.6 347697.2
392241.3 347891.0
397680.4 348109.2
ID 36039
744764.8 284833.2
745200.5 284753.2
745451 284505.2
745719 282636.7
746034.6 266935.2
745837.2 264146.7
745378.7 262670.4
740840.7 255506.5
737033.5 248370.3
736380 246812.8
729027.6 251537.7
725230.8 251011.8
722986.3 242670.4
709995.1 243315.9
703658.5 243653.9
691407.7 249160.7
684163.5 252398.4
692375.1 269236.4
691081.2 269835.0
706370.8 276522.3
744764.8 284833.2
ID 36023
569855.3 313453.3
570604.5 306013.2
573818.6 271850.1
551927.6 270586.6
541796.3 269993.4
540133.6 293962.3
538939.5 310346.1
569855.3 313453.3
ID 36051
404925.5 332030.7
419531.3 332230.1
420315.9 331282.7
420563.2 330555.1
419544.7 327649.1
419433.3 327418.6
417303.7 327341.8
417158.4 327184.9
417300.0 326886.3
427192.8 326935
431839.8 327433.2
432878.5 326223.3
433392 324941.9
434111.8 321933.1
434303.4 317628.6
434274.8 317474.6
431347.8 317433.4
429529.4 307319.9
430699.6 297201
438825.3 297122.8
439707.9 292101.4
439754.3 286791.6
420749.8 274791.1
411103.4 275073.2
411023.3 279870.8
394749.4 280101.9
392959.1 281382.0
392916.2 281744.8
394121.9 285553.4
395486.4 289129.2
398901.1 291142.3
401397.9 296468
401348.0 318092.2
404925.5 332030.7
ID 36029
359679.7 342981.2
359718.2 318453.8
357932.2 318481.6
357789 308809.3
359827.3 308789.8
359807.6 281656.6
348665.0 278916.7
338939.8 275857.7
328609.9 271482.7
326513.2 271051.6
324460.2 270927.1
320174 274173.5
310780.7 281944.6
304564.5 285517.1
305162.0 287751.6
306677.8 290356.2
311852.1 298745.9
314317.5 300110.2
320452.3 303458.2
322583.8 304038.2
326657.7 307688.9
327898.4 309206.7
328073.0 310072.6
326388.8 316915.1
323404.8 325807.4
322619.0 327321.2
321521.4 328325.5
318249.9 329555.9
315075.6 331621.2
314395.9 332680
314196.8 335165.7
313758.3 340647.7
320521.9 340671.5
348866.7 341197
357685.6 342367.7
359679.7 342981.2
ID 36025
668165.4 286877.5
691081.2 269835.0
692375.1 269236.4
684163.5 252398.4
691407.7 249160.7
664975.5 230914.3
635413.7 211249.1
625585.8 214668.0
624019.7 220593.6
622836.5 222214.6
618584.7 226431.5
617091.1 227062.9
611410 248607.7
611173.8 261849.9
617856.9 262527.1
620047.6 262980.5
628959 267450.8
632964.3 270653.1
641185.6 275931.7
657297.9 285809.2
668165.4 286877.5
ID 36123
481848.2 308237
488631.6 283624.1
471361.4 276882.9
468319.9 278045.5
467853.1 278633.7
467784.1 283721.4
467987.1 286280.3
468177.3 287172.5
449894.7 286830
449699.2 296993.0
451183.3 302047.6
452011.4 304226.3
453978.2 307433.2
481848.2 308237
ID 36109
507240.6 293124.3
524180.9 293938.6
524323.3 292993.5
540133.6 293962.3
541796.3 269993.4
518672 255413.8
511987.4 255378.4
506034.6 255412.7
505891.2 265298.2
506172.8 267193.4
505490.9 276914.1
504960.8 284542.9
507240.6 293124.3
ID 36121
359718.2 318453.8
401348.0 318092.2
401397.9 296468
398901.1 291142.3
395486.4 289129.2
394121.9 285553.4
392916.2 281744.8
392959.1 281382.0
394749.4 280101.9
372554.5 279998.7
359807.6 281656.6
359827.3 308789.8
357789 308809.3
357932.2 318481.6
359718.2 318453.8
ID 36111
735106.8 241336.8
733258.7 222446.7
735140.1 207000.3
736224.2 203200.3
736080.2 186922.7
727762.9 185436.9
721686.4 185335.4
716701.9 186369.6
711118.8 189535.5
701534.1 185261.6
698937 191136.6
690662.9 196562.2
683417.9 201573.2
685800.1 205333.4
690275.7 211918.3
692821.4 216531.4
675654.8 225530.5
664975.5 230914.3
691407.7 249160.7
703658.5 243653.9
709995.1 243315.9
722986.3 242670.4
725230.8 251011.8
729027.6 251537.7
736380 246812.8
735106.8 241336.8
ID 36027
771912.1 240191.6
771931.8 197484.9
771792.2 181931.9
767698.9 181603
738318.7 175711.6
734625.3 170012.5
736080.2 186922.7
736224.2 203200.3
735140.1 207000.3
733258.7 222446.7
735106.8 241336.8
736255.4 241636.7
737298.8 241381.8
749825.4 236013.1
753673.7 234204.4
769091.1 232033.7
771119.8 240148.4
771912.1 240191.6
ID 36097
488631.6 283624.1
504960.8 284542.9
505490.9 276914.1
506172.8 267193.4
505891.2 265298.2
506034.6 255412.7
511987.4 255378.4
512059.9 251581.6
510222.9 249877.7
506629.6 250236.5
502702.9 251974.4
502512 256374
493758.7 256192.6
483488.1 255288.5
483485 254294.5
473286.5 253387.5
472391.8 253410.3
471735.8 266391.6
471361.4 276882.9
488631.6 283624.1
ID 36007
573818.6 271850.1
576042.1 254574.9
576715.4 252860.1
578014.7 253396.8
588131.7 251776.0
593343.2 248026.0
601963 248286.5
611410 248607.7
617091.1 227062.9
606830.4 226662.1
555259.9 224937.5
553800.3 245656.8
556204.7 245862.0
556595.8 249395.5
556500 253792.5
556434.6 254527.7
552420.2 269675.6
551927.6 270586.6
573818.6 271850.1
ID 36101
439754.3 286791.6
449894.7 286830
468177.3 287172.5
467987.1 286280.3
467784.1 283721.4
467853.1 278633.7
468319.9 278045.5
471361.4 276882.9
471735.8 266391.6
472391.8 253410.3
473286.5 253387.5
483485 254294.5
484014.2 223501.6
430652.4 222499.1
419045.3 222294.7
420749.8 274791.1
439754.3 286791.6
ID 36107
551927.6 270586.6
552420.2 269675.6
556434.6 254527.7
556500 253792.5
556595.8 249395.5
556204.7 245862.0
553800.3 245656.8
555259.9 224937.5
551860.7 224845.6
517783.5 224095.8
518672 255413.8
541796.3 269993.4
551927.6 270586.6
ID 36003
394749.4 280101.9
411023.3 279870.8
411103.4 275073.2
420749.8 274791.1
419045.3 222294.7
381210.1 222161.4
372799.8 222065.6
372554.5 279998.7
394749.4 280101.9
ID 36105
635413.7 211249.1
664975.5 230914.3
675654.8 225530.5
692821.4 216531.4
690275.7 211918.3
685800.1 205333.4
683417.9 201573.2
690662.9 196562.2
698937 191136.6
701534.1 185261.6
698282.6 183270.1
696135.5 180293.2
692983.1 175200.2
669908.6 172959.8
669233.6 172601.2
669123.7 172342.3
669384.5 168093.0
670008.8 165506.0
666310.5 165756.7
659779.6 166574.1
658466.4 167465.5
650488.1 173521.6
648438.7 176333.4
645500.8 180368.8
644228.5 185753.7
635413.7 211249.1
ID 36015
518672 255413.8
517783.5 224095.8
487211.4 223607.1
484014.2 223501.6
483485 254294.5
483488.1 255288.5
493758.7 256192.6
502512 256374
502702.9 251974.4
506629.6 250236.5
510222.9 249877.7
512059.9 251581.6
511987.4 255378.4
518672 255413.8
ID 36009
359807.6 281656.6
372554.5 279998.7
372799.8 222065.6
348896.8 222080.4
325855.7 221863.9
322203.5 221921.9
310405.0 222122.2
310780.7 281944.6
320174 274173.5
324460.2 270927.1
326513.2 271051.6
328609.9 271482.7
338939.8 275857.7
348665.0 278916.7
359807.6 281656.6
ID 36013
310780.7 281944.6
310405.0 222122.2
264945 222491.1
263676.9 222508.5
252402.4 222661.7
252542.8 237343.7
252711.9 249762.5
252769.7 252739.7
252772.2 252740.8
256431.9 254339.9
262451.6 257697.2
270680.8 262907.8
278373.5 268128.2
280402.1 270020.9
282375.9 272767.7
286809.9 276685.2
295815.9 281367.8
304564.5 285517.1
310780.7 281944.6
ID 36079
771792.2 181931.9
771610.9 163991.8
735226.2 156985.4
735309 157324.1
734625.3 170012.5
738318.7 175711.6
767698.9 181603
771792.2 181931.9
ID 36071
736080.2 186922.7
734625.3 170012.5
735309 157324.1
715125.6 136030.6
703802 142199.6
675390.9 158031.0
670008.8 165506.0
669384.5 168093.0
669123.7 172342.3
669233.6 172601.2
669908.6 172959.8
692983.1 175200.2
696135.5 180293.2
698282.6 183270.1
701534.1 185261.6
711118.8 189535.5
716701.9 186369.6
721686.4 185335.4
727762.9 185436.9
736080.2 186922.7
ID 36119
735226.2 156985.4
771610.9 163991.8
771547.6 156078.0
765698.7 138964.2
765088.9 138547.6
757942.3 133597.4
764588.6 121095.0
754594.3 108917.0
743053 112378.3
744593.7 121332.1
744351.2 136461.1
744086 137783.8
740600.3 143495.2
736863.8 151000.5
735226.2 156985.4
ID 36103
786633.3 80503.98
778509.7 114996.9
778808.2 117110.5
779319.5 117619.7
786388.3 118883.9
801175.2 114326.6
854759.3 128136
869835.3 140217.7
874948.1 141769.1
896059.3 130403.0
894619 128142.7
871746.6 114702.4
865677.2 111602.9
817548.7 88713.66
810064.1 85920.11
804804.6 83962.92
802245 83161.47
800325 82640.63
786633.3 80503.98
ID 36087
735226.2 156985.4
736863.8 151000.5
740600.3 143495.2
744086 137783.8
744351.2 136461.1
744593.7 121332.1
716948 135113.7
715125.6 136030.6
735309 157324.1
735226.2 156985.4
ID 36059
786633.3 80503.98
758867.7 76323.9
756472.9 100295.3
778509.7 114996.9
786633.3 80503.98
ID 36005
743053 112378.3
754594.3 108917.0
754648.6 100369.9
746642.8 99085.03
746656.5 104880.4
741956.6 108364.8
743053 112378.3
ID 36061
746642.8 99085.03
746641 98334.37
743799.7 91281.9
742370 90426.28
735384.5 86246.93
735271.2 88780.09
737954.7 98862.43
741956.6 108364.8
746656.5 104880.4
746642.8 99085.03
ID 36081
746642.8 99085.03
754648.6 100369.9
756472.9 100295.3
758867.7 76323.9
743356.7 73255.5
745991.6 82834.27
744325.3 89509.75
742370 90426.28
743799.7 91281.9
746641 98334.37
746642.8 99085.03
ID 36047
735384.5 86246.93
742370 90426.28
744325.3 89509.75
745991.6 82834.27
743356.7 73255.5
738128.9 74491.03
735486.5 80499.76
735384.5 86246.93
ID 36085
726115 68899.54
725757 68806.75
724769.1 67899.59
723357.2 67028.37
722997.9 67125.21
721541 66060.8
720659 65762.92
719907.1 64963.34
717823.2 64495.26
717377.5 64879.42
717327.9 65447.35
717587.6 66011.12
718252.5 66807.87
718339.8 68113.89
718722.7 69062.44
720730.4 70688.13
721450.3 72339.32
721583.5 74450.58
721966.2 75399.24
722117 76490.78
722877.7 78084.01
723911.3 79476.34
725226.6 80157.86
727565.8 80894.79
730381.3 81751.31
731281.1 81741.78
731843.7 81003.8
732120.7 79085.38
733461.5 76905.85
733006.7 75748.93
728842 70346.1
726478.8 68759.53
726115 68899.54
