ID 39
765505 389242.5
766375.3 349731.4
766408.5 348811.3
766894 323798.1
767073.3 318410.9
767595.2 294809.6
755121.2 288291.3
759823.1 267486.7
754494.3 244345.1
753093.3 241023.0
750888.5 227193.5
744465.3 207171.6
743290 192362.2
733636.1 179542.7
725607.4 172030.1
716424.8 161604.3
697293.7 149594.3
694181.7 154666.5
693654.7 155384.9
691661 156899.5
690719.8 157099.4
689894.6 156967.7
688902.5 156345.7
682537.7 150624.5
669427.6 138282.8
666841.7 134292.7
664829.4 131255.5
665116 121872.8
659495.8 120351.5
659347.3 119395.6
659575.4 117854.2
660303.9 116538.8
661180.3 115732.4
662963.3 114173.0
663717.9 112969.1
664496 103901.8
664168 103042.4
654242.5 98010.17
651312.8 97689.15
652157.9 103372.3
651967.7 104266.7
650282.1 107677.4
648895.2 110000.5
643098.3 114226.9
643080.3 114230.1
641772.1 114463.9
640181.5 113944.9
635255.6 107871.2
634920.9 106884.7
634754.9 106395.6
631305.8 96245.65
627607.2 78799.43
627619.2 78733.68
628557.3 69545.51
628560 68801.74
628521 68625.59
628436 68242.17
628294.2 67601.86
628113.2 67079.45
627705.5 66589.55
627408.2 66387.14
626906.2 66045.38
626674.9 65887.95
626137.4 65847.65
624484.9 65723.97
618569.4 64718.42
617823.9 59944.56
617776.5 59706.21
616239.1 51981.67
615957.7 51204.24
615693.3 50474.34
615364.9 49891.1
614812.7 49360.73
613913.7 48964.78
599421.2 45528.04
591819.2 46832.07
585559.2 56165.99
572455.7 63410.67
572098.6 63628.34
570415.6 65128.26
570332.6 65253.77
569753.1 66130.67
569340.2 67450.41
569205.1 67882.34
567838.8 75353.46
567514 78896.06
567789.1 80227.06
567791.4 80281.9
567796 80393.3
567827.8 81159.4
567756.3 81807.2
567736.1 81990.9
567718.8 82147.74
567598.3 82440.56
567446 82810.49
567357.3 83026.22
567011.5 83493.92
566170.4 84008.15
565736 84065.54
565640.4 84039.06
563168.4 83355.59
555495.5 81173
553850.4 80701.03
553836.8 80686.22
553836.3 80685.7
531859.3 67243.89
527447 71557.78
527292.4 71657.8
524574.3 73418.01
524355.3 73559.89
515410.4 77034.65
512037.4 78348.34
511918.8 78394.58
511191.4 78550.31
510112.8 78458.23
502921.1 76549.92
501941.2 76033.86
501121 75066.84
500096.9 71280.98
495045.3 71410.88
488803.7 75661.03
482363.5 84427.81
481875.3 84903.77
480891.3 85453.22
477988.9 86225.24
465057.9 86701.43
449755.9 93416.83
449669.1 98524.44
442448.9 115012.7
426483.4 123499.3
416271.3 121427.7
399344.5 125300.8
399974.8 147458.1
400945.1 171509.4
401108.4 176536
401632.5 194214.7
402320.9 215339.2
402719.5 225103.1
404160.8 258966.8
404264.7 263710.7
405043.2 288061.3
405497.1 305376.1
405978.3 326943.8
406135.8 334366.5
406867 363612.5
406912.1 365672.9
407320.2 382897.1
407550.8 394464
407908.6 412894.9
441798.9 413180.9
445039.5 413242.5
485037 413987.5
494825.7 414270.2
520583.7 414924.9
544132.1 402678.9
552729 399392.3
570352.1 395831.8
573275.2 396548.9
581638 389814.7
583778.8 387977.2
590218.6 380700.4
595140.4 377537.5
598842.8 375786
600075.4 375484.1
601572.3 375462.2
603297.4 376015.5
605747.2 377189.3
612714.3 380706.9
644386 389511.1
644892.3 388930.8
645245 388632.9
646971.2 387843.4
652032.7 386987.8
663110.5 387484.0
663610.6 387643.8
665920.9 389130.7
672337.5 393491.5
675146 395763
683357.8 402829.4
684325.4 403712.3
688112.5 408419.8
692567 412240.3
695486.6 414566.7
700958.5 418251.0
720374 427354.8
724408.7 429115.8
764296 443529.6
764618.8 429309.6
765477 390454.7
765505 389242.5
