ID 39007
764618.8 429309.6
765477 390454.7
725038.6 389871.7
724616.9 413591.7
724408.7 429115.8
764296 443529.6
764618.8 429309.6
ID 39085
724408.7 429115.8
724616.9 413591.7
716422.5 412670.9
714877.3 405211.8
700469.7 404972.1
700499.6 397092.2
692571.1 396968.4
684325.4 403712.3
688112.5 408419.8
692567 412240.3
695486.6 414566.7
700958.5 418251.0
720374 427354.8
724408.7 429115.8
ID 39055
692571.1 396968.4
700499.6 397092.2
700469.7 404972.1
714877.3 405211.8
716422.5 412670.9
724616.9 413591.7
725038.6 389871.7
725477 372782.1
692831.4 372379.5
692571.1 396968.4
ID 39035
684325.4 403712.3
692571.1 396968.4
692831.4 372379.5
692790 372378
675537.7 372451.4
676458.5 369182.6
678360 364357.3
668318.6 364193.3
652144.4 363834.8
652168.1 372220.5
644271.5 372258.7
644386 389511.1
644892.3 388930.8
645245 388632.9
646971.2 387843.4
652032.7 386987.8
663110.5 387484.0
663610.6 387643.8
665920.9 389130.7
672337.5 393491.5
675146 395763
683357.8 402829.4
684325.4 403712.3
ID 39155
765477 390454.7
765505 389242.5
766375.3 349731.4
726008 349006.3
725477 372782.1
725038.6 389871.7
765477 390454.7
ID 39095
494825.7 414270.2
520583.7 414924.9
544132.1 402678.9
523644.5 402255
510765.4 402196.7
498595 389428.0
495748.8 385613.7
486715.8 379990.7
484292.3 380033.4
484452 388137.7
485037 413987.5
494825.7 414270.2
ID 39051
445039.5 413242.5
485037 413987.5
484452 388137.7
446058.9 388606.8
441798.9 413180.9
445039.5 413242.5
ID 39093
644386 389511.1
644271.5 372258.7
652168.1 372220.5
652144.4 363834.8
644165.3 362128.6
627728.6 348369.3
627622.6 340201.5
613746 340421.9
613197.3 364608.5
612714.3 380706.9
644386 389511.1
ID 39123
544132.1 402678.9
552729 399392.3
570352.1 395831.8
573275.2 396548.9
581638 389814.7
583778.8 387977.2
562120.6 384082.0
552556.7 384024.6
529947.6 384253.3
529894.9 389112.9
523594.5 389063
523644.5 402255
544132.1 402678.9
ID 39173
523644.5 402255
523594.5 389063
522873.6 361689.9
522673.8 352000.7
484051.3 352611.5
484292.3 380033.4
486715.8 379990.7
495748.8 385613.7
498595 389428.0
510765.4 402196.7
523644.5 402255
ID 39171
407908.6 412894.9
441798.9 413180.9
446058.9 388606.8
445955.2 382170.5
407320.2 382897.1
407550.8 394464
407908.6 412894.9
ID 39133
692831.4 372379.5
725477 372782.1
726008 349006.3
718953.9 332707.9
693145.7 332392
692790 372378
692831.4 372379.5
ID 39043
583778.8 387977.2
590218.6 380700.4
595140.4 377537.5
598842.8 375786
600075.4 375484.1
601572.3 375462.2
603297.4 376015.5
605747.2 377189.3
612714.3 380706.9
613197.3 364608.5
571393.7 365367.8
570934.9 380954.6
562119.8 380929.2
562120.6 384082.0
583778.8 387977.2
ID 39153
692790 372378
693145.7 332392
671808.8 323917.3
668313.1 332161.3
668318.6 364193.3
678360 364357.3
676458.5 369182.6
675537.7 372451.4
692790 372378
ID 39143
523594.5 389063
529894.9 389112.9
529947.6 384253.3
552556.7 384024.6
562120.6 384082.0
562119.8 380929.2
570934.9 380954.6
571393.7 365367.8
571492.2 361511.9
522873.6 361689.9
523594.5 389063
ID 39103
668318.6 364193.3
668313.1 332161.3
631191 332276.2
627622.6 340201.5
627728.6 348369.3
644165.3 362128.6
652144.4 363834.8
668318.6 364193.3
ID 39099
766408.5 348811.3
766894 323798.1
719111.9 323237.7
718953.9 332707.9
726008 349006.3
766375.3 349731.4
766408.5 348811.3
ID 39069
484452 388137.7
484292.3 380033.4
484051.3 352611.5
454907.7 352910.3
455450.8 382010.4
445955.2 382170.5
446058.9 388606.8
484452 388137.7
ID 39077
571393.7 365367.8
613197.3 364608.5
613746 340421.9
605653.6 332340.4
581082.1 332657.2
572267.4 332784.3
571492.2 361511.9
571393.7 365367.8
ID 39039
445955.2 382170.5
455450.8 382010.4
454907.7 352910.3
445411.9 353052.4
445481.5 357909.7
435883.1 363037.8
406867 363612.5
406912.1 365672.9
407320.2 382897.1
445955.2 382170.5
ID 39147
571492.2 361511.9
572267.4 332784.3
548435.5 332551.3
522535.6 332601.2
522673.8 352000.7
522873.6 361689.9
571492.2 361511.9
ID 39151
693145.7 332392
718953.9 332707.9
719111.9 323237.7
719366.3 303797.2
709960.1 303801
706672.2 302052.2
706478.3 295016.5
700007.4 295043.2
671923.8 292883.2
671897.6 296565.2
671808.8 323917.3
693145.7 332392
ID 39029
766894 323798.1
767073.3 318410.9
767595.2 294809.6
755121.2 288291.3
738659.7 289853.2
719366.3 303797.2
719111.9 323237.7
766894 323798.1
ID 39005
627622.6 340201.5
631191 332276.2
631612.8 296305.2
623705.1 285167.4
613811.1 283676.6
613589.3 302744.4
609408.3 311788.9
607078.5 319701.1
606910.3 332334.2
605653.6 332340.4
613746 340421.9
627622.6 340201.5
ID 39169
668313.1 332161.3
671808.8 323917.3
671897.6 296565.2
631612.8 296305.2
631191 332276.2
668313.1 332161.3
ID 39063
484051.3 352611.5
522673.8 352000.7
522535.6 332601.2
514274.4 313372.3
483543.4 313964.7
483694.8 325152.5
484051.3 352611.5
ID 39125
445411.9 353052.4
440127.6 333705.8
406135.8 334366.5
406867 363612.5
435883.1 363037.8
445481.5 357909.7
445411.9 353052.4
ID 39137
484051.3 352611.5
483694.8 325152.5
474025.4 325224.9
464317.9 323715.9
464279.4 320468.7
454559.3 318938.6
444786.2 319022.7
440127.6 333705.8
445411.9 353052.4
454907.7 352910.3
484051.3 352611.5
ID 39139
581082.1 332657.2
605653.6 332340.4
606910.3 332334.2
607078.5 319701.1
609408.3 311788.9
613589.3 302744.4
613811.1 283676.6
589528.2 283102.4
580800.5 301030.5
581082.1 332657.2
ID 39033
581082.1 332657.2
580800.5 301030.5
569714.2 300386
548324.4 300271.8
548435.5 332551.3
572267.4 332784.3
581082.1 332657.2
ID 39175
522535.6 332601.2
548435.5 332551.3
548324.4 300271.8
522230.9 298701.0
520503.1 298802.0
515817.6 300402.5
515928.5 313315.9
514274.4 313372.3
522535.6 332601.2
ID 39019
719366.3 303797.2
738659.7 289853.2
732264.9 270333.7
704379 270879.7
704621 285494.8
699798.5 285608.8
700007.4 295043.2
706478.3 295016.5
706672.2 302052.2
709960.1 303801
719366.3 303797.2
ID 39161
406135.8 334366.5
440127.6 333705.8
444786.2 319022.7
439637.3 299778.6
434631 299867.3
405497.1 305376.1
405978.3 326943.8
406135.8 334366.5
ID 39081
738659.7 289853.2
755121.2 288291.3
759823.1 267486.7
754494.3 244345.1
753093.3 241023.0
737765.7 240976.4
738282.3 264772.4
738660.8 265413.6
738717.4 270251.9
732264.9 270333.7
738659.7 289853.2
ID 39157
700007.4 295043.2
699798.5 285608.8
704621 285494.8
704379 270879.7
704126 257425.2
702244.4 256437.7
699078.4 256463.7
698913.3 246459.6
674677 246969.5
675083.8 263277
666905.3 263499.6
667101.4 271716.3
670454 271644.2
670879.6 292080.1
671923.8 292883.2
700007.4 295043.2
ID 39003
483694.8 325152.5
483543.4 313964.7
483239.4 294517.7
470376.5 294653.9
454289.4 296376.8
454334.1 299608.6
439637.3 299778.6
444786.2 319022.7
454559.3 318938.6
464279.4 320468.7
464317.9 323715.9
474025.4 325224.9
483694.8 325152.5
ID 39075
671897.6 296565.2
671923.8 292883.2
670879.6 292080.1
670454 271644.2
667101.4 271716.3
626755.4 272746.9
623705.1 285167.4
631612.8 296305.2
671897.6 296565.2
ID 39065
483543.4 313964.7
514274.4 313372.3
515928.5 313315.9
515817.6 300402.5
520503.1 298802.0
522230.9 298701.0
522149.1 278531.5
513524.8 278490.8
513413.4 279083.0
486474.5 281678.3
483081.7 282748
483239.4 294517.7
483543.4 313964.7
ID 39117
569714.2 300386
580800.5 301030.5
589528.2 283102.4
588541.7 277570.8
587551.8 260360.9
579191.3 260860.2
555793.5 270331.3
556178.2 275960.8
561268.9 293774.3
569554.7 293882.1
569714.2 300386
ID 39101
569714.2 300386
569554.7 293882.1
561268.9 293774.3
556178.2 275960.8
555793.5 270331.3
536487.3 271589.2
522149.1 278531.5
522230.9 298701.0
548324.4 300271.8
569714.2 300386
ID 39067
732264.9 270333.7
738717.4 270251.9
738660.8 265413.6
738282.3 264772.4
737765.7 240976.4
708527.5 241683.3
698913.3 246459.6
699078.4 256463.7
702244.4 256437.7
704126 257425.2
704379 270879.7
732264.9 270333.7
ID 39083
623705.1 285167.4
626755.4 272746.9
625877.6 248622.7
611543.9 248797.3
601927 249328.5
602031.9 251425.8
578497.3 252825.1
579191.3 260860.2
587551.8 260360.9
588541.7 277570.8
589528.2 283102.4
613811.1 283676.6
623705.1 285167.4
ID 39031
626755.4 272746.9
667101.4 271716.3
666905.3 263499.6
675083.8 263277
674677 246969.5
670856.5 246230.3
670655 239500.2
669874.8 239140.8
666777 239219.2
626627.6 240611.1
625877.6 248622.7
626755.4 272746.9
ID 39011
439637.3 299778.6
454334.1 299608.6
454289.4 296376.8
470376.5 294653.9
483239.4 294517.7
483081.7 282748
472608.1 276742.7
445941.7 277037.7
444052.2 277063.1
437025 265775.3
435668.9 263160.7
434631 299867.3
439637.3 299778.6
ID 39107
434631 299867.3
435668.9 263160.7
435647.6 263130.9
404264.7 263710.7
405043.2 288061.3
405497.1 305376.1
434631 299867.3
ID 39159
513524.8 278490.8
522149.1 278531.5
536487.3 271589.2
536336.2 263944.5
536389.9 249451.5
542799.3 249333.7
542886.9 238141
539783.9 234242.2
514409.5 234867.8
510517.9 248021.5
513524.8 278490.8
ID 39091
483081.7 282748
486474.5 281678.3
513413.4 279083.0
513524.8 278490.8
510517.9 248021.5
495588 249578.0
490778.1 251684.1
471176.9 253472.7
472608.1 276742.7
483081.7 282748
ID 39041
536487.3 271589.2
555793.5 270331.3
579191.3 260860.2
578497.3 252825.1
577659.4 236040.7
542886.9 238141
542799.3 249333.7
536389.9 249451.5
536336.2 263944.5
536487.3 271589.2
ID 39013
737765.7 240976.4
753093.3 241023.0
750888.5 227193.5
744465.3 207171.6
743653 206711.6
737407.8 206873.8
717457.6 207940.9
708026.5 208113
708175.7 217380.6
708527.5 241683.3
737765.7 240976.4
ID 39059
674677 246969.5
698913.3 246459.6
708527.5 241683.3
708175.7 217380.6
698456.5 217512.8
695192.7 217145.4
681896 210992.0
678759.6 208122.7
678707.7 204569.5
668969.6 204868.4
669142.3 214654.3
665935.4 214734.1
666777 239219.2
669874.8 239140.8
670655 239500.2
670856.5 246230.3
674677 246969.5
ID 39149
435668.9 263160.7
437025 265775.3
444052.2 277063.1
445941.7 277037.7
472608.1 276742.7
471176.9 253472.7
470279.6 243560.3
435442.6 245683.6
435647.6 263130.9
435668.9 263160.7
ID 39089
578497.3 252825.1
602031.9 251425.8
601927 249328.5
611543.9 248797.3
625877.6 248622.7
626627.6 240611.1
622745.2 212435.6
603178.7 214303.6
575855.9 215371.3
577659.4 236040.7
578497.3 252825.1
ID 39119
626627.6 240611.1
666777 239219.2
665935.4 214734.1
669142.3 214654.3
668969.6 204868.4
668773.4 195199.9
636271.3 196687.7
622745.2 212435.6
626627.6 240611.1
ID 39037
435647.6 263130.9
435442.6 245683.6
435367.4 214856.3
430253.1 214833.7
402320.9 215339.2
402719.5 225103.1
404160.8 258966.8
404264.7 263710.7
435647.6 263130.9
ID 39021
510517.9 248021.5
514409.5 234867.8
513336.7 223770.3
468890.4 227590.7
470279.6 243560.3
471176.9 253472.7
490778.1 251684.1
495588 249578.0
510517.9 248021.5
ID 39049
577659.4 236040.7
575855.9 215371.3
572231 199311.7
536343 201566.6
539783.9 234242.2
542886.9 238141
577659.4 236040.7
ID 39121
708175.7 217380.6
708026.5 208113
701498.9 208206.9
701260.8 190203.6
704520.9 190219.8
704504 178969.9
678324.6 176571.4
668773.4 195199.9
668969.6 204868.4
678707.7 204569.5
678759.6 208122.7
681896 210992.0
695192.7 217145.4
698456.5 217512.8
708175.7 217380.6
ID 39111
708026.5 208113
717457.6 207940.9
737407.8 206873.8
743653 206711.6
744465.3 207171.6
743290 192362.2
733636.1 179542.7
725607.4 172030.1
725712.6 175545.3
707659.4 176041.9
704504 178969.9
704520.9 190219.8
701260.8 190203.6
701498.9 208206.9
708026.5 208113
ID 39097
514409.5 234867.8
539783.9 234242.2
536343 201566.6
535466.1 188486.8
501114.5 191229.5
501721.9 197456.7
513336.7 223770.3
514409.5 234867.8
ID 39109
435442.6 245683.6
470279.6 243560.3
468890.4 227590.7
467286.5 209833.6
458210.2 210637.0
457713.4 211736.1
457462 213557.5
458354.7 214781.3
435367.4 214856.3
435442.6 245683.6
ID 39127
603178.7 214303.6
622745.2 212435.6
636271.3 196687.7
638910.2 172235.1
629290.8 172825.4
610768.2 183727.0
611480.8 193453.6
606803.4 203622.5
602352.2 203959.6
603178.7 214303.6
ID 39045
575855.9 215371.3
603178.7 214303.6
602352.2 203959.6
606803.4 203622.5
611480.8 193453.6
610768.2 183727.0
600838.7 184472.9
589908.5 178578.9
581778.7 174074.2
580082.7 172585.3
570519.5 173397.6
571388.8 188313.5
572231 199311.7
575855.9 215371.3
ID 39023
468890.4 227590.7
513336.7 223770.3
501721.9 197456.7
486143.7 200426.5
486360.9 203177.1
476729.6 205357.8
473100.7 205998.1
467042.2 206573.0
467286.5 209833.6
468890.4 227590.7
ID 39115
636271.3 196687.7
668773.4 195199.9
678324.6 176571.4
656387.4 161170.8
638910.2 172235.1
636271.3 196687.7
ID 39129
536343 201566.6
572231 199311.7
571388.8 188313.5
570519.5 173397.6
580082.7 172585.3
579301.6 163019.2
558863.8 164351.7
557979.6 165641.5
556259.6 167398.6
534070.5 168604.1
535466.1 188486.8
536343 201566.6
ID 39113
435367.4 214856.3
458354.7 214781.3
457462 213557.5
457713.4 211736.1
458210.2 210637.0
467286.5 209833.6
467042.2 206573.0
461350.6 176414.3
439788.8 178126.9
430044.5 178380.3
430253.1 214833.7
435367.4 214856.3
ID 39167
704504 178969.9
707659.4 176041.9
725712.6 175545.3
725607.4 172030.1
716424.8 161604.3
697293.7 149594.3
694181.7 154666.5
693654.7 155384.9
691661 156899.5
690719.8 157099.4
689894.6 156967.7
688902.5 156345.7
682537.7 150624.5
669427.6 138282.8
666841.7 134292.7
667160.5 141213.3
658825.9 141450.1
655752.8 146499.8
656387.4 161170.8
678324.6 176571.4
704504 178969.9
ID 39135
430253.1 214833.7
430044.5 178380.3
401108.4 176536
401632.5 194214.7
402320.9 215339.2
430253.1 214833.7
ID 39057
501721.9 197456.7
501114.5 191229.5
499429 172750.9
473097.1 175236.7
461350.6 176414.3
467042.2 206573.0
473100.7 205998.1
476729.6 205357.8
486360.9 203177.1
486143.7 200426.5
501721.9 197456.7
ID 39073
610768.2 183727.0
629290.8 172825.4
628622.7 162817.2
618914.4 163497.9
618145.8 153682.3
598752.8 154948.7
598485.2 152029.2
588306.8 151160.6
578578.9 151913.8
579301.6 163019.2
580082.7 172585.3
581778.7 174074.2
589908.5 178578.9
600838.7 184472.9
610768.2 183727.0
ID 39047
501114.5 191229.5
535466.1 188486.8
534070.5 168604.1
524804.2 153267.6
506015.4 153625.6
499429 172750.9
501114.5 191229.5
ID 39009
629290.8 172825.4
638910.2 172235.1
656387.4 161170.8
655752.8 146499.8
658825.9 141450.1
667160.5 141213.3
666841.7 134292.7
664829.4 131255.5
619980.5 133660.1
620688.3 143553.1
617375.2 143767.0
618145.8 153682.3
618914.4 163497.9
628622.7 162817.2
629290.8 172825.4
ID 39141
534070.5 168604.1
556259.6 167398.6
557979.6 165641.5
558863.8 164351.7
579301.6 163019.2
578578.9 151913.8
577294.8 134133.2
575294.6 129787.7
526273.2 133296.0
524804.2 153267.6
534070.5 168604.1
ID 39027
499429 172750.9
506015.4 153625.6
482120.2 139361.9
471128.7 140298.1
469956.3 140444.0
473097.1 175236.7
499429 172750.9
ID 39165
461350.6 176414.3
473097.1 175236.7
469956.3 140444.0
448200.3 142527.2
440151.8 145042.4
439788.8 178126.9
461350.6 176414.3
ID 39163
578578.9 151913.8
588306.8 151160.6
598485.2 152029.2
598752.8 154948.7
618145.8 153682.3
617375.2 143767.0
620688.3 143553.1
619980.5 133660.1
615337.1 114100.5
605603.6 114920.1
606511.9 126332.5
596812.3 131100
587036.4 133478.4
577294.8 134133.2
578578.9 151913.8
ID 39017
430044.5 178380.3
439788.8 178126.9
440151.8 145042.4
436887.5 145731.9
420641.5 147277.1
414209.2 147061.4
399974.8 147458.1
400945.1 171509.4
401108.4 176536
430044.5 178380.3
ID 39071
506015.4 153625.6
524804.2 153267.6
526273.2 133296.0
523345 117516.7
498422.2 113941.1
481175.7 114280.9
482120.2 139361.9
506015.4 153625.6
ID 39105
619980.5 133660.1
664829.4 131255.5
665116 121872.8
659495.8 120351.5
659347.3 119395.6
659575.4 117854.2
660303.9 116538.8
661180.3 115732.4
662963.3 114173.0
663717.9 112969.1
664496 103901.8
664168 103042.4
654242.5 98010.17
651312.8 97689.15
652157.9 103372.3
651967.7 104266.6
650282.1 107677.4
648895.2 110000.5
643098.3 114226.9
643080.3 114230.1
641772.1 114463.9
640181.5 113944.9
635255.6 107871.2
634920.9 106884.7
634754.9 106395.6
635040.5 111400.2
615251.9 112488.5
615337.1 114100.5
619980.5 133660.1
ID 39079
577294.8 134133.2
587036.4 133478.4
596812.3 131100
606511.9 126332.5
605603.6 114920.1
593438.4 93751.19
586971.3 94270.03
578970.3 94852.23
577627.7 99441.8
578033.6 104980
573379.4 105294.2
575294.6 129787.7
577294.8 134133.2
ID 39131
526273.2 133296.0
575294.6 129787.7
573379.4 105294.2
556670.8 106284.7
538311.9 106831.1
538054.1 107060.0
533244 113063.8
523345 117516.7
526273.2 133296.0
ID 39015
471128.7 140298.1
482120.2 139361.9
481175.7 114280.9
498422.2 113941.1
495045.3 71410.88
488803.7 75661.03
482363.5 84427.81
481875.3 84903.77
480891.3 85453.22
477988.9 86225.24
465057.9 86701.43
471128.7 140298.1
ID 39061
440151.8 145042.4
448200.3 142527.2
443726.1 135747.8
444558.9 131912.3
442448.9 115012.7
426483.4 123499.3
416271.3 121427.7
399344.5 125300.8
399974.8 147458.1
414209.2 147061.4
420641.5 147277.1
436887.5 145731.9
440151.8 145042.4
ID 39025
469956.3 140444.0
471128.7 140298.1
465057.9 86701.43
449755.9 93416.83
449669.1 98524.44
442448.9 115012.7
444558.9 131912.3
443726.1 135747.8
448200.3 142527.2
469956.3 140444.0
ID 39053
615337.1 114100.5
615251.9 112488.5
635040.5 111400.2
634754.9 106395.6
631305.8 96245.65
627607.2 78799.43
627619.2 78733.68
628557.3 69545.51
628560 68801.74
628521 68625.59
628436 68242.17
628294.2 67601.86
628113.2 67079.45
627705.5 66589.55
627408.2 66387.14
626906.2 66045.38
626674.9 65887.95
626137.4 65847.65
624484.9 65723.97
618569.4 64718.42
612052.7 64973.42
612552.2 73347.43
602879.6 82315.24
592815.3 86491.88
593438.4 93751.19
605603.6 114920.1
615337.1 114100.5
ID 39001
533244 113063.8
531859.3 67243.89
527447 71557.78
527292.4 71657.8
524574.3 73418.01
524355.3 73559.89
515410.4 77034.65
512037.4 78348.34
511918.8 78394.58
511191.4 78550.31
510112.8 78458.22
502921.1 76549.92
501941.2 76033.86
501121 75066.84
500096.9 71280.98
495045.3 71410.88
498422.2 113941.1
523345 117516.7
533244 113063.8
ID 39145
533244 113063.8
538054.1 107060.0
538311.9 106831.1
556670.8 106284.7
573379.4 105294.2
578033.6 104980
577627.7 99441.8
578970.3 94852.23
586971.3 94270.03
586173.1 84680.2
585839.9 83048.94
578218.2 65962.47
572455.7 63410.67
572098.6 63628.34
570415.6 65128.26
570332.6 65253.77
569753.1 66130.67
569340.2 67450.41
569205.1 67882.34
567838.8 75353.46
567514 78896.06
567789.1 80227.06
567791.4 80281.9
567796 80393.3
567827.8 81159.4
567756.3 81807.2
567736.1 81990.9
567718.8 82147.74
567598.3 82440.56
567446 82810.49
567357.3 83026.22
567011.5 83493.92
566170.4 84008.15
565736 84065.54
565640.4 84039.06
563168.4 83355.59
555495.5 81173
553850.4 80701.03
553836.8 80686.22
553836.3 80685.7
531859.3 67243.89
533244 113063.8
ID 39087
586971.3 94270.03
593438.4 93751.19
592815.3 86491.88
602879.6 82315.24
612552.2 73347.43
612052.7 64973.42
618569.4 64718.42
617823.9 59944.56
617776.5 59706.21
616239.1 51981.67
615957.7 51204.24
615693.3 50474.34
615364.9 49891.1
614812.7 49360.73
613913.7 48964.78
599421.2 45528.04
591819.2 46832.07
585559.2 56165.99
572455.7 63410.67
578218.2 65962.47
585839.9 83048.94
586173.1 84680.2
586971.3 94270.03
