ID 40
569094.1 221747.2
590031.3 221716.6
617599 221793.2
647866.4 221904.7
675866.5 222152.4
711283 222522.3
731251.2 222820.1
777950.3 223623.8
781201.8 223717.3
796998.7 224087.0
820523.3 224652.2
830733 224914.4
860467.3 225789.5
866329.8 225968.8
900992 226954
901866.8 201269.1
902274 190324.1
902933.9 171643.5
909194.8 134373.2
910384 127807.9
917090.6 89958.9
919409.9 76652.71
924081.7 50125.68
924077.4 48206.55
924510.5 -1391.086
924730.2 -24144.61
925024.2 -48730.18
925466 -83983.24
925820.6 -111617.1
926247 -145266.9
901855.5 -138880.5
890276.8 -134501.5
874117.1 -122264.4
863066.8 -113334.9
857143.4 -111556.5
856491.8 -111532.2
856183.8 -111667.3
856098 -111704.9
856060.5 -111721.4
854129.5 -114742.5
854113.3 -114874.4
854087.9 -115081.5
854075.6 -115181.3
854112.7 -115262.1
854452 -116000.1
854475.9 -116145.5
854631.8 -117095.8
854505 -118243.5
854016.4 -119365.3
853542.1 -119866.6
851110.3 -121493.5
850360.8 -121598.5
848989.9 -121790.4
846294.4 -122167.0
846246 -122170.4
840004 -122608.6
836483.2 -122419.7
827325.2 -121405.6
826949.6 -121122.8
826585.7 -120501.5
826581.5 -120430.6
826546.2 -119836.5
826791.2 -119065.1
826803.1 -118327.7
825791 -115885
825080.3 -115623.3
822055.6 -115526.5
815355.6 -119151.5
807661.5 -123304.8
807659.4 -123313.2
799760.2 -126442.5
795239.6 -125691.7
789838.2 -124791.5
788575.4 -124919.9
786600.8 -125120.3
776194.5 -126169.3
771534.7 -127341.4
770785.4 -130072.9
770273 -132736.7
770218.8 -133018.7
770162.4 -133311.5
769893.3 -134183.4
769659.9 -134939.4
769642.1 -134996.8
769512.5 -135144.5
768689.2 -136081.8
768584.5 -136200.9
766910.8 -136941.3
765008.6 -137501.2
751244 -141138.2
750311.9 -139944.8
746162.3 -134627.4
746149 -134610.2
744928.8 -134220.8
743852.9 -134129.2
739119.3 -135123.6
739027.1 -135142.9
739011.8 -135133.3
738136.4 -134581.4
728487.1 -128488
728416.7 -128191.5
728295.4 -127680.9
728186.1 -126332.7
728463.5 -124522.5
719274.5 -128870.9
719194.5 -128886.1
714730.5 -129732.3
705945.7 -127277.5
704980 -126660.6
703426.4 -125027.9
698523.2 -115584.0
697625.1 -116104.1
684177.4 -140193.6
683743.3 -140797.7
682820 -141548.9
681532.8 -141998.6
680007.4 -141846.9
678730.2 -141420.3
651493.3 -130387.0
650669.1 -129862.9
650108.5 -129195.0
650088.8 -129150.8
650008.4 -128970.8
649753.1 -128398.8
647736.4 -120200.5
640647.5 -122205
637282.4 -120012.3
627698.9 -114011.1
624635.3 -117999.7
619873.2 -123083.2
615342 -126758.5
612432.5 -127681.8
611356 -127589.7
603082.4 -124076.1
602049.6 -123190.6
604311.8 -118026.6
605017.6 -112099.6
604987.7 -112088.5
601523.4 -110800.1
598304.6 -111633.3
598198.6 -111660.8
596198.6 -111698.8
592260.5 -110646.1
592118.5 -110608.0
591846.6 -110361.2
590180.8 -107227.8
584387.8 -98287.6
569970.5 -94160.53
566413.4 -93472.65
564637.9 -94498.33
561026.6 -99224.46
556173 -103681.6
556117.6 -103732.5
556076.8 -103718.6
553432.8 -102819.7
548896.5 -95992.42
546725.1 -94266.1
544663 -92980.45
543708 -92922.4
535381.1 -95645.98
529347 -95558.15
520794.4 -93671.24
512156.9 -88829.81
510853.3 -88199.97
510749.4 -88194.16
502226.7 -87713.01
498522 -87899.98
496795.6 -87986.58
493307.5 -87316.69
491416.6 -86764
490247.9 -86422.15
490204 -86409.32
490193.7 -86360.83
488396.9 -77842.79
488431.4 -75430.55
488493.1 -72903.41
488491.5 -72885.91
488480.8 -72775.57
483982.3 -65437.38
479364.8 -63103.98
475268.5 -61030.88
471445.6 -68081.96
471411.1 -68145.52
471308.6 -68334.42
471238.6 -68365.1
470518.3 -68681.16
467430 -68467.38
464338.4 -65732.96
462051.9 -64447.49
460633.7 -63901.04
456243.2 -63476.28
455216.8 -63376.66
454690.4 -63548.8
451236.3 -68071.63
447658.5 -68167.83
446894.6 -68188.18
444049.5 -67622.5
437506.7 -61715.43
435123 -59075.36
430213.2 -53098.86
416636.5 -46757.45
416794.6 -26245.32
417443.4 5252.19
417791.5 22148.99
418338.9 48731.84
418788.5 70559.62
419386.6 99604.18
419785.8 118986.8
420508.2 168250.5
371920.9 169349.6
335384.3 170413.2
323651.8 170738.9
275415.2 172437.7
238856.1 173939.7
227210.2 174460.4
152043.9 178018.7
154920.8 233398
166183.5 232771.7
212404.8 230011.3
240247.1 228640.7
241495.5 228593.4
283578.2 227203.3
327048.4 225998.6
337830.9 225690.3
365619.8 225089.8
414021 224151.6
421756 223945.8
462820.8 222959.4
470378.3 222831.5
510909.7 222323.1
551497.2 221942.9
569094.1 221747.2
