ID 40139
283578.2 227203.3
327048.4 225998.6
337830.9 225690.3
337334.4 209102.2
336588.7 209066.2
335384.3 170413.2
323651.8 170738.9
275415.2 172437.7
238856.1 173939.7
241495.5 228593.4
283578.2 227203.3
ID 40007
337830.9 225690.3
365619.8 225089.8
414021 224151.6
421756 223945.8
420781.9 178621.8
420508.2 168250.5
371920.9 169349.6
335384.3 170413.2
336588.7 209066.2
337334.4 209102.2
337830.9 225690.3
ID 40059
421756 223945.8
462820.8 222959.4
470378.3 222831.5
484443.8 202664.5
484105.1 177760.1
456337.9 177911.9
420781.9 178621.8
421756 223945.8
ID 40151
470378.3 222831.5
510909.7 222323.1
551497.2 221942.9
552176.2 162494.0
552138.3 155199.7
545920.5 154487.7
543899 154694.3
542206.3 155212.7
537267.4 157338.1
528962.8 161535.4
527593.8 162376.8
526560.2 163523.0
524426.7 167453.3
513974.9 167624.3
513970.5 177850.4
498461.3 198231.0
497149.4 198959.3
495995.1 199308
488136.9 198821.4
486628 199323.9
484557.2 201076.3
484443.8 202664.5
470378.3 222831.5
ID 40003
569094.1 221747.2
590031.3 221716.6
590247.6 215496.6
590220.3 176832.2
590687.8 176832.0
590622.6 162349.2
552176.2 162494.0
551497.2 221942.9
569094.1 221747.2
ID 40053
617599 221793.2
647866.4 221904.7
648099.4 176934.8
590687.8 176832.0
590220.3 176832.2
590247.6 215496.6
590031.3 221716.6
617599 221793.2
ID 40071
647866.4 221904.7
675866.5 222152.4
711283 222522.3
711358.6 198445.9
704787.1 194290.0
704123.1 194070.6
702376.1 194346.5
689340.9 187965.8
684681.7 182816.4
684341.8 177232.6
648172.5 176935.3
648099.4 176934.8
647866.4 221904.7
ID 40115
900992 226954
901866.8 201269.1
902274 190324.1
868173.9 189516.1
866329.8 225968.8
900992 226954
ID 40035
860467.3 225789.5
866329.8 225968.8
868173.9 189516.1
868174.9 171652.5
839314.3 170863.8
829792 180296.3
830733 224914.4
860467.3 225789.5
ID 40113
711283 222522.3
731251.2 222820.1
777950.3 223623.8
779232 159810.2
779823.4 130644.3
755801 130314.5
749528 137624.6
717521 158780.1
695093.1 162011.1
692464.3 162527.6
691241.6 163143.8
689111.7 165337.4
688701.7 167653.5
684341.8 177232.6
684681.7 182816.4
689340.9 187965.8
702376.1 194346.5
704123.1 194070.6
704787.1 194290.0
711358.6 198445.9
711283 222522.3
ID 40105
820523.3 224652.2
830733 224914.4
829792 180296.3
795970.8 179458.8
796998.7 224087.0
820523.3 224652.2
ID 40147
781201.8 223717.3
796998.7 224087.0
795970.8 179458.8
796172.7 160144.8
779232 159810.2
777950.3 223623.8
781201.8 223717.3
ID 40153
456337.9 177911.9
484105.1 177760.1
484443.8 202664.5
484557.2 201076.3
486628 199323.9
488136.9 198821.4
495995.1 199308
497149.4 198959.3
498461.3 198231.0
513970.5 177850.4
513974.9 167624.3
513998.2 129302.8
475649 130067.6
456415.5 130335.9
455772.7 139509.4
456337.9 177911.9
ID 40041
902274 190324.1
902933.9 171643.5
909194.8 134373.2
888111.6 133612.1
868863.3 133043.4
868174.9 171652.5
868173.9 189516.1
902274 190324.1
ID 40045
456337.9 177911.9
455772.7 139509.4
456415.5 130335.9
475649 130067.6
475512.8 113272.1
471804.1 113214.7
469599.2 112699.3
468079.3 111951.7
465895.3 110320.7
465053.5 109517.1
464814.5 109056.4
463388.6 103992.5
459255.6 97213.26
458941.3 96928.24
453673.5 94652.64
452306.2 94788.2
447759.8 95825.26
444920.5 96765
440458.4 99383.95
439642.3 100011.2
437413.7 102546.8
427795.3 104670.0
419386.6 99604.18
419785.8 118986.8
420508.2 168250.5
420781.9 178621.8
456337.9 177911.9
ID 40047
648099.4 176934.8
648172.5 176935.3
648517.7 129335.2
629176.5 129271.4
590657.2 129251.3
590622.6 162349.2
590687.8 176832.0
648099.4 176934.8
ID 40103
684341.8 177232.6
688701.7 167653.5
686694 167643
686895.6 148374.8
696514.9 148464.0
696605.3 138841.5
677197.4 138629.2
677311.2 128960
658124.1 128803.4
648517.7 129335.2
648172.5 176935.3
684341.8 177232.6
ID 40131
795970.8 179458.8
829792 180296.3
839314.3 170863.8
829690.3 170592.1
830053.8 141651.0
830550 122338.8
818717.5 122041.0
818169 122377
817941.8 122877.2
819344 123089
819712.3 124599.3
818697.5 126311.6
814247 131632.2
801382.1 131304.1
796172.7 160144.8
795970.8 179458.8
ID 40093
590622.6 162349.2
590657.2 129251.3
581057.2 129268.4
542701.7 129436.4
513998.2 129302.8
513974.9 167624.3
524426.7 167453.3
526560.2 163523.0
527593.8 162376.8
528962.8 161535.4
537267.4 157338.1
542206.3 155212.7
543899 154694.3
545920.5 154487.7
552138.3 155199.7
552176.2 162494.0
590622.6 162349.2
ID 40097
868174.9 171652.5
868863.3 133043.4
859227.1 132734.3
859537.6 123063.1
851456.2 122857.7
830550 122338.8
830053.8 141651.0
829690.3 170592.1
839314.3 170863.8
868174.9 171652.5
ID 40117
696605.3 138841.5
696514.9 148464.0
686895.6 148374.8
686694 167643
688701.7 167653.5
689111.7 165337.4
691241.6 163143.8
692464.3 162527.6
695093.1 162011.1
717521 158780.1
749528 137624.6
755801 130314.5
753137.5 130300.6
724033.6 129578.0
706254 129231.4
706145.5 138950.1
696605.3 138841.5
ID 40143
779232 159810.2
796172.7 160144.8
801382.1 131304.1
796892.7 97174.95
777642.1 96866.3
777889.6 101784.4
777460.9 121118.4
753314.9 120704.6
753137.5 130300.6
755801 130314.5
779823.4 130644.3
779232 159810.2
ID 40119
696605.3 138841.5
706145.5 138950.1
706254 129231.4
724033.6 129578.0
724408.7 105347.4
677546.4 104840.2
658265.2 109474.8
658124.1 128803.4
677311.2 128960
677197.4 138629.2
696605.3 138841.5
ID 40043
513998.2 129302.8
542701.7 129436.4
542874.7 90320.1
475647.2 90994.74
475512.8 113272.1
475649 130067.6
513998.2 129302.8
ID 40011
542701.7 129436.4
581057.2 129268.4
581071.3 115784.2
581330.1 99724.62
581257.8 80476.29
571597.1 61239.13
543498.5 61382.85
542874.7 90320.1
542701.7 129436.4
ID 40073
581057.2 129268.4
590657.2 129251.3
629176.5 129271.4
629501 80599.59
581257.8 80476.29
581330.1 99724.62
581071.3 115784.2
581057.2 129268.4
ID 40083
629176.5 129271.4
648517.7 129335.2
658124.1 128803.4
658265.2 109474.8
677546.4 104840.2
677716.5 80722.66
629501 80599.59
629176.5 129271.4
ID 40001
888111.6 133612.1
909194.8 134373.2
910384 127807.9
917090.6 89958.9
919409.9 76652.71
889117.9 75609.26
888157.7 104698.4
888669.3 116598.9
888111.6 133612.1
ID 40021
868863.3 133043.4
888111.6 133612.1
888669.3 116598.9
888157.7 104698.4
889117.9 75609.26
860132.9 74735.78
847074.9 93713.47
846878.7 94016.07
845217.7 104143.5
845429.5 110409.4
845985.6 111480.4
847731.6 113063.0
848984.5 113162.3
849334.6 113538.6
851565.5 118994.8
851456.2 122857.7
859537.6 123063.1
859227.1 132734.3
868863.3 133043.4
ID 40145
830550 122338.8
851456.2 122857.7
851565.5 118994.8
849334.6 113538.6
848984.5 113162.3
847731.6 113063.0
845985.6 111480.4
845429.5 110409.4
845217.7 104143.5
846878.7 94016.07
847074.9 93713.47
841902.7 93591.15
827960.5 92189.5
812200 97627.1
801749.4 97341.2
796892.7 97174.95
801382.1 131304.1
814247 131632.2
818697.5 126311.6
819712.3 124599.3
819344 123089
817941.8 122877.2
818169 122377
818717.5 122041.0
830550 122338.8
ID 40037
724033.6 129578.0
753137.5 130300.6
753314.9 120704.6
777460.9 121118.4
777889.6 101784.4
777642.1 96866.3
763250.2 96608.38
763693 72432.37
724926 71786.97
724408.7 105347.4
724033.6 129578.0
ID 40129
475512.8 113272.1
475647.2 90994.74
476252.3 57325.28
457067.7 57629.62
456899.6 47949.79
418338.9 48731.84
418788.5 70559.62
419386.6 99604.18
427795.3 104670.0
437413.7 102546.8
439642.3 100011.2
440458.4 99383.95
444920.5 96765
447759.8 95825.26
452306.2 94788.2
453673.5 94652.64
458941.3 96928.24
459255.6 97213.26
463388.6 103992.5
464814.5 109056.4
465053.5 109517.1
465895.3 110320.7
468079.3 111951.7
469599.2 112699.3
471804.1 113214.7
475512.8 113272.1
ID 40081
724408.7 105347.4
724926 71786.97
724820.5 52225.16
677950.6 51834.38
677716.5 80722.66
677546.4 104840.2
724408.7 105347.4
ID 40039
475647.2 90994.74
542874.7 90320.1
543498.5 61382.85
543429.2 51710.59
476164.4 52505.87
476252.3 57325.28
475647.2 90994.74
ID 40101
801749.4 97341.2
812200 97627.1
827960.5 92189.5
841902.7 93591.15
847074.9 93713.47
860132.9 74735.78
867758.6 54984.35
866262.2 54006.68
859456.8 45745.18
856671.5 40073.98
848063.9 34806.22
841519.1 35823.51
840698.4 64564.27
807350.1 63666.61
806884.2 82974.79
802079 82844.69
801749.4 97341.2
ID 40111
801749.4 97341.2
802079 82844.69
806884.2 82974.79
807350.1 63666.61
797437.1 63430.2
794160.5 53594.45
792962.4 46991.45
793029.6 43907.28
783428 43717.7
773791.8 43540.88
773370.3 62966.82
763847.7 62760.31
763693 72432.37
763250.2 96608.38
777642.1 96866.3
796892.7 97174.95
801749.4 97341.2
ID 40017
581257.8 80476.29
629501 80599.59
629876.6 41909.18
629861.6 37442.73
629857.9 37323.88
626719.1 36099.45
624032.1 36010.06
614301.2 37052.08
603594 38559.5
591279.7 41914.60
572159.5 41893.31
572186.1 60074.48
572046 61235.7
571597.1 61239.13
581257.8 80476.29
ID 40109
629501 80599.59
677716.5 80722.66
677950.6 51834.38
677982.5 42154.20
629876.6 41909.18
629501 80599.59
ID 40135
919409.9 76652.71
924081.7 50125.68
924077.4 48206.55
918587.2 42448.44
901378 41460.2
897184.8 44055.59
895330 44550.48
893566.1 44305.64
893074.5 44058.16
889692.5 40630.72
880836.4 48674.14
877885.9 48567.21
873381.1 49613.35
872050.2 50073.69
870596.2 51308.14
867758.6 54984.35
860132.9 74735.78
889117.9 75609.26
919409.9 76652.71
ID 40107
763693 72432.37
763847.7 62760.31
773370.3 62966.82
773791.8 43540.88
783428 43717.7
783622.3 34074.68
741781.3 33325.52
741474 53025.74
738820 52273.69
733553.5 50266.74
732885.6 46477.64
733200.9 45085.36
733120.4 44512.68
732975.2 44373.45
726166.7 44653.58
725610.5 44818.08
725023.6 45373.88
724820.5 52225.16
724926 71786.97
763693 72432.37
ID 40015
571597.1 61239.13
572046 61235.7
572186.1 60074.48
572159.5 41893.31
591279.7 41914.60
591526 -16093.99
543307.2 -15913.30
543366 10982.97
543646.5 11463.95
543729.5 22832.28
543310.2 34226.31
543429.2 51710.59
543498.5 61382.85
571597.1 61239.13
ID 40009
476252.3 57325.28
476164.4 52505.87
476007.4 13815.32
471517.9 13638.01
467638.4 13932.2
437471 14449.45
437283.8 4835.161
427646.0 5034.175
417443.4 5252.19
417791.5 22148.99
418338.9 48731.84
456899.6 47949.79
457067.7 57629.62
476252.3 57325.28
ID 40091
807350.1 63666.61
840698.4 64564.27
841519.1 35823.51
831817 35887.74
825778.2 34308.14
808329.4 24327.15
804978 22759.29
786996.3 18663.66
783728.8 18724.03
783622.3 34074.68
783428 43717.7
793029.6 43907.28
792962.4 46991.45
794160.5 53594.45
797437.1 63430.2
807350.1 63666.61
ID 40149
543429.2 51710.59
543310.2 34226.31
543729.5 22832.28
543646.5 11463.95
543366 10982.97
538621.2 13320.96
522550.4 13260.92
476007.4 13815.32
476164.4 52505.87
543429.2 51710.59
ID 40125
677950.6 51834.38
724820.5 52225.16
725023.6 45373.88
715821.2 47925.49
711111.2 46343.61
711919.7 -10394.81
697681.2 -3416.106
678378.5 -7226.996
677982.5 42154.20
677950.6 51834.38
ID 40133
725023.6 45373.88
725610.5 44818.08
726166.7 44653.58
732975.2 44373.45
733120.4 44512.68
733200.9 45085.36
732885.6 46477.64
733553.5 50266.74
738820 52273.69
741474 53025.74
741781.3 33325.52
742095.4 13988.47
737620.9 13931.97
737942.9 -8849.16
711919.7 -10394.81
711111.2 46343.61
715821.2 47925.49
725023.6 45373.88
ID 40061
867758.6 54984.35
870596.2 51308.14
872050.2 50073.69
873381.1 49613.35
877885.9 48567.21
880836.4 48674.14
889692.5 40630.72
889981.8 29596.01
883198 27011.21
879727.2 26901.55
880240.7 10900.65
841797.1 9767.423
841493.9 21082.69
831874.2 20837.99
831715 25527.12
831817 35887.74
841519.1 35823.51
848063.9 34806.22
856671.5 40073.98
859456.8 45745.18
866262.2 54006.68
867758.6 54984.35
ID 40051
591279.7 41914.60
603594 38559.5
614301.2 37052.08
624032.1 36010.06
626719.1 36099.45
629857.9 37323.88
630367 -16021.93
630393.6 -35307.11
591834.7 -35381.12
591526 -16093.99
591279.7 41914.60
ID 40079
924077.4 48206.55
924510.5 -1391.086
924730.2 -24144.61
925024.2 -48730.18
881282 -50281.12
869494.5 -31344.65
868918.4 -12014.26
874297.4 -3822.103
880651 -1971.187
880240.7 10900.65
879727.2 26901.55
883198 27011.21
889981.8 29596.01
889692.5 40630.72
893074.5 44058.16
893566.1 44305.64
895330 44550.48
897184.8 44055.59
901378 41460.2
918587.2 42448.44
924077.4 48206.55
ID 40027
629876.6 41909.18
677982.5 42154.20
678378.5 -7226.996
673414.2 -7632.425
661811.5 -4834.634
660616.1 -4171.794
660143.8 -3735.827
659516.6 -1985.885
658628.9 4239.913
657148 9621.043
652683.8 16649.78
633927.5 34318.44
629861.6 37442.73
629876.6 41909.18
ID 40087
629861.6 37442.73
633927.5 34318.44
652683.8 16649.78
657148 9621.043
658628.9 4239.913
659516.6 -1985.885
660143.8 -3735.827
660616.1 -4171.794
661811.5 -4834.634
673414.2 -7632.425
678378.5 -7226.996
697681.2 -3416.106
697628.6 -15610.86
630367 -16021.93
629857.9 37323.88
629861.6 37442.73
ID 40121
831817 35887.74
831715 25527.12
831874.2 20837.99
841493.9 21082.69
841797.1 9767.423
839527.1 6505.348
827447.6 6159.192
827588.1 -22494.41
827810.6 -32464.67
813613.3 -42505.97
794330.4 -42984.3
794126.2 -33337.43
774874 -33724.31
774688.9 -24071.74
774372.2 7248.948
776825 11926.92
781142 17954.76
781899.3 18409.77
783728.8 18724.03
786996.3 18663.66
804978 22759.29
808329.4 24327.15
825778.2 34308.14
831817 35887.74
ID 40063
741781.3 33325.52
783622.3 34074.68
783728.8 18724.03
781899.3 18409.77
781142 17954.76
776825 11926.92
774372.2 7248.948
774688.9 -24071.74
745908 -24590.79
737942.9 -8849.16
737620.9 13931.97
742095.4 13988.47
741781.3 33325.52
ID 40055
427646.0 5034.175
437283.8 4835.161
437471 14449.45
467638.4 13932.2
471517.9 13638.01
475207.0 10628.85
479215.9 5094.4
478882 2558.032
478093.1 -443.0373
479540 -13442.21
480248.4 -14352.43
485945.3 -19005.96
485575.1 -20041.99
471352.9 -19814.47
468395.8 -24642.83
468077.3 -25488.62
468254.7 -27913.75
468711.5 -28923.95
460026.7 -29397.21
447291.6 -29243.37
441832.6 -4790.646
427473 -4541.69
427646.0 5034.175
ID 40075
471517.9 13638.01
476007.4 13815.32
522550.4 13260.92
538621.2 13320.96
543366 10982.97
543307.2 -15913.30
524422 -15721.83
524184.2 -44703.53
508154.2 -44539.04
508162.3 -43329.17
505001.8 -39687.71
498825.7 -39594.59
502867.9 -32595.51
494655.5 -16954.39
494211.4 -16265.21
492259.2 -15031.52
491902.1 -14925.53
491036 -15087.72
485945.3 -19005.96
480248.4 -14352.43
479540 -13442.21
478093.1 -443.0373
478882 2558.032
479215.9 5094.4
475207.0 10628.85
471517.9 13638.01
ID 40057
417443.4 5252.19
427646.0 5034.175
427473 -4541.69
441832.6 -4790.646
447291.6 -29243.37
446908.1 -53376.62
430213.2 -53098.86
416636.5 -46757.45
416794.6 -26245.32
417443.4 5252.19
ID 40077
880240.7 10900.65
880651 -1971.187
874297.4 -3822.103
868918.4 -12014.26
869494.5 -31344.65
827810.6 -32464.67
827588.1 -22494.41
827447.6 6159.192
839527.1 6505.348
841797.1 9767.423
880240.7 10900.65
ID 40123
737942.9 -8849.16
745908 -24590.79
746065.6 -34290.78
736384.2 -34460.74
736521.8 -53839.02
707730.4 -54166.7
707613.4 -44492.92
697966.6 -44611.89
697910.8 -39771.13
697628.6 -15610.86
697681.2 -3416.106
711919.7 -10394.81
737942.9 -8849.16
ID 40065
485945.3 -19005.96
491036 -15087.72
491902.1 -14925.53
492259.2 -15031.52
494211.4 -16265.21
494655.5 -16954.39
502867.9 -32595.51
498825.7 -39594.59
500015.4 -40987.11
500751 -42299.95
500605.6 -44891.16
500277.6 -45129.08
499605.2 -45251.37
499157.8 -44793.98
495296.2 -44597.4
493241.4 -45072.96
491238.7 -47948.91
487715.9 -55577.58
486152.1 -63078.04
486385.3 -65224.11
486904.1 -66870.17
488172.2 -66700.12
488759.1 -67149.62
490223.1 -70914.37
490251.1 -71818.48
489936.7 -72424.7
488493.1 -72903.41
488491.5 -72885.91
488480.8 -72775.57
483982.3 -65437.38
479364.8 -63103.98
475268.5 -61030.88
471445.6 -68081.96
471411.1 -68145.52
471308.6 -68334.42
471238.6 -68365.1
470518.3 -68681.16
467430 -68467.38
464338.4 -65732.96
462051.9 -64447.49
460633.7 -63901.04
456243.2 -63476.28
455216.8 -63376.66
454690.4 -63548.8
451236.3 -68071.63
447658.5 -68167.83
446894.6 -68188.18
444049.5 -67622.5
437506.7 -61715.43
435123 -59075.37
430213.2 -53098.86
446908.1 -53376.62
447291.6 -29243.37
460026.7 -29397.21
468711.5 -28923.95
468254.7 -27913.75
468077.3 -25488.62
468395.8 -24642.83
471352.9 -19814.47
485575.1 -20041.99
485945.3 -19005.96
ID 40031
543307.2 -15913.30
591526 -16093.99
591834.7 -35381.12
586942.3 -54690.93
580793.7 -54679.14
577576.1 -56880.53
572804.7 -61092.14
553575.1 -64176.53
543949.4 -65717.15
539109 -65705.1
539172.5 -57278.64
533804.8 -54421.99
524114.4 -54354.68
524184.2 -44703.53
524422 -15721.83
543307.2 -15913.30
ID 40049
697628.6 -15610.86
697910.8 -39771.13
678630.5 -39928.42
673895.4 -41560.96
673694.3 -41826.96
673551 -42930.87
674285.5 -44464.73
675770.8 -45596.24
677034.7 -49032.02
678266.3 -53816.73
674793.6 -54435.04
659518.4 -54530.08
640203.6 -54622.86
630393.6 -35307.11
630367 -16021.93
697628.6 -15610.86
ID 40029
774688.9 -24071.74
774874 -33724.31
775281.5 -53076.4
770578.4 -62877.09
746465.4 -63320.47
736521.8 -53839.02
736384.2 -34460.74
746065.6 -34290.78
745908 -24590.79
774688.9 -24071.74
ID 40137
630393.6 -35307.11
640203.6 -54622.86
640293 -78801.8
587201.2 -78802.17
586942.3 -54690.93
591834.7 -35381.12
630393.6 -35307.11
ID 40127
827810.6 -32464.67
869494.5 -31344.65
881282 -50281.12
871259.3 -50553.76
872163.7 -79788.61
866428.7 -79944.63
862573.6 -82079.18
862324.6 -89702.87
804869.9 -91238.08
804032.7 -53137.33
813870.3 -52162.86
813613.3 -42505.97
827810.6 -32464.67
ID 40005
774874 -33724.31
794126.2 -33337.43
794330.4 -42984.3
813613.3 -42505.97
813870.3 -52162.86
804032.7 -53137.33
804869.9 -91238.08
785295.1 -91651.49
746912.7 -92307.72
746465.4 -63320.47
770578.4 -62877.09
775281.5 -53076.4
774874 -33724.31
ID 40141
524184.2 -44703.53
524114.4 -54354.68
533804.8 -54421.99
539172.5 -57278.64
539109 -65705.1
539080.1 -73755.36
543887.5 -73762.08
543708 -92922.4
535381.1 -95645.98
529347 -95558.15
520794.4 -93671.24
512156.9 -88829.81
510853.3 -88199.97
510749.4 -88194.16
502226.7 -87713.01
498522 -87899.98
496795.6 -87986.58
493307.5 -87316.69
491416.6 -86764
490247.9 -86422.15
490204 -86409.32
490193.7 -86360.83
488396.9 -77842.79
488431.4 -75430.55
488493.1 -72903.41
489936.7 -72424.7
490251.1 -71818.48
490223.1 -70914.37
488759.1 -67149.62
488172.2 -66700.12
486904.1 -66870.17
486385.3 -65224.11
486152.1 -63078.04
487715.9 -55577.58
491238.7 -47948.91
493241.4 -45072.96
495296.2 -44597.4
499157.8 -44793.98
499605.2 -45251.37
500277.6 -45129.08
500605.6 -44891.16
500751 -42299.95
500015.4 -40987.11
498825.7 -39594.59
505001.8 -39687.71
508162.3 -43329.17
508154.2 -44539.04
524184.2 -44703.53
ID 40099
659518.4 -54530.08
674793.6 -54435.04
678266.3 -53816.73
677034.7 -49032.02
675770.8 -45596.24
674285.5 -44464.73
673551 -42930.87
673694.3 -41826.96
673895.4 -41560.96
678630.5 -39928.42
697910.8 -39771.13
697966.6 -44611.89
707613.4 -44492.92
707730.4 -54166.7
702813.5 -54235.72
703017.3 -73423.67
698189 -73513.09
689392.2 -73612.06
688420 -73073.58
688109.9 -72521.61
688127.2 -72292.04
689155.3 -71542.8
688915 -69138.65
688656.9 -68867.75
659610.7 -69018.68
659518.4 -54530.08
ID 40033
539109 -65705.1
543949.4 -65717.15
553575.1 -64176.53
572804.7 -61092.14
577576.1 -56880.53
580793.7 -54679.14
586942.3 -54690.93
587201.2 -78802.17
590180.8 -107227.8
584387.8 -98287.6
569970.5 -94160.53
566413.4 -93472.65
564637.9 -94498.33
561026.6 -99224.46
556173 -103681.6
556117.6 -103732.5
556076.8 -103718.6
553432.8 -102819.7
548896.5 -95992.42
546725.1 -94266.1
544663 -92980.45
543708 -92922.4
543887.5 -73762.08
539080.1 -73755.36
539109 -65705.1
ID 40089
881282 -50281.12
925024.2 -48730.18
925466 -83983.24
925820.6 -111617.1
926247 -145266.9
901855.5 -138880.5
890276.8 -134501.5
874117.1 -122264.4
863066.8 -113334.9
862324.6 -89702.87
862573.6 -82079.18
866428.7 -79944.63
872163.7 -79788.61
871259.3 -50553.76
881282 -50281.12
ID 40019
640203.6 -54622.86
659518.4 -54530.08
659610.7 -69018.68
688656.9 -68867.75
688915 -69138.65
689155.3 -71542.8
688127.2 -72292.04
688109.9 -72521.61
688420 -73073.58
689392.2 -73612.06
698189 -73513.09
698364.4 -91281.36
695132.6 -102607.0
640569.3 -102991.1
640293 -78801.8
640203.6 -54622.86
ID 40069
707730.4 -54166.7
736521.8 -53839.02
746465.4 -63320.47
746912.7 -92307.72
730587.1 -97317.84
730884.5 -96798.13
730856 -96107.56
727241.8 -92084.42
722370.9 -91010.36
698364.4 -91281.36
698189 -73513.09
703017.3 -73423.67
702813.5 -54235.72
707730.4 -54166.7
ID 40067
587201.2 -78802.17
640293 -78801.8
640569.3 -102991.1
640647.5 -122205
637282.4 -120012.3
627698.9 -114011.1
624635.3 -117999.7
619873.2 -123083.2
615342 -126758.5
612432.5 -127681.8
611356 -127589.7
603082.4 -124076.1
602049.6 -123190.6
604311.8 -118026.6
605017.6 -112099.6
604987.7 -112088.5
601523.4 -110800.1
598304.6 -111633.3
598198.6 -111660.8
596198.6 -111698.8
592260.5 -110646.1
592118.5 -110608.0
591846.6 -110361.2
590180.8 -107227.8
587201.2 -78802.17
ID 40095
698364.4 -91281.36
722370.9 -91010.36
727241.8 -92084.42
730856 -96107.56
730884.5 -96798.13
730587.1 -97317.84
728463.5 -124522.5
719274.5 -128870.9
719194.5 -128886.1
714730.5 -129732.3
705945.7 -127277.5
704980 -126660.6
703426.4 -125027.9
698523.2 -115584.0
695132.6 -102607.0
698364.4 -91281.36
ID 40023
862324.6 -89702.87
863066.8 -113334.9
857143.4 -111556.5
856491.8 -111532.2
856183.8 -111667.3
856098 -111704.9
856060.5 -111721.4
854129.5 -114742.5
854113.3 -114874.4
854087.9 -115081.5
854075.6 -115181.3
854112.7 -115262.1
854452 -116000.1
854475.9 -116145.5
854631.8 -117095.8
854505 -118243.5
854016.4 -119365.3
853542.1 -119866.6
851110.3 -121493.5
850360.8 -121598.5
848989.9 -121790.4
846294.4 -122167.0
846246 -122170.4
840004 -122608.6
836483.2 -122419.7
827325.2 -121405.6
826949.6 -121122.8
826585.7 -120501.5
826581.5 -120430.6
826546.2 -119836.5
826791.2 -119065.1
826803.1 -118327.7
825791 -115885
825080.3 -115623.3
822055.6 -115526.5
815355.6 -119151.5
807661.5 -123304.8
807659.4 -123313.2
799919.4 -122717.5
792580.4 -117261.3
790922.6 -115304.4
790734.2 -114690.9
790293.1 -95013.05
785295.1 -91651.49
804869.9 -91238.08
862324.6 -89702.87
ID 40013
785295.1 -91651.49
790293.1 -95013.05
790734.2 -114690.9
790922.6 -115304.4
792580.4 -117261.3
799919.4 -122717.5
807659.4 -123313.2
799760.2 -126442.5
795239.6 -125691.7
789838.2 -124791.5
788575.4 -124919.9
786600.8 -125120.3
776194.5 -126169.3
771534.7 -127341.4
770785.4 -130072.9
770273 -132736.7
770218.8 -133018.7
770162.4 -133311.5
769893.3 -134183.4
769659.9 -134939.4
769642.1 -134996.8
769512.5 -135144.5
768689.2 -136081.8
768584.5 -136200.9
766910.8 -136941.3
765008.6 -137501.2
751244 -141138.2
750311.9 -139944.8
746162.3 -134627.4
746149 -134610.2
744928.8 -134220.8
743852.9 -134129.2
739119.3 -135123.6
739027.1 -135142.9
739011.8 -135133.3
738136.4 -134581.4
728487.1 -128488
728416.7 -128191.5
728295.4 -127680.9
728186.1 -126332.7
728463.5 -124522.5
730587.1 -97317.84
746912.7 -92307.72
785295.1 -91651.49
ID 40085
640569.3 -102991.1
695132.6 -102607.0
698523.2 -115584.0
697625.1 -116104.1
684177.4 -140193.6
683743.3 -140797.7
682820 -141548.9
681532.8 -141998.6
680007.4 -141846.9
678730.2 -141420.3
651493.3 -130387.0
650669.1 -129862.9
650108.5 -129195.0
650088.8 -129150.8
650008.4 -128970.8
649753.1 -128398.8
647736.4 -120200.5
640647.5 -122205
640569.3 -102991.1
ID 40025
154920.8 233398
166183.5 232771.7
212404.8 230011.3
240247.1 228640.7
241495.5 228593.4
238856.1 173939.7
227210.2 174460.4
152043.9 178018.7
154920.8 233398
