ID 41
1277920 501666.5
1278522 501631.4
1290259 504169.1
1293921 505881.2
1297811 505346
1313851 493559.9
1315297 490907.4
1320450 479709
1322414 469271.6
1322324 467363.7
1323761 453714.8
1322879 450554.7
1322666 448423.8
1323430 445810.4
1325395 444310.9
1330241 441279
1332645 440293.5
1356877 432875.9
1359656 432305.7
1359726 432291.3
1361930 432277.8
1362087 432323.2
1363323 432682.9
1389046 443405.0
1390677 445849.2
1393422 448313.9
1397800 449744
1403718 448238.7
1405882 448292.8
1412226 449440
1420340 451423.2
1426644 448300.3
1431988 448892.2
1434703 449068.9
1465367 443438.5
1467550 441747.6
1471136 443944.1
1477477 446700.6
1485243 449971.4
1488038 452345.6
1489488 453300.6
1492899 453373.8
1495368 452459.5
1498288 449287.5
1499543 448197.1
1501375 447574.4
1507486 448112.5
1522537 451117.6
1525661 455134.1
1527922 456389.5
1538811 460756.4
1538833 460762.2
1538939 460790.3
1549139 463503.1
1556534 464632.9
1564534 465963.4
1578619 471619.5
1582936 472487.1
1587273 473362
1598930 474836.5
1601284 474332.5
1603306 474334.6
1606664 474973.7
1609199 476116
1614283 479140.2
1615698 480293.3
1617319 482613.4
1694086 484558.1
1695570 484592.3
1724612 485331
1734154 485555
1777881 487006.3
1787588 471943.7
1788095 471394.4
1788440 471020.6
1792709 468795.5
1800860 464558.9
1803919 464080.3
1803934 464077.9
1803958 464060
1805697 462752.3
1807661 461277.4
1807679 461243.3
1808720 459308
1814973 446415.8
1815032 444971
1813780 442439.8
1808569 433117.7
1800070 412950.6
1798941 406926.1
1792637 385624.8
1789894 381332.7
1788100 378529.3
1787272 374147.5
1787962 371963.6
1788485 371009.9
1789233 370074
1789563 369239.8
1789533 369130.3
1788170 364123.7
1786914 361766.1
1785315 358767.6
1782379 353270.6
1775848 348911.4
1774137 348017.9
1773680 347660.9
1772333 345603.2
1761813 318348.2
1761384 316215.1
1763551 297891.1
1763494 297267.3
1763625 296353.7
1764202 294867.2
1765845 293256.7
1776225 291983
1776841 292513.3
1777285 292608.4
1780548 292365.9
1781436 292110.4
1787577 285322.6
1787664 285192.5
1788175 284436.3
1788345 283320.8
1788361 283212.4
1788349 283145.0
1788292 282831.6
1788242 282551.5
1788154 282353
1785627 276675.9
1785878 264023.9
1784105 256138.6
1782870 251819.3
1779977 229555.2
1787750 43026.1
1690794 39318.93
1642754 37683.65
1597432 37077.83
1594450 37048.35
1541502 36547.02
1517699 36280.86
1514419 36280.38
1484071 36345.34
1483929 36345.56
1468554 36409.86
1421480 37159.26
1351751 39475.86
1347068 39701.88
1344411 39831.50
1334226 39949.88
1323150 39823.17
1294935 40408.02
1292798 40457.01
1289145 40572.53
1280082 41408.25
1273974 41152.79
1273786 41144.98
1249983 41583.42
1224838 41983.8
1192553 43672.35
1187916 49116.12
1181641 58769.53
1176457 81815.93
1176832 91300.83
1177547 97785.81
1177753 99197.84
1171359 128624.8
1168866 138413.0
1175438 150820.2
1199899 222572.8
1205982 250461.4
1211402 296134.6
1212885 302260.5
1214864 311942.3
1215051 313172.9
1216848 332805.9
1220993 365203
1223850 381122.2
1225264 386526.1
1225420 387182.1
1225439 387261.5
1226532 391861.1
1226611 392193.5
1226820 393754.2
1227437 398362.5
1228216 407122.6
1231833 449462.8
1232012 454674
1231809 456712.7
1231612 457413.1
1230025 463027.7
1234281 488072.9
1234318 491681.5
1234140 494996
1233426 498986.5
1233291 499742.4
1261653 511409.1
1264667 513480.7
1264752 514687.7
1269686 515670.7
1269687 515670.7
1269687 515670.5
1270175 515524.6
1270405 515455.8
1270863 515072
1272437 513379.2
1273898 511046.6
1273464 505769.3
1277920 501666.5
