ID 41007
1278522 501631.4
1277336 460857.9
1267677 460723.5
1249712 461129.4
1249433 461146.2
1249242 462284.9
1230025 463027.7
1234281 488072.9
1234318 491681.5
1234140 494996
1233426 498986.5
1233291 499742.4
1261653 511409.1
1264667 513480.7
1264752 514687.7
1269686 515670.7
1269687 515670.7
1269687 515670.5
1270175 515524.6
1270405 515455.8
1270863 515072
1272437 513379.2
1273898 511046.6
1273464 505769.3
1277920 501666.5
1278522 501631.4
ID 41009
1290259 504169.1
1293921 505881.2
1297811 505346
1313851 493559.9
1315297 490907.4
1320450 479709
1322414 469271.6
1322324 467363.7
1323761 453714.8
1310762 453420.3
1303006 459979.5
1277336 460857.9
1278522 501631.4
1290259 504169.1
ID 41057
1277336 460857.9
1277071 452967.1
1271933 445071.6
1266322 424315.8
1266225 422729.2
1267885 422696.1
1267593 409338.3
1267159 398511.5
1241937 399426.6
1241298 383904.4
1246065 383694.9
1245835 380130.9
1223850 381122.2
1225264 386526.1
1225420 387182.1
1225439 387261.5
1226532 391861.1
1226611 392193.5
1226820 393754.2
1227437 398362.5
1228216 407122.6
1231833 449462.8
1232012 454674
1231809 456712.7
1231612 457413.1
1230025 463027.7
1249242 462284.9
1249433 461146.2
1249712 461129.4
1267677 460723.5
1277336 460857.9
ID 41067
1310762 453420.3
1310502 444584.1
1315115 438807.3
1321356 432157.9
1322968 431635.7
1324323 420907.1
1314236 408261.3
1311054 409158.1
1304726 414602.1
1299250 418408.1
1293678 421773.6
1267885 422696.1
1266225 422729.2
1266322 424315.8
1271933 445071.6
1277071 452967.1
1277336 460857.9
1303006 459979.5
1310762 453420.3
ID 41051
1323761 453714.8
1322879 450554.7
1322666 448423.8
1323430 445810.4
1325395 444310.9
1330241 441279
1332645 440293.5
1356877 432875.9
1359656 432305.7
1359726 432291.3
1361930 432277.8
1362087 432323.2
1363323 432682.9
1389046 443405.0
1396661 422481.3
1332417 423765.9
1330889 423404.6
1331772 420600.5
1324323 420907.1
1322968 431635.7
1321356 432157.9
1315115 438807.3
1310502 444584.1
1310762 453420.3
1323761 453714.8
ID 41071
1267885 422696.1
1293678 421773.6
1299250 418408.1
1304726 414602.1
1311054 409158.1
1314236 408261.3
1315490 401804.6
1308537 402935.7
1301936 394228.8
1302376 392689.4
1302218 388400.3
1301400 384585.3
1297572 381802.3
1246065 383694.9
1241298 383904.4
1241937 399426.6
1267159 398511.5
1267593 409338.3
1267885 422696.1
ID 41027
1389046 443405.0
1390677 445849.2
1393422 448313.9
1397800 449744
1403718 448238.7
1405882 448292.8
1412226 449440
1420340 451423.2
1426644 448300.3
1425427 435127.2
1423179 428577.9
1423048 402976.8
1422916 399514.9
1406010 399705.6
1396661 422481.3
1389046 443405.0
ID 41005
1324323 420907.1
1331772 420600.5
1330889 423404.6
1332417 423765.9
1396661 422481.3
1406010 399705.6
1401964 394002.5
1401775 393169
1397148 372568.4
1397052 372076.9
1397491 364269.7
1397679 363984.4
1402430 358640.1
1381371 358977.9
1350099 359290.6
1341332 363356.6
1326197 379221.9
1319929 387220.1
1320398 388834.9
1321176 390682.6
1321808 391069.5
1322568 392734.7
1323119 394388
1323988 401507.1
1320626 403265.6
1316717 403362.8
1315490 401804.6
1314236 408261.3
1324323 420907.1
ID 41065
1426644 448300.3
1431988 448892.2
1434703 449068.9
1465367 443438.5
1467550 441747.6
1474062 427758.3
1474109 426991.4
1473463 423957.6
1471124 415014.4
1464979 407281.6
1468684 393020
1482701 382264.5
1487226 379669.7
1499720 379568
1500374 377966.8
1510151 350526.5
1461996 350809.8
1453194 351072
1400366 351711.1
1402430 358640.1
1397679 363984.4
1397491 364269.7
1397052 372076.9
1397148 372568.4
1401775 393169
1401964 394002.5
1406010 399705.6
1422916 399514.9
1423048 402976.8
1423179 428577.9
1425427 435127.2
1426644 448300.3
ID 41021
1488038 452345.6
1489488 453300.6
1492899 453373.8
1495368 452459.5
1498288 449287.5
1499543 448197.1
1501375 447574.4
1507486 448112.5
1522537 451117.6
1525661 455134.1
1527922 456389.5
1538811 460756.4
1538833 460762.2
1538939 460790.3
1538943 438925.7
1538734 427988.8
1538739 399085.5
1548530 396326.1
1558195 389234.9
1558256 379637.4
1555906 378116.1
1500374 377966.8
1499720 379568
1501689 382670.3
1500507 392321.4
1495998 398516.1
1497579 406866.7
1499525 415763.1
1507273 423029.7
1509649 425168.2
1510508 425569.9
1510946 426881.8
1506974 436548
1499247 444304.7
1490761 450584.2
1488038 452345.6
ID 41055
1467550 441747.6
1471136 443944.1
1477477 446700.6
1485243 449971.4
1488038 452345.6
1490761 450584.2
1499247 444304.7
1506974 436548
1510946 426881.8
1510508 425569.9
1509649 425168.2
1507273 423029.7
1499525 415763.1
1497579 406866.7
1495998 398516.1
1500507 392321.4
1501689 382670.3
1499720 379568
1487226 379669.7
1482701 382264.5
1468684 393020
1464979 407281.6
1471124 415014.4
1473463 423957.6
1474109 426991.4
1474062 427758.3
1467550 441747.6
ID 41041
1245835 380130.9
1244565 346256.9
1246110 344196.4
1254180 343905.3
1254305 335395.6
1253419 311867.6
1248269 312129.9
1238188 302635.1
1237946 299461.1
1238590 295825.4
1211402 296134.6
1212885 302260.5
1214864 311942.3
1215051 313172.9
1216848 332805.9
1220993 365203
1223850 381122.2
1245835 380130.9
ID 41047
1315490 401804.6
1316717 403362.8
1320626 403265.6
1323988 401507.1
1323119 394388
1322568 392734.7
1321808 391069.5
1321176 390682.6
1320398 388834.9
1319929 387220.1
1326197 379221.9
1341332 363356.6
1350099 359290.6
1381371 358977.9
1402430 358640.1
1400366 351711.1
1397386 336003.6
1384038 336245.3
1378453 336568.2
1368796 340330.6
1358471 344374.3
1355350 345024.1
1329815 348275.3
1317494 348267
1308890 344679.1
1298605 344246.6
1290637 345818.7
1290310 346459
1289900 354819.7
1290967 360019.0
1293668 365624.4
1294043 365808.9
1297520 377934.5
1297572 381802.3
1301400 384585.3
1302218 388400.3
1302376 392689.4
1301936 394228.8
1308537 402935.7
1315490 401804.6
ID 41059
1617319 482613.4
1694086 484558.1
1695570 484592.3
1696416 469021
1690957 464018
1685753 449555
1686214 430214.9
1685282 425286.3
1680255 420320.8
1662423 411844.8
1647913 411479.7
1641328 410244.7
1641608 400518.1
1644977 393829.3
1653552 394034.4
1656075 381159.2
1656251 371744
1605395 370729
1606617 380431.1
1605919 428587.5
1597734 438006.6
1583180 437905.3
1582816 467033.9
1582936 472487.1
1587273 473362
1598930 474836.5
1601284 474332.5
1603306 474334.6
1606664 474973.7
1609199 476116
1614283 479140.2
1615698 480293.3
1617319 482613.4
ID 41049
1538939 460790.3
1549139 463503.1
1556534 464632.9
1564534 465963.4
1578619 471619.5
1582936 472487.1
1582816 467033.9
1583180 437905.3
1597734 438006.6
1605919 428587.5
1606617 380431.1
1605395 370729
1565318 370048.5
1555906 378116.1
1558256 379637.4
1558195 389234.9
1548530 396326.1
1538739 399085.5
1538734 427988.8
1538943 438925.7
1538939 460790.3
ID 41053
1245835 380130.9
1246065 383694.9
1297572 381802.3
1297520 377934.5
1294043 365808.9
1293668 365624.4
1290967 360019.0
1289900 354819.7
1290310 346459
1290637 345818.7
1290096 342569.9
1254180 343905.3
1246110 344196.4
1244565 346256.9
1245835 380130.9
ID 41063
1695570 484592.3
1724612 485331
1734154 485555
1777881 487006.3
1787588 471943.7
1788095 471394.4
1788440 471020.6
1792709 468795.5
1800860 464558.9
1803919 464080.3
1803934 464077.9
1803958 464060
1805697 462752.3
1807661 461277.4
1807679 461243.3
1808720 459308
1814973 446415.8
1815032 444971
1813780 442439.8
1808569 433117.7
1800070 412950.6
1798941 406926.1
1792637 385624.8
1754640 384245.8
1754228 393693.9
1737737 393017.2
1733801 404275.3
1732111 407348.4
1728732 411945
1725631 411838.2
1723897 414506.5
1720505 421647.1
1716776 431169.6
1711427 450455.6
1711078 459811.3
1713101 463101.7
1713943 469621
1696416 469021
1695570 484592.3
ID 41061
1696416 469021
1713943 469621
1713101 463101.7
1711078 459811.3
1711427 450455.6
1716776 431169.6
1720505 421647.1
1723897 414506.5
1725631 411838.2
1728732 411945
1732111 407348.4
1733801 404275.3
1737737 393017.2
1754228 393693.9
1754640 384245.8
1731299 383250.2
1731592 373604.1
1714698 372962.8
1697584 372676.5
1696834 372740.4
1692125 374696.9
1687624 378012.4
1686183 377429.2
1680282 371798.0
1677995 368101.4
1656251 371744
1656075 381159.2
1653552 394034.4
1644977 393829.3
1641608 400518.1
1641328 410244.7
1647913 411479.7
1662423 411844.8
1680255 420320.8
1685282 425286.3
1686214 430214.9
1685753 449555
1690957 464018
1696416 469021
ID 41003
1290096 342569.9
1295880 335055.8
1283610 322759.7
1282032 300455
1284039 294767.3
1284266 294367.1
1284551 294216.5
1270857 294635.7
1253085 294738.8
1238590 295825.4
1237946 299461.1
1238188 302635.1
1248269 312129.9
1253419 311867.6
1254305 335395.6
1254180 343905.3
1290096 342569.9
ID 41043
1290637 345818.7
1298605 344246.6
1308890 344679.1
1317494 348267
1329815 348275.3
1355350 345024.1
1358471 344374.3
1368796 340330.6
1378453 336568.2
1384038 336245.3
1397386 336003.6
1393014 303670.2
1396233 288692.7
1377932 288962
1354122 288946.4
1353659 287867.2
1353762 287442.6
1354107 287157.2
1353863 286392
1350749 284097.9
1349610 284155.3
1339835 285813.6
1333851 287585.2
1330427 289096
1326903 291331.2
1324756 292463.9
1319588 293924.2
1311241 293865.6
1308093 290742.4
1307871 288306.5
1307722 284216.3
1290094 284713.1
1286957 285133.1
1287228 288518.6
1286486 293310.7
1286217 293794.9
1285609 294274.4
1284551 294216.5
1284266 294367.1
1284039 294767.3
1282032 300455
1283610 322759.7
1295880 335055.8
1290096 342569.9
1290637 345818.7
ID 41069
1500374 377966.8
1555906 378116.1
1565318 370048.5
1565484 358747.3
1567077 351027
1567382 293653.3
1549835 293527.2
1547896 302148.4
1538073 308046.6
1509091 307832.8
1508966 312122.5
1509096 321880.7
1510151 350526.5
1500374 377966.8
ID 41031
1400366 351711.1
1453194 351072
1461996 350809.8
1510151 350526.5
1509096 321880.7
1473990 321791.5
1473913 312222.3
1461111 312262.0
1461069 302660
1451602 302777.2
1393014 303670.2
1397386 336003.6
1400366 351711.1
ID 41039
1211402 296134.6
1238590 295825.4
1253085 294738.8
1270857 294635.7
1284551 294216.5
1285609 294274.4
1286217 293794.9
1286486 293310.7
1287228 288518.6
1286957 285133.1
1290094 284713.1
1307722 284216.3
1307871 288306.5
1308093 290742.4
1311241 293865.6
1319588 293924.2
1324756 292463.9
1326903 291331.2
1330427 289096
1333851 287585.2
1339835 285813.6
1349610 284155.3
1350749 284097.9
1353863 286392
1354107 287157.2
1353762 287442.6
1353659 287867.2
1354122 288946.4
1377932 288962
1396233 288692.7
1397844 277815
1398547 272675.9
1398147 270081.5
1389967 251599.2
1382187 238936.7
1381169 227871.5
1380062 221842.5
1378716 217542.1
1367897 198324
1338135 199052.0
1318625 199096.4
1318863 211026.9
1308007 211347.0
1299055 211276.9
1298973 211049.4
1297892 211045.3
1289307 211377.2
1287148 218776.9
1287706 238066.4
1270814 238675.7
1261049 242353.2
1256418 244746.4
1249421 251832.4
1249472 253173.7
1246425 256859.7
1242870 257929.8
1232932 258404.1
1224719 249904.9
1222273 249673.4
1213526 249960.7
1205982 250461.4
1211402 296134.6
ID 41023
1565318 370048.5
1605395 370729
1656251 371744
1677995 368101.4
1678887 366079.5
1679417 363447.2
1679839 358943.9
1674234 326916.0
1673525 324862.9
1669517 316910.6
1666030 311797.7
1665528 310540.1
1659885 292760.9
1659783 292024.8
1659940 289460.8
1681104 290111.6
1682131 266117.4
1653340 265408.5
1647200 265811.9
1634932 265857.6
1635095 256114.2
1567612 254993.8
1567382 293653.3
1567077 351027
1565484 358747.3
1565318 370048.5
ID 41017
1393014 303670.2
1451602 302777.2
1451360 283664.4
1451776 274715.8
1461000 274189.3
1460953 254977.4
1471939 254556.3
1479830 254483.7
1480071 244929.4
1509734 244983.8
1519487 235372.5
1519505 225762.6
1521264 225626.0
1548511 225860
1548727 216077.6
1513765 216058.8
1461708 216820.3
1460471 216833.9
1432767 216944.0
1378716 217542.1
1380062 221842.5
1381169 227871.5
1382187 238936.7
1389967 251599.2
1398147 270081.5
1398547 272675.9
1397844 277815
1396233 288692.7
1393014 303670.2
ID 41013
1509096 321880.7
1508966 312122.5
1509091 307832.8
1538073 308046.6
1547896 302148.4
1549835 293527.2
1567382 293653.3
1567612 254993.8
1558136 254907.3
1558236 225909.9
1548511 225860
1521264 225626.0
1519505 225762.6
1519487 235372.5
1509734 244983.8
1480071 244929.4
1479830 254483.7
1471939 254556.3
1460953 254977.4
1461000 274189.3
1451776 274715.8
1451360 283664.4
1451602 302777.2
1461069 302660
1461111 312262.0
1473913 312222.3
1473990 321791.5
1509096 321880.7
ID 41001
1677995 368101.4
1680282 371798.0
1686183 377429.2
1687624 378012.4
1692125 374696.9
1696834 372740.4
1697584 372676.5
1714698 372962.8
1731592 373604.1
1731299 383250.2
1754640 384245.8
1792637 385624.8
1789894 381332.7
1788100 378529.3
1787272 374147.5
1787962 371963.6
1788485 371009.9
1789233 370074
1789563 369239.8
1789533 369130.3
1788170 364123.7
1786914 361766.1
1785315 358767.6
1782379 353270.6
1775848 348911.4
1774137 348017.9
1773680 347660.9
1772333 345603.2
1761813 318348.2
1761384 316215.1
1763551 297891.1
1740472 297024.9
1740025 306601.5
1736549 309595.5
1731558 312615.3
1701276 311506.6
1698158 309896.0
1696605 308237.9
1696664 305426.7
1692041 298488.0
1687405 291908.3
1684209 290196.5
1681104 290111.6
1659940 289460.8
1659783 292024.8
1659885 292760.9
1665528 310540.1
1666030 311797.7
1669517 316910.6
1673525 324862.9
1674234 326916.0
1679839 358943.9
1679417 363447.2
1678887 366079.5
1677995 368101.4
ID 41019
1367897 198324
1369470 198049.2
1371265 196614.8
1376646 189226.4
1377560 187343.3
1379827 178646.2
1370542 159245.7
1354859 157157.3
1354724 149275.6
1345058 149471.9
1331871 143421.3
1322110 135620.2
1312252 126180.0
1294642 124454.4
1286202 124290.1
1282997 124457.5
1276400 119546.1
1276389 118712.9
1274872 121207.6
1272917 122061.0
1265356 122359.9
1262422 121633
1262029 120440.6
1257918 118974.0
1254773 119473.4
1250825 120471.6
1236820 124251.8
1236918 129147.0
1229102 130077.3
1228626 133976.0
1229299 153025.8
1230752 152971.6
1234318 156818.1
1239367 162788.9
1239945 181725.8
1235815 201273.8
1227590 221169.7
1215371 221890.3
1199899 222572.8
1205982 250461.4
1213526 249960.7
1222273 249673.4
1224719 249904.9
1232932 258404.1
1242870 257929.8
1246425 256859.7
1249472 253173.7
1249421 251832.4
1256418 244746.4
1261049 242353.2
1270814 238675.7
1287706 238066.4
1287148 218776.9
1289307 211377.2
1297892 211045.3
1298973 211049.4
1299055 211276.9
1308007 211347.0
1318863 211026.9
1318625 199096.4
1338135 199052.0
1367897 198324
ID 41011
1229102 130077.3
1226042 130154.7
1219765 128841.1
1219539 124903.8
1218574 123764.9
1213505 119172.0
1202279 117509.7
1201812 118023.6
1200426 125735.0
1200285 131249.8
1200392 134366.6
1200779 135546.8
1199604 141638.5
1193919 149536.2
1193550 149959.3
1175438 150820.2
1199899 222572.8
1215371 221890.3
1227590 221169.7
1235815 201273.8
1239945 181725.8
1239367 162788.9
1234318 156818.1
1230752 152971.6
1229299 153025.8
1228626 133976.0
1229102 130077.3
ID 41045
1681104 290111.6
1684209 290196.5
1687405 291908.3
1692041 298488.0
1696664 305426.7
1696605 308237.9
1698158 309896.0
1701276 311506.6
1731558 312615.3
1736549 309595.5
1740025 306601.5
1740472 297024.9
1763551 297891.1
1763494 297267.3
1763625 296353.7
1764202 294867.2
1765845 293256.7
1776225 291983
1776841 292513.3
1777285 292608.4
1780548 292365.9
1781436 292110.4
1787577 285322.6
1787664 285192.5
1788175 284436.3
1788345 283320.8
1788361 283212.4
1788349 283145.0
1788292 282831.6
1788242 282551.5
1788154 282353
1785627 276675.9
1785878 264023.9
1784105 256138.6
1782870 251819.3
1779977 229555.2
1787750 43026.1
1690794 39318.93
1690225 64447.33
1689604 68333.27
1688496 70263.3
1686761 117518.8
1685391 141135.0
1683840 189380.5
1682972 220003.6
1682665 233316.4
1682902 237150.5
1682131 266117.4
1681104 290111.6
ID 41035
1378716 217542.1
1432767 216944.0
1432532 188054.9
1431856 183314.3
1431080 173824.8
1430509 139627.5
1430423 120338.0
1457671 120047.3
1468615 119732.1
1468554 36409.86
1421480 37159.26
1351751 39475.86
1352914 87315.6
1353329 94116.42
1354724 149275.6
1354859 157157.3
1370542 159245.7
1379827 178646.2
1377560 187343.3
1376646 189226.4
1371265 196614.8
1369470 198049.2
1367897 198324
1378716 217542.1
ID 41025
1567612 254993.8
1635095 256114.2
1634932 265857.6
1647200 265811.9
1653340 265408.5
1682131 266117.4
1682902 237150.5
1682665 233316.4
1682972 220003.6
1683840 189380.5
1685391 141135.0
1686761 117518.8
1688496 70263.3
1689604 68333.27
1690225 64447.33
1690794 39318.93
1642754 37683.65
1597432 37077.83
1594450 37048.35
1594299 52893.9
1593760 66622.25
1592891 120862.2
1564997 120503.0
1558509 120277.8
1545528 120082
1545440 139052.8
1546139 168147.9
1548023 183176.6
1548883 213212.9
1548727 216077.6
1548511 225860
1558236 225909.9
1558136 254907.3
1567612 254993.8
ID 41015
1229102 130077.3
1236918 129147.0
1236586 128930.4
1235480 127546.2
1226801 112729.7
1226891 112176.8
1227662 111150.7
1227765 110724.6
1227579 110080.9
1222681 99600.2
1221403 98251.6
1218373 97682.14
1213870 98179.73
1213437 98347.51
1216238 82537.8
1219972 81473.53
1224061 77951.47
1227135 69204.98
1227455 66406.73
1226319 62905.35
1225144 59918.39
1222782 47603.54
1223620 44740.40
1224838 41983.8
1192553 43672.35
1187916 49116.12
1181641 58769.53
1176457 81815.93
1176832 91300.83
1177547 97785.81
1177753 99197.84
1171359 128624.8
1168866 138413.0
1175438 150820.2
1193550 149959.3
1193919 149536.2
1199604 141638.5
1200779 135546.8
1200392 134366.6
1200285 131249.8
1200426 125735.0
1201812 118023.6
1202279 117509.7
1213505 119172.0
1218574 123764.9
1219539 124903.8
1219765 128841.1
1226042 130154.7
1229102 130077.3
ID 41037
1432767 216944.0
1460471 216833.9
1461708 216820.3
1513765 216058.8
1548727 216077.6
1548883 213212.9
1548023 183176.6
1546139 168147.9
1545440 139052.8
1545528 120082
1558509 120277.8
1564997 120503.0
1592891 120862.2
1593760 66622.25
1594299 52893.9
1594450 37048.35
1541502 36547.02
1517699 36280.86
1514419 36280.38
1484071 36345.34
1483929 36345.56
1468554 36409.86
1468615 119732.1
1457671 120047.3
1430423 120338.0
1430509 139627.5
1431080 173824.8
1431856 183314.3
1432532 188054.9
1432767 216944.0
ID 41033
1276389 118712.9
1273786 41144.98
1249983 41583.42
1224838 41983.8
1223620 44740.40
1222782 47603.54
1225144 59918.39
1226319 62905.35
1227455 66406.73
1227135 69204.98
1224061 77951.47
1219972 81473.53
1216238 82537.8
1213437 98347.51
1213870 98179.73
1218373 97682.14
1221403 98251.6
1222681 99600.2
1227579 110080.9
1227765 110724.6
1227662 111150.7
1226891 112176.8
1226801 112729.7
1235480 127546.2
1236586 128930.4
1236918 129147.0
1236820 124251.8
1250825 120471.6
1254773 119473.4
1257918 118974.0
1262029 120440.6
1262422 121633
1265356 122359.9
1272917 122061.0
1274872 121207.6
1276389 118712.9
ID 41029
1354724 149275.6
1353329 94116.42
1352914 87315.6
1351751 39475.86
1347068 39701.88
1344411 39831.50
1334226 39949.88
1323150 39823.17
1294935 40408.02
1292798 40457.01
1289145 40572.53
1280082 41408.25
1273974 41152.79
1273786 41144.98
1276389 118712.9
1276400 119546.1
1282997 124457.5
1286202 124290.1
1294642 124454.4
1312252 126180.0
1322110 135620.2
1331871 143421.3
1345058 149471.9
1354724 149275.6
