ID 41001
-123.975380 45.775654
-123.955025 45.871212
-123.995255 45.942093
-123.919937 46.012493
-123.976082 46.202881
-123.792847 46.111618
-123.775833 46.144600
-123.819725 46.193821
-123.760162 46.210110
-123.715912 46.170063
-123.668999 46.174667
-123.515785 46.236259
-123.362320 46.144321
-123.359711 45.771149
-123.720512 45.768387
-123.720413 45.773895
-123.975380 45.775654
END
ID 41003
-122.928246 45.714195
-122.928894 45.728828
-122.994881 45.728672
-122.994080 45.741535
-123.032738 45.742569
-123.033386 45.771412
-123.359711 45.771149
-123.362320 46.144321
-123.303482 46.144905
-123.247566 46.144188
-123.211205 46.170174
-123.174965 46.183754
-123.117325 46.179478
-123.049370 46.155903
-122.972946 46.110649
-122.898537 46.079494
-122.874199 46.027348
-122.806526 45.944054
-122.805008 45.904236
-122.782860 45.868050
-122.783302 45.850613
-122.786797 45.800507
-122.763077 45.760731
-122.771339 45.727848
-122.796600 45.725395
-122.797028 45.715294
-122.928246 45.714195
END
ID 41005
-119.437729 45.914413
-119.378311 45.917755
-119.301636 45.932808
-119.177620 45.922497
-119.139130 45.925854
-119.031105 45.966419
-118.981018 45.999203
-117.991478 46.001778
-117.981628 46.000019
-117.972893 45.850899
-117.970985 45.809738
-118.039490 45.805569
-118.041451 45.764385
-118.065575 45.762825
-118.064240 45.679134
-118.115036 45.676899
-118.106918 45.462543
-118.190033 45.460464
-118.189957 45.419788
-118.358734 45.418652
-118.360161 45.425037
-118.377693 45.425312
-118.378510 45.433075
-118.409668 45.432755
-118.409378 45.419048
-118.421692 45.418003
-118.422737 45.344872
-118.612709 45.343193
-118.613052 45.330395
-118.653854 45.328529
-118.654663 45.334915
-118.694206 45.334427
-118.694633 45.248978
-118.657051 45.248077
-118.656876 45.188686
-118.546860 45.187714
-118.545525 45.073547
-118.517715 45.072041
-118.518372 44.986649
-119.159050 44.989288
-119.159912 45.076496
-119.142471 45.076321
-119.147850 45.507599
-119.257072 45.507195
-119.257347 45.592239
-119.441719 45.595898
-119.437729 45.914413
END
ID 41007
-116.786224 45.075874
-117.255104 45.073517
-117.254143 45.160736
-117.483063 45.161480
-117.484673 45.204407
-117.521568 45.206097
-117.521324 45.257713
-117.541397 45.258087
-117.541000 45.289158
-117.559792 45.289536
-117.559914 45.303699
-117.584541 45.303593
-117.586731 45.332367
-117.641167 45.329834
-117.641457 45.359993
-117.664818 45.361248
-117.667358 45.420181
-117.686188 45.420544
-117.689072 45.511944
-117.724190 45.512672
-117.727188 45.609577
-117.746071 45.609932
-117.749146 45.651524
-117.769363 45.653698
-117.769669 45.679760
-117.785324 45.681499
-117.787643 45.767014
-117.745895 45.768620
-117.750130 45.855057
-117.972893 45.850899
-117.981628 46.000019
-117.601807 46.000401
-117.480652 45.999966
-116.918152 45.995300
-116.897217 45.980640
-116.855492 45.903721
-116.790283 45.845989
-116.772728 45.819885
-116.702202 45.819290
-116.653419 45.780750
-116.559654 45.747543
-116.527298 45.710846
-116.513939 45.664608
-116.469444 45.606373
-116.477577 45.566174
-116.553528 45.493763
-116.564796 45.459980
-116.671288 45.335529
-116.687836 45.262470
-116.735603 45.137428
-116.760284 45.106422
-116.777107 45.099602
-116.786224 45.075874
END
ID 41009
-119.437729 45.914413
-119.441719 45.595898
-119.257347 45.592239
-119.257072 45.507195
-119.147850 45.507599
-119.142471 45.076321
-119.159912 45.076496
-119.159050 44.989288
-119.671303 44.987835
-119.789986 44.986790
-119.789886 45.062157
-119.789734 45.074036
-119.754837 45.073841
-119.757126 45.161049
-119.878838 45.163067
-119.877899 45.246712
-119.996490 45.247780
-119.993172 45.811287
-119.868591 45.831844
-119.832413 45.841755
-119.677307 45.852684
-119.620979 45.899555
-119.588158 45.913460
-119.511086 45.899345
-119.437729 45.914413
END
ID 41011
-117.255104 45.073517
-117.561836 45.068932
-117.563095 44.988571
-117.779160 44.986580
-117.847672 45.049168
-117.870277 45.049938
-117.893898 45.029694
-117.891609 45.003227
-118.008835 44.990074
-118.063911 45.005623
-118.081024 45.026489
-118.103111 45.035442
-118.175629 45.011089
-118.213295 44.988834
-118.248032 44.948803
-118.294556 44.954296
-118.365929 44.976414
-118.429428 44.959774
-118.483498 44.984756
-118.518372 44.986649
-118.517715 45.072041
-118.545525 45.073547
-118.546860 45.187714
-118.656876 45.188686
-118.657051 45.248077
-118.694633 45.248978
-118.694206 45.334427
-118.654663 45.334915
-118.653854 45.328529
-118.613052 45.330395
-118.612709 45.343193
-118.422737 45.344872
-118.421692 45.418003
-118.409378 45.419048
-118.409668 45.432755
-118.378510 45.433075
-118.377693 45.425312
-118.360161 45.425037
-118.358734 45.418652
-118.189957 45.419788
-118.190033 45.460464
-118.106918 45.462543
-118.115036 45.676899
-118.064240 45.679134
-118.065575 45.762825
-118.041451 45.764385
-118.039490 45.805569
-117.970985 45.809738
-117.972893 45.850899
-117.750130 45.855057
-117.745895 45.768620
-117.787643 45.767014
-117.785324 45.681499
-117.769669 45.679760
-117.769363 45.653698
-117.749146 45.651524
-117.746071 45.609932
-117.727188 45.609577
-117.724190 45.512672
-117.689072 45.511944
-117.686188 45.420544
-117.667358 45.420181
-117.664818 45.361248
-117.641457 45.359993
-117.641167 45.329834
-117.586731 45.332367
-117.584541 45.303593
-117.559914 45.303699
-117.559792 45.289536
-117.541000 45.289158
-117.541397 45.258087
-117.521324 45.257713
-117.521568 45.206097
-117.484673 45.204407
-117.483063 45.161480
-117.254143 45.160736
-117.255104 45.073517
END
ID 41013
-120.490685 45.058563
-120.509850 45.079079
-120.508720 45.094646
-120.461617 45.096329
-120.453712 45.131256
-120.468399 45.140018
-120.481773 45.185833
-120.530762 45.194149
-120.540222 45.201672
-120.530838 45.207859
-120.547760 45.233925
-120.536812 45.247471
-120.547478 45.253132
-120.542816 45.287540
-120.523949 45.286209
-120.544189 45.301216
-120.524963 45.391796
-120.512688 45.405376
-120.481194 45.411682
-120.483521 45.418934
-120.509705 45.422829
-120.488518 45.427498
-120.478767 45.452442
-120.489845 45.465416
-120.466782 45.471958
-120.412498 45.465569
-120.402969 45.469925
-120.424164 45.477619
-120.424355 45.494080
-120.373398 45.489418
-120.363510 45.499725
-120.378777 45.518551
-120.365524 45.526661
-120.400917 45.544529
-120.406792 45.570454
-120.435257 45.592152
-120.450188 45.616474
-120.478592 45.623981
-120.498230 45.650471
-120.520386 45.662712
-120.551949 45.667831
-120.574135 45.692417
-120.640793 45.718559
-120.657234 45.732765
-120.622589 45.743763
-120.568916 45.741070
-120.497993 45.695782
-120.442223 45.689430
-120.282478 45.716732
-120.206291 45.719933
-120.154755 45.761410
-120.067497 45.780350
-119.993172 45.811287
-119.996490 45.247780
-119.877899 45.246712
-119.878838 45.163067
-119.757126 45.161049
-119.754837 45.073841
-119.789734 45.074036
-119.789886 45.062157
-120.490685 45.058563
END
ID 41015
-123.722336 45.068726
-123.723099 45.037563
-124.006348 45.036274
-123.955376 45.293140
-123.979317 45.485260
-123.935432 45.508141
-123.890869 45.474224
-123.858269 45.499256
-123.952171 45.568703
-123.934830 45.703007
-123.975380 45.775654
-123.720413 45.773895
-123.720512 45.768387
-123.359711 45.771149
-123.359665 45.702393
-123.480171 45.698505
-123.479591 45.672409
-123.461212 45.671455
-123.461143 45.657246
-123.440765 45.655926
-123.440788 45.642635
-123.421768 45.641708
-123.421791 45.628414
-123.379341 45.628132
-123.378036 45.614449
-123.335632 45.614609
-123.334763 45.598614
-123.298782 45.597549
-123.297142 45.587086
-123.312729 45.586361
-123.313293 45.571667
-123.362633 45.569355
-123.363312 45.542294
-123.398399 45.541088
-123.400887 45.526314
-123.422340 45.525753
-123.422966 45.511978
-123.442383 45.510593
-123.441566 45.488640
-123.460274 45.486828
-123.460709 45.444206
-123.482697 45.442692
-123.483559 45.424786
-123.462006 45.423992
-123.463165 45.207336
-123.781151 45.208611
-123.784729 45.071079
-123.722336 45.068726
END
ID 41017
-122.741928 45.424980
-122.741966 45.327019
-122.803673 45.327118
-122.803688 45.342224
-122.846642 45.343117
-122.846680 45.313816
-122.867943 45.311974
-122.906273 45.312130
-122.908043 45.339520
-122.971703 45.339458
-122.973167 45.355877
-122.991493 45.357349
-122.990738 45.370659
-123.012833 45.370590
-123.014709 45.384243
-123.031067 45.385345
-123.032173 45.397655
-123.115448 45.398026
-123.118073 45.412556
-123.138931 45.412983
-123.139748 45.428978
-123.462006 45.423992
-123.483559 45.424786
-123.482697 45.442692
-123.460709 45.444206
-123.460274 45.486828
-123.441566 45.488640
-123.442383 45.510593
-123.422966 45.511978
-123.422340 45.525753
-123.400887 45.526314
-123.398399 45.541088
-123.363312 45.542294
-123.362633 45.569355
-123.313293 45.571667
-123.312729 45.586361
-123.297142 45.587086
-123.298782 45.597549
-123.334763 45.598614
-123.335632 45.614609
-123.378036 45.614449
-123.379341 45.628132
-123.421791 45.628414
-123.421768 45.641708
-123.440788 45.642635
-123.440765 45.655926
-123.461143 45.657246
-123.461212 45.671455
-123.479591 45.672409
-123.480171 45.698505
-123.359665 45.702393
-123.359711 45.771149
-123.033386 45.771412
-123.032738 45.742569
-122.994080 45.741535
-122.994881 45.728672
-122.928894 45.728828
-122.928246 45.714195
-122.927719 45.627621
-122.912003 45.626934
-122.911354 45.612305
-122.889877 45.612785
-122.889351 45.599522
-122.866531 45.599598
-122.865860 45.584511
-122.844910 45.583588
-122.845093 45.570755
-122.828697 45.569630
-122.829407 45.555405
-122.803322 45.555153
-122.802856 45.542347
-122.784561 45.541756
-122.784019 45.528046
-122.760460 45.526760
-122.760048 45.514412
-122.741722 45.513363
-122.741928 45.424980
END
ID 41019
-120.509850 45.079079
-120.723900 45.081089
-120.718239 45.107292
-120.729385 45.121609
-120.812927 45.157654
-120.851349 45.184444
-120.917404 45.195793
-120.992393 45.193588
-121.018074 45.211563
-121.017136 45.271484
-121.036957 45.277748
-120.976425 45.306530
-120.964233 45.297745
-120.948044 45.298218
-120.935875 45.311832
-120.941887 45.325836
-120.924690 45.331367
-120.914856 45.351772
-120.895035 45.356922
-120.875648 45.380802
-120.855682 45.383659
-120.854996 45.405632
-120.840561 45.425713
-120.853058 45.439533
-120.822243 45.503075
-120.824585 45.509872
-120.870842 45.522278
-120.894623 45.539436
-120.900940 45.558472
-120.887344 45.582195
-120.906761 45.635632
-120.860245 45.665340
-120.695824 45.710663
-120.657234 45.732765
-120.640793 45.718559
-120.574135 45.692417
-120.551949 45.667831
-120.520386 45.662712
-120.498230 45.650471
-120.478592 45.623981
-120.450188 45.616474
-120.435257 45.592152
-120.406792 45.570454
-120.400917 45.544529
-120.365524 45.526661
-120.378777 45.518551
-120.363510 45.499725
-120.373398 45.489418
-120.424355 45.494080
-120.424164 45.477619
-120.402969 45.469925
-120.412498 45.465569
-120.466782 45.471958
-120.489845 45.465416
-120.478767 45.452442
-120.488518 45.427498
-120.509705 45.422829
-120.483521 45.418934
-120.481194 45.411682
-120.512688 45.405376
-120.524963 45.391796
-120.544189 45.301216
-120.523949 45.286209
-120.542816 45.287540
-120.547478 45.253132
-120.536812 45.247471
-120.547760 45.233925
-120.530838 45.207859
-120.540222 45.201672
-120.530762 45.194149
-120.481773 45.185833
-120.468399 45.140018
-120.453712 45.131256
-120.461617 45.096329
-120.508720 45.094646
-120.509850 45.079079
END
ID 41021
-121.812965 45.454918
-122.657669 45.451435
-122.653450 45.424599
-122.741928 45.424980
-122.741722 45.513363
-122.760048 45.514412
-122.760460 45.526760
-122.784019 45.528046
-122.784561 45.541756
-122.802856 45.542347
-122.803322 45.555153
-122.829407 45.555405
-122.828697 45.569630
-122.845093 45.570755
-122.844910 45.583588
-122.865860 45.584511
-122.866531 45.599598
-122.889351 45.599522
-122.889877 45.612785
-122.911354 45.612305
-122.912003 45.626934
-122.927719 45.627621
-122.928246 45.714195
-122.797028 45.715294
-122.796600 45.725395
-122.771339 45.727848
-122.759331 45.649559
-122.695114 45.631207
-122.650002 45.606991
-122.564224 45.594978
-122.435951 45.564938
-122.355255 45.566330
-122.301949 45.543251
-122.243721 45.548271
-122.080841 45.590664
-121.998817 45.617985
-121.971466 45.635937
-121.925629 45.642189
-121.914612 45.581242
-121.897888 45.557590
-121.912056 45.546547
-121.911156 45.525524
-121.891670 45.508381
-121.866158 45.506557
-121.851997 45.481895
-121.812965 45.454918
END
ID 41023
-121.681030 45.251869
-121.684341 45.271420
-121.669151 45.286125
-121.695808 45.333229
-121.703201 45.373684
-121.719872 45.389114
-121.795967 45.408390
-121.812965 45.454918
-121.851997 45.481895
-121.866158 45.506557
-121.891670 45.508381
-121.911156 45.525524
-121.912056 45.546547
-121.897888 45.557590
-121.914612 45.581242
-121.925629 45.642189
-121.887093 45.677017
-121.809853 45.700844
-121.757507 45.689877
-121.705231 45.688953
-121.527870 45.719727
-121.441368 45.695126
-121.438988 45.512581
-121.481133 45.510273
-121.478859 45.253258
-121.681030 45.251869
END
ID 41025
-121.752144 44.819675
-121.750961 44.875923
-121.726898 44.882256
-121.726387 44.893242
-121.760071 44.931808
-121.792793 44.929268
-121.789818 44.950859
-121.808098 44.980827
-121.807343 44.997311
-121.759216 45.029194
-121.715576 45.033478
-121.707504 45.047474
-121.658699 45.070660
-121.662239 45.102997
-121.708336 45.123795
-121.739662 45.182590
-121.736076 45.195980
-121.681770 45.225315
-121.681030 45.251869
-121.478859 45.253258
-121.481133 45.510273
-121.438988 45.512581
-121.441368 45.695126
-121.420845 45.690762
-121.366631 45.699844
-121.318794 45.696800
-121.275208 45.678497
-121.213089 45.665802
-121.202126 45.657444
-121.190872 45.613400
-121.173134 45.600674
-121.124023 45.607216
-121.072350 45.646767
-121.032303 45.653000
-120.967300 45.645309
-120.947395 45.650471
-120.906761 45.635632
-120.887344 45.582195
-120.900940 45.558472
-120.894623 45.539436
-120.870842 45.522278
-120.824585 45.509872
-120.822243 45.503075
-120.853058 45.439533
-120.840561 45.425713
-120.854996 45.405632
-120.855682 45.383659
-120.875648 45.380802
-120.895035 45.356922
-120.914856 45.351772
-120.924690 45.331367
-120.941887 45.325836
-120.935875 45.311832
-120.948044 45.298218
-120.964233 45.297745
-120.976425 45.306530
-121.036957 45.277748
-121.017136 45.271484
-121.018074 45.211563
-120.992393 45.193588
-120.917404 45.195793
-120.851349 45.184444
-120.812927 45.157654
-120.729385 45.121609
-120.718239 45.107292
-120.723900 45.081089
-120.509850 45.079079
-120.490685 45.058563
-120.475777 44.932869
-120.465584 44.922630
-120.463577 44.896191
-120.444191 44.895317
-120.436737 44.888203
-120.450981 44.876873
-120.452049 44.859947
-120.411964 44.844536
-120.380363 44.817944
-121.752144 44.819675
END
ID 41027
-122.865219 45.251221
-122.867943 45.311974
-122.846680 45.313816
-122.846642 45.343117
-122.803688 45.342224
-122.803673 45.327118
-122.741966 45.327019
-122.741928 45.424980
-122.653450 45.424599
-122.657669 45.451435
-121.812965 45.454918
-121.795967 45.408390
-121.719872 45.389114
-121.703201 45.373684
-121.695808 45.333229
-121.669151 45.286125
-121.684341 45.271420
-121.681030 45.251869
-121.681770 45.225315
-121.736076 45.195980
-121.739662 45.182590
-121.708336 45.123795
-121.662239 45.102997
-121.658699 45.070660
-121.707504 45.047474
-121.715576 45.033478
-121.759216 45.029194
-121.807343 44.997311
-121.808098 44.980827
-121.789818 44.950859
-121.792793 44.929268
-121.760071 44.931808
-121.726387 44.893242
-121.726898 44.882256
-121.750961 44.875923
-122.394722 44.878510
-122.402138 44.890553
-122.444565 44.896606
-122.469048 44.912067
-122.509445 44.916813
-122.515678 44.929817
-122.556541 44.955559
-122.567360 44.977058
-122.583305 44.982346
-122.590805 45.010384
-122.678146 45.041931
-122.725357 45.087494
-122.783836 45.120220
-122.775337 45.149406
-122.753571 45.159950
-122.748055 45.171165
-122.738304 45.208645
-122.742622 45.251476
-122.778526 45.254055
-122.780998 45.267681
-122.820717 45.269169
-122.838959 45.255112
-122.865219 45.251221
END
ID 41029
-123.069908 45.068699
-123.722336 45.068726
-123.784729 45.071079
-123.781151 45.208611
-123.463165 45.207336
-123.462006 45.423992
-123.139748 45.428978
-123.138931 45.412983
-123.118073 45.412556
-123.115448 45.398026
-123.032173 45.397655
-123.031067 45.385345
-123.014709 45.384243
-123.012833 45.370590
-122.990738 45.370659
-122.991493 45.357349
-122.973167 45.355877
-122.971703 45.339458
-122.908043 45.339520
-122.906273 45.312130
-122.867943 45.311974
-122.865219 45.251221
-122.939575 45.263062
-122.966454 45.280640
-123.004494 45.256058
-122.996300 45.222557
-123.034042 45.216747
-123.044724 45.205742
-123.042969 45.193462
-123.022057 45.191658
-123.004753 45.164974
-123.004150 45.158138
-123.027084 45.146584
-122.999466 45.113045
-123.018837 45.097996
-123.050072 45.099792
-123.043465 45.076759
-123.069908 45.068699
END
ID 41031
-123.123749 44.736954
-123.145988 44.747818
-123.149269 44.769619
-123.144363 44.779442
-123.096748 44.794422
-123.093559 44.801888
-123.113503 44.815609
-123.169670 44.823547
-123.178741 44.845081
-123.145325 44.867657
-123.134720 44.892841
-123.112617 44.905281
-123.111366 44.919979
-123.072922 44.930416
-123.036827 44.952629
-123.034760 44.972847
-123.072479 45.004082
-123.055252 45.049690
-123.069908 45.068699
-123.043465 45.076759
-123.050072 45.099792
-123.018837 45.097996
-122.999466 45.113045
-123.027084 45.146584
-123.004150 45.158138
-123.004753 45.164974
-123.022057 45.191658
-123.042969 45.193462
-123.044724 45.205742
-123.034042 45.216747
-122.996300 45.222557
-123.004494 45.256058
-122.966454 45.280640
-122.939575 45.263062
-122.865219 45.251221
-122.838959 45.255112
-122.820717 45.269169
-122.780998 45.267681
-122.778526 45.254055
-122.742622 45.251476
-122.738304 45.208645
-122.748055 45.171165
-122.753571 45.159950
-122.775337 45.149406
-122.783836 45.120220
-122.725357 45.087494
-122.678146 45.041931
-122.590805 45.010384
-122.583305 44.982346
-122.567360 44.977058
-122.556541 44.955559
-122.515678 44.929817
-122.509445 44.916813
-122.469048 44.912067
-122.444565 44.896606
-122.402138 44.890553
-122.394722 44.878510
-121.750961 44.875923
-121.752144 44.819675
-121.800331 44.808819
-121.810440 44.797035
-121.806625 44.770672
-121.770309 44.757809
-121.798820 44.724358
-121.795547 44.678337
-122.033081 44.682392
-122.141609 44.714352
-122.187469 44.691563
-122.213478 44.686897
-122.226540 44.689583
-122.253395 44.720516
-122.296165 44.748985
-122.480453 44.751160
-122.512238 44.746197
-122.539330 44.762444
-122.587158 44.772339
-122.609398 44.784203
-122.679314 44.773029
-122.753021 44.791363
-122.798752 44.791214
-122.859856 44.752895
-122.897751 44.737061
-122.922203 44.736893
-122.952423 44.721832
-122.980331 44.688133
-123.002159 44.680302
-123.015785 44.688831
-123.013847 44.710400
-123.048622 44.732143
-123.110298 44.744884
-123.123749 44.736954
END
ID 41033
-117.216446 44.300781
-117.482033 44.298721
-117.484528 44.379852
-117.503075 44.380241
-117.505112 44.397099
-117.526222 44.398388
-117.527603 44.411602
-117.564072 44.413277
-117.563530 44.425137
-117.587204 44.425945
-117.589890 44.440067
-117.962875 44.438805
-117.962700 44.426044
-118.010628 44.422951
-118.009720 44.404720
-118.030800 44.403645
-118.030464 44.381310
-118.050255 44.379787
-118.050636 44.362915
-118.071686 44.360466
-118.070213 44.348167
-118.089363 44.346645
-118.087669 44.321133
-118.109993 44.319122
-118.110435 44.307266
-118.132751 44.305256
-118.132507 44.290672
-118.151627 44.288681
-118.150528 44.261341
-118.193253 44.259602
-118.194946 44.246822
-118.228752 44.246513
-118.501205 44.247364
-118.502625 44.253731
-118.486664 44.311348
-118.416214 44.363178
-118.430374 44.398136
-118.424583 44.426922
-118.410187 44.442120
-118.367554 44.453964
-118.373306 44.516838
-118.353928 44.540756
-118.321564 44.557041
-118.311707 44.577667
-118.353241 44.634270
-118.436768 44.639332
-118.488464 44.655643
-118.513237 44.672703
-118.516373 44.697758
-118.465050 44.700615
-118.451859 44.714447
-118.418472 44.715717
-118.369484 44.739498
-118.349594 44.741066
-118.317886 44.729977
-118.292267 44.734333
-118.281242 44.763184
-118.320534 44.832626
-118.297081 44.851109
-118.237343 44.858063
-118.225311 44.869129
-118.239243 44.891365
-118.227592 44.923882
-118.248032 44.948803
-118.213295 44.988834
-118.175629 45.011089
-118.103111 45.035442
-118.081024 45.026489
-118.063911 45.005623
-118.008835 44.990074
-117.891609 45.003227
-117.893898 45.029694
-117.870277 45.049938
-117.847672 45.049168
-117.779160 44.986580
-117.563095 44.988571
-117.561836 45.068932
-117.255104 45.073517
-116.786224 45.075874
-116.806320 45.049877
-116.853523 45.017067
-116.847107 45.000164
-116.854897 44.980087
-116.847168 44.971863
-116.830406 44.972755
-116.846565 44.954971
-116.834404 44.920265
-116.866081 44.868729
-116.896370 44.848675
-116.908623 44.829060
-116.950493 44.776154
-117.038567 44.749233
-117.065506 44.697674
-117.078346 44.689453
-117.129494 44.572639
-117.142929 44.559402
-117.144150 44.534771
-117.186378 44.511921
-117.202950 44.485901
-117.223396 44.473103
-117.216209 44.427971
-117.235909 44.390099
-117.200592 44.339554
-117.216446 44.300781
END
ID 41035
-123.146599 44.712132
-123.602951 44.710934
-123.697678 44.711704
-123.699081 44.725811
-123.722885 44.725533
-123.723099 45.037563
-123.722336 45.068726
-123.069908 45.068699
-123.055252 45.049690
-123.072479 45.004082
-123.034760 44.972847
-123.036827 44.952629
-123.072922 44.930416
-123.111366 44.919979
-123.112617 44.905281
-123.134720 44.892841
-123.145325 44.867657
-123.178741 44.845081
-123.169670 44.823547
-123.113503 44.815609
-123.093559 44.801888
-123.096748 44.794422
-123.144363 44.779442
-123.149269 44.769619
-123.145988 44.747818
-123.123749 44.736954
-123.146599 44.712132
END
ID 41037
-120.380844 44.558189
-120.383842 44.746174
-120.400803 44.789116
-120.379997 44.797863
-120.380363 44.817944
-120.411964 44.844536
-120.452049 44.859947
-120.450981 44.876873
-120.436737 44.888203
-120.444191 44.895317
-120.463577 44.896191
-120.465584 44.922630
-120.475777 44.932869
-120.490685 45.058563
-119.789886 45.062157
-119.789986 44.986790
-119.671303 44.987835
-119.667091 44.816692
-119.654785 44.814655
-119.651810 44.297794
-119.895935 44.300915
-119.897423 44.380692
-120.020340 44.383434
-120.023735 44.430798
-120.379593 44.430462
-120.380844 44.558189
END
ID 41039
-124.117088 44.269672
-124.053177 44.662300
-124.074341 44.814903
-124.006348 45.036274
-123.723099 45.037563
-123.722885 44.725533
-123.699081 44.725811
-123.697678 44.711704
-123.602951 44.710934
-123.601341 44.641964
-123.593483 44.640522
-123.598206 44.425892
-123.715652 44.426872
-123.714783 44.379383
-123.734688 44.379749
-123.733620 44.336842
-123.814812 44.335449
-123.817253 44.308815
-123.774040 44.305542
-123.774170 44.274918
-123.941643 44.273125
-123.944809 44.266563
-124.117088 44.269672
END
ID 41041
-118.228752 44.246513
-118.224213 44.030094
-118.345001 44.027557
-118.345123 44.033936
-118.816650 44.041531
-118.817566 43.956772
-119.656227 43.954002
-119.651810 44.297794
-119.654785 44.814655
-119.667091 44.816692
-119.671303 44.987835
-119.159050 44.989288
-118.518372 44.986649
-118.483498 44.984756
-118.429428 44.959774
-118.365929 44.976414
-118.294556 44.954296
-118.248032 44.948803
-118.227592 44.923882
-118.239243 44.891365
-118.225311 44.869129
-118.237343 44.858063
-118.297081 44.851109
-118.320534 44.832626
-118.281242 44.763184
-118.292267 44.734333
-118.317886 44.729977
-118.349594 44.741066
-118.369484 44.739498
-118.418472 44.715717
-118.451859 44.714447
-118.465050 44.700615
-118.516373 44.697758
-118.513237 44.672703
-118.488464 44.655643
-118.436768 44.639332
-118.353241 44.634270
-118.311707 44.577667
-118.321564 44.557041
-118.353928 44.540756
-118.373306 44.516838
-118.367554 44.453964
-118.410187 44.442120
-118.424583 44.426922
-118.430374 44.398136
-118.416214 44.363178
-118.486664 44.311348
-118.502625 44.253731
-118.501205 44.247364
-118.228752 44.246513
END
ID 41043
-121.838379 44.388199
-121.845680 44.427654
-121.800652 44.560326
-121.795547 44.678337
-121.798820 44.724358
-121.770309 44.757809
-121.806625 44.770672
-121.810440 44.797035
-121.800331 44.808819
-121.752144 44.819675
-120.380363 44.817944
-120.379997 44.797863
-120.400803 44.789116
-120.383842 44.746174
-120.380844 44.558189
-120.828377 44.555687
-120.826218 44.472233
-120.987625 44.471611
-120.988304 44.385338
-121.107841 44.383530
-121.838379 44.388199
END
ID 41045
-123.199295 44.277401
-123.194275 44.299561
-123.223091 44.320599
-123.235313 44.321392
-123.220345 44.360470
-123.238625 44.364182
-123.235672 44.373913
-123.219261 44.376511
-123.227844 44.407177
-123.202217 44.442184
-123.212486 44.456326
-123.213623 44.517509
-123.231781 44.547279
-123.253296 44.550842
-123.252945 44.560913
-123.231140 44.575188
-123.182175 44.580669
-123.188583 44.594540
-123.167610 44.625221
-123.074257 44.645042
-123.087273 44.668217
-123.127159 44.682396
-123.146599 44.712132
-123.123749 44.736954
-123.110298 44.744884
-123.048622 44.732143
-123.013847 44.710400
-123.015785 44.688831
-123.002159 44.680302
-122.980331 44.688133
-122.952423 44.721832
-122.922203 44.736893
-122.897751 44.737061
-122.859856 44.752895
-122.798752 44.791214
-122.753021 44.791363
-122.679314 44.773029
-122.609398 44.784203
-122.587158 44.772339
-122.539330 44.762444
-122.512238 44.746197
-122.480453 44.751160
-122.296165 44.748985
-122.253395 44.720516
-122.226540 44.689583
-122.213478 44.686897
-122.187469 44.691563
-122.141609 44.714352
-122.033081 44.682392
-121.795547 44.678337
-121.800652 44.560326
-121.845680 44.427654
-121.838379 44.388199
-121.843765 44.338253
-121.831703 44.312672
-121.831314 44.280285
-121.801941 44.253506
-122.314896 44.244022
-122.329277 44.215607
-122.371910 44.197453
-122.406166 44.210674
-122.447433 44.207619
-122.504143 44.221714
-122.516541 44.217091
-122.543686 44.228745
-122.565666 44.224171
-122.721649 44.278271
-122.792114 44.279785
-122.821472 44.271652
-122.852394 44.281708
-122.859550 44.253540
-122.903603 44.252956
-122.907524 44.195251
-123.143990 44.189541
-123.156143 44.196739
-123.150612 44.220287
-123.171738 44.241684
-123.174515 44.272160
-123.199295 44.277401
END
ID 41047
-123.774170 44.274918
-123.774040 44.305542
-123.817253 44.308815
-123.814812 44.335449
-123.733620 44.336842
-123.734688 44.379749
-123.714783 44.379383
-123.715652 44.426872
-123.598206 44.425892
-123.593483 44.640522
-123.601341 44.641964
-123.602951 44.710934
-123.146599 44.712132
-123.127159 44.682396
-123.087273 44.668217
-123.074257 44.645042
-123.167610 44.625221
-123.188583 44.594540
-123.182175 44.580669
-123.231140 44.575188
-123.252945 44.560913
-123.253296 44.550842
-123.231781 44.547279
-123.213623 44.517509
-123.212486 44.456326
-123.202217 44.442184
-123.227844 44.407177
-123.219261 44.376511
-123.235672 44.373913
-123.238625 44.364182
-123.220345 44.360470
-123.235313 44.321392
-123.223091 44.320599
-123.194275 44.299561
-123.199295 44.277401
-123.716156 44.270550
-123.715378 44.275616
-123.774170 44.274918
END
ID 41049
-119.656227 43.954002
-119.775688 43.953838
-119.773903 43.691456
-119.892212 43.689827
-120.254997 43.690041
-120.255257 43.775223
-120.381454 43.776157
-120.381599 43.868660
-120.746689 43.869305
-120.746849 43.953171
-120.984169 43.956276
-120.986435 44.125374
-121.098770 44.127884
-121.107841 44.383530
-120.988304 44.385338
-120.987625 44.471611
-120.826218 44.472233
-120.828377 44.555687
-120.380844 44.558189
-120.379593 44.430462
-120.023735 44.430798
-120.020340 44.383434
-119.897423 44.380692
-119.895935 44.300915
-119.651810 44.297794
-119.656227 43.954002
END
ID 41051
-118.224213 44.030094
-118.228752 44.246513
-118.194946 44.246822
-118.193253 44.259602
-118.150528 44.261341
-118.151627 44.288681
-118.132507 44.290672
-118.132751 44.305256
-118.110435 44.307266
-118.109993 44.319122
-118.087669 44.321133
-118.089363 44.346645
-118.070213 44.348167
-118.071686 44.360466
-118.050636 44.362915
-118.050255 44.379787
-118.030464 44.381310
-118.030800 44.403645
-118.009720 44.404720
-118.010628 44.422951
-117.962700 44.426044
-117.962875 44.438805
-117.589890 44.440067
-117.587204 44.425945
-117.563530 44.425137
-117.564072 44.413277
-117.527603 44.411602
-117.526222 44.398388
-117.505112 44.397099
-117.503075 44.380241
-117.484528 44.379852
-117.482033 44.298721
-117.216446 44.300781
-117.212563 44.284836
-117.169716 44.253448
-117.142273 44.250748
-117.111687 44.269920
-117.099556 44.267193
-117.080383 44.243961
-117.051025 44.231670
-117.029350 44.249451
-116.991707 44.247177
-116.975128 44.225296
-116.980873 44.197956
-116.912056 44.177418
-116.901260 44.146427
-116.945892 44.093140
-116.962448 44.090412
-116.975822 44.074009
-116.932602 44.014317
-116.966965 43.963310
-116.958725 43.928692
-116.977150 43.904556
-116.977158 43.873585
-116.984779 43.859467
-117.015228 43.853088
-117.009514 43.839886
-117.026634 43.831684
-117.036125 43.800259
-117.022804 43.753819
-117.025307 43.679150
-117.017906 41.994904
-118.184326 41.996742
-118.187607 42.262627
-118.205002 42.264736
-118.208038 42.904667
-118.218048 42.904575
-118.224213 44.030094
END
ID 41053
-121.999763 43.609482
-121.973915 43.628235
-121.984009 43.645176
-121.966438 43.699635
-121.974808 43.832005
-121.926941 43.907677
-121.873138 43.901917
-121.860489 43.938412
-121.828453 43.961933
-121.814285 44.040447
-121.765572 44.090557
-121.763954 44.112968
-121.786232 44.139545
-121.770531 44.188473
-121.801941 44.253506
-121.831314 44.280285
-121.831703 44.312672
-121.843765 44.338253
-121.838379 44.388199
-121.107841 44.383530
-121.098770 44.127884
-120.986435 44.125374
-120.984169 43.956276
-120.746849 43.953171
-120.746689 43.869305
-120.381599 43.868660
-120.381454 43.776157
-120.255257 43.775223
-120.254997 43.690041
-119.892212 43.689827
-119.894920 43.604145
-121.327805 43.610462
-121.999763 43.609482
END
ID 41055
-122.145554 43.435673
-122.733276 43.433701
-122.736023 43.534344
-123.103920 43.531483
-123.105103 43.594372
-123.132462 43.595837
-123.136803 43.771278
-123.344521 43.772415
-123.345924 43.801098
-123.466385 43.805294
-123.469368 43.823406
-123.527367 43.825119
-123.528816 43.860195
-123.574234 43.862968
-123.575027 43.884384
-123.616570 43.886421
-123.618813 43.915985
-123.658386 43.917198
-123.658363 43.929981
-123.703743 43.931797
-123.704590 43.940430
-123.833183 43.940243
-123.834671 43.929665
-123.852127 43.926018
-123.853432 43.913624
-123.868301 43.903263
-123.925713 43.892044
-123.927322 43.864105
-123.945129 43.864086
-123.946129 43.848965
-124.059769 43.847050
-124.063339 43.856907
-124.157097 43.857277
-124.117088 44.269672
-123.944809 44.266563
-123.941643 44.273125
-123.774170 44.274918
-123.715378 44.275616
-123.716156 44.270550
-123.199295 44.277401
-123.174515 44.272160
-123.171738 44.241684
-123.150612 44.220287
-123.156143 44.196739
-123.143990 44.189541
-122.907524 44.195251
-122.903603 44.252956
-122.859550 44.253540
-122.852394 44.281708
-122.821472 44.271652
-122.792114 44.279785
-122.721649 44.278271
-122.565666 44.224171
-122.543686 44.228745
-122.516541 44.217091
-122.504143 44.221714
-122.447433 44.207619
-122.406166 44.210674
-122.371910 44.197453
-122.329277 44.215607
-122.314896 44.244022
-121.801941 44.253506
-121.770531 44.188473
-121.786232 44.139545
-121.763954 44.112968
-121.765572 44.090557
-121.814285 44.040447
-121.828453 43.961933
-121.860489 43.938412
-121.873138 43.901917
-121.926941 43.907677
-121.974808 43.832005
-121.966438 43.699635
-121.984009 43.645176
-121.973915 43.628235
-121.999763 43.609482
-122.031448 43.601433
-122.125671 43.541279
-122.138374 43.508419
-122.121346 43.500427
-122.117348 43.489185
-122.145554 43.435673
END
ID 41057
-118.184326 41.996742
-119.309906 41.989243
-119.350655 41.988960
-119.358643 42.115749
-119.355408 42.734867
-119.934639 42.732212
-119.931877 42.902840
-119.916908 42.904087
-119.921844 43.168781
-119.890480 43.169933
-119.894920 43.604145
-119.892212 43.689827
-119.773903 43.691456
-119.775688 43.953838
-119.656227 43.954002
-118.817566 43.956772
-118.816650 44.041531
-118.345123 44.033936
-118.345001 44.027557
-118.224213 44.030094
-118.218048 42.904575
-118.208038 42.904667
-118.205002 42.264736
-118.187607 42.262627
-118.184326 41.996742
END
ID 41059
-123.235115 42.701668
-123.245033 42.700733
-123.248909 42.722870
-123.305069 42.728367
-123.305191 42.722889
-123.320671 42.721230
-123.320709 42.728519
-123.395836 42.722576
-123.396286 42.713894
-123.426781 42.712395
-123.427437 42.705986
-123.470901 42.696083
-123.472031 42.701492
-123.494476 42.700832
-123.494621 42.709026
-123.538895 42.707726
-123.538826 42.713650
-123.565811 42.714569
-123.565941 42.729145
-123.582703 42.727844
-123.582947 42.736942
-123.676849 42.737633
-123.677109 42.746731
-123.694580 42.746292
-123.695618 42.737579
-123.718689 42.736851
-123.717773 42.772442
-123.728401 42.772346
-123.770622 42.794319
-123.798248 42.788776
-123.799911 42.811935
-123.811211 42.812260
-123.814964 42.989845
-123.762390 42.991665
-123.764877 43.074516
-123.709114 43.076477
-123.706924 43.247589
-123.766327 43.249096
-123.769981 43.420422
-123.816231 43.421684
-123.818306 43.505985
-123.877884 43.506989
-123.880684 43.604050
-124.224777 43.605167
-124.157097 43.857277
-124.063339 43.856907
-124.059769 43.847050
-123.946129 43.848965
-123.945129 43.864086
-123.927322 43.864105
-123.925713 43.892044
-123.868301 43.903263
-123.853432 43.913624
-123.852127 43.926018
-123.834671 43.929665
-123.833183 43.940243
-123.704590 43.940430
-123.703743 43.931797
-123.658363 43.929981
-123.658386 43.917198
-123.618813 43.915985
-123.616570 43.886421
-123.575027 43.884384
-123.574234 43.862968
-123.528816 43.860195
-123.527367 43.825119
-123.469368 43.823406
-123.466385 43.805294
-123.345924 43.801098
-123.344521 43.772415
-123.136803 43.771278
-123.132462 43.595837
-123.105103 43.594372
-123.103920 43.531483
-122.736023 43.534344
-122.733276 43.433701
-122.145554 43.435673
-122.097916 43.423401
-122.078285 43.405476
-122.053635 43.396400
-122.047623 43.374760
-122.008354 43.337990
-122.004745 43.288464
-121.983826 43.251904
-121.994370 43.232368
-122.024918 43.211159
-122.049873 43.156902
-122.063728 43.148624
-122.068771 43.114719
-122.091919 43.087864
-122.080513 43.060978
-122.280296 43.062180
-122.277542 42.993515
-122.395882 42.990509
-122.397598 42.980415
-122.416252 42.978279
-122.417061 42.964581
-122.436256 42.961502
-122.437714 42.948238
-122.453964 42.947559
-122.455086 42.937946
-122.551308 42.933895
-122.552788 42.921082
-122.573982 42.919724
-122.575348 42.905544
-122.596581 42.904636
-122.597969 42.890911
-122.634811 42.889328
-122.636162 42.875149
-122.675415 42.872540
-122.675690 42.860683
-122.696243 42.859333
-122.696953 42.845181
-122.716179 42.842972
-122.716415 42.830666
-122.733879 42.829899
-122.734734 42.817562
-122.774803 42.817619
-122.778290 42.791958
-122.795006 42.789852
-122.795265 42.777996
-122.946434 42.768002
-122.966599 42.762524
-122.967026 42.752941
-123.152054 42.751625
-123.152390 42.734295
-123.176132 42.734085
-123.208015 42.706150
-123.235115 42.701668
END
ID 41061
-121.440407 41.994457
-122.283577 42.000900
-122.283516 42.474255
-122.272339 42.474712
-122.277542 42.993515
-122.280296 43.062180
-122.080513 43.060978
-122.091919 43.087864
-122.068771 43.114719
-122.063728 43.148624
-122.049873 43.156902
-122.024918 43.211159
-121.994370 43.232368
-121.983826 43.251904
-122.004745 43.288464
-122.008354 43.337990
-122.047623 43.374760
-122.053635 43.396400
-122.078285 43.405476
-122.097916 43.423401
-122.145554 43.435673
-122.117348 43.489185
-122.121346 43.500427
-122.138374 43.508419
-122.125671 43.541279
-122.031448 43.601433
-121.999763 43.609482
-121.327805 43.610462
-121.328789 43.346191
-121.346283 43.343792
-121.339050 42.741264
-120.998611 42.741688
-120.998245 42.735329
-120.887024 42.734596
-120.870827 41.987789
-121.440407 41.994457
END
ID 41063
-119.992401 41.989315
-120.870827 41.987789
-120.887024 42.734596
-120.998245 42.735329
-120.998611 42.741688
-121.339050 42.741264
-121.346283 43.343792
-121.328789 43.346191
-121.327805 43.610462
-119.894920 43.604145
-119.890480 43.169933
-119.921844 43.168781
-119.916908 42.904087
-119.931877 42.902840
-119.934639 42.732212
-119.355408 42.734867
-119.358643 42.115749
-119.350655 41.988960
-119.992401 41.989315
END
ID 41065
-124.484123 42.955624
-124.385544 43.261757
-124.404846 43.300365
-124.272766 43.459270
-124.224777 43.605167
-123.880684 43.604050
-123.877884 43.506989
-123.818306 43.505985
-123.816231 43.421684
-123.769981 43.420422
-123.766327 43.249096
-123.706924 43.247589
-123.709114 43.076477
-123.764877 43.074516
-123.762390 42.991665
-123.814964 42.989845
-123.811211 42.812260
-123.799911 42.811935
-123.798248 42.788776
-123.835541 42.785912
-123.836464 42.776295
-123.863380 42.776245
-123.864128 42.771198
-123.918488 42.770142
-123.917892 42.739182
-123.929672 42.738102
-123.928886 42.724010
-123.942574 42.723282
-123.942497 42.710072
-123.961067 42.708164
-123.961357 42.698578
-123.981171 42.696609
-123.983757 42.685074
-124.084351 42.684196
-124.084793 42.676422
-124.118813 42.672741
-124.122284 42.736824
-124.149277 42.737621
-124.156441 42.794670
-124.156776 42.816078
-124.148056 42.816559
-124.146645 42.827126
-124.132408 42.828815
-124.132088 42.862118
-124.142708 42.873844
-124.154648 42.874100
-124.156212 42.883133
-124.187714 42.890522
-124.190712 42.901302
-124.209045 42.902569
-124.198761 42.918186
-124.209549 42.919415
-124.210686 42.930298
-124.228973 42.931107
-124.230019 42.941082
-124.251526 42.942627
-124.252098 42.953995
-124.484123 42.955624
END
ID 41067
-122.283577 42.000900
-123.220940 42.002346
-123.225754 42.694824
-123.235115 42.701668
-123.208015 42.706150
-123.176132 42.734085
-123.152390 42.734295
-123.152054 42.751625
-122.967026 42.752941
-122.966599 42.762524
-122.946434 42.768002
-122.795265 42.777996
-122.795006 42.789852
-122.778290 42.791958
-122.774803 42.817619
-122.734734 42.817562
-122.733879 42.829899
-122.716415 42.830666
-122.716179 42.842972
-122.696953 42.845181
-122.696243 42.859333
-122.675690 42.860683
-122.675415 42.872540
-122.636162 42.875149
-122.634811 42.889328
-122.597969 42.890911
-122.596581 42.904636
-122.575348 42.905544
-122.573982 42.919724
-122.552788 42.921082
-122.551308 42.933895
-122.455086 42.937946
-122.453964 42.947559
-122.437714 42.948238
-122.436256 42.961502
-122.417061 42.964581
-122.416252 42.978279
-122.397598 42.980415
-122.395882 42.990509
-122.277542 42.993515
-122.272339 42.474712
-122.283516 42.474255
-122.283577 42.000900
END
ID 41069
-123.817963 41.993114
-124.205246 41.997814
-124.351036 42.098843
-124.413841 42.246059
-124.436600 42.429775
-124.390549 42.553196
-124.399864 42.622868
-124.558395 42.832626
-124.484123 42.955624
-124.252098 42.953995
-124.251526 42.942627
-124.230019 42.941082
-124.228973 42.931107
-124.210686 42.930298
-124.209549 42.919415
-124.198761 42.918186
-124.209045 42.902569
-124.190712 42.901302
-124.187714 42.890522
-124.156212 42.883133
-124.154648 42.874100
-124.142708 42.873844
-124.132088 42.862118
-124.132408 42.828815
-124.146645 42.827126
-124.148056 42.816559
-124.156776 42.816078
-124.156441 42.794670
-124.149277 42.737621
-124.122284 42.736824
-124.118813 42.672741
-124.084793 42.676422
-124.084351 42.684196
-123.983757 42.685074
-123.981171 42.696609
-123.961357 42.698578
-123.961067 42.708164
-123.942497 42.710072
-123.942574 42.723282
-123.928886 42.724010
-123.929672 42.738102
-123.917892 42.739182
-123.918488 42.770142
-123.864128 42.771198
-123.863380 42.776245
-123.836464 42.776295
-123.835541 42.785912
-123.798248 42.788776
-123.770622 42.794319
-123.728401 42.772346
-123.760185 42.700520
-123.811752 42.639957
-123.825699 42.585003
-123.854469 42.566631
-123.848854 42.541412
-123.866264 42.528191
-123.871109 42.507885
-123.891518 42.493595
-123.915520 42.490494
-123.945145 42.499847
-124.000008 42.487335
-123.991959 42.450859
-123.998497 42.416790
-124.033325 42.403969
-124.058685 42.383915
-124.056961 42.373070
-124.038277 42.366802
-124.028564 42.350925
-123.941422 42.350613
-123.881622 42.337402
-123.867355 42.319031
-123.847420 42.312340
-123.818794 42.248718
-123.790878 42.223770
-123.811699 42.188976
-123.807854 42.168682
-123.843193 42.143139
-123.847588 42.124691
-123.824287 42.083118
-123.841026 42.038975
-123.817963 41.993114
END
ID 41071
-123.512032 41.997993
-123.817963 41.993114
-123.841026 42.038975
-123.824287 42.083118
-123.847588 42.124691
-123.843193 42.143139
-123.807854 42.168682
-123.811699 42.188976
-123.790878 42.223770
-123.818794 42.248718
-123.847420 42.312340
-123.867355 42.319031
-123.881622 42.337402
-123.941422 42.350613
-124.028564 42.350925
-124.038277 42.366802
-124.056961 42.373070
-124.058685 42.383915
-124.033325 42.403969
-123.998497 42.416790
-123.991959 42.450859
-124.000008 42.487335
-123.945145 42.499847
-123.915520 42.490494
-123.891518 42.493595
-123.871109 42.507885
-123.866264 42.528191
-123.848854 42.541412
-123.854469 42.566631
-123.825699 42.585003
-123.811752 42.639957
-123.760185 42.700520
-123.728401 42.772346
-123.717773 42.772442
-123.718689 42.736851
-123.695618 42.737579
-123.694580 42.746292
-123.677109 42.746731
-123.676849 42.737633
-123.582947 42.736942
-123.582703 42.727844
-123.565941 42.729145
-123.565811 42.714569
-123.538826 42.713650
-123.538895 42.707726
-123.494621 42.709026
-123.494476 42.700832
-123.472031 42.701492
-123.470901 42.696083
-123.427437 42.705986
-123.426781 42.712395
-123.396286 42.713894
-123.395836 42.722576
-123.320709 42.728519
-123.320671 42.721230
-123.305191 42.722889
-123.305069 42.728367
-123.248909 42.722870
-123.245033 42.700733
-123.235115 42.701668
-123.225754 42.694824
-123.220940 42.002346
-123.512032 41.997993
END