ID 42
503128.6 296558
506781.5 296465.9
529832.4 296466.2
553743.5 296224.7
562157.5 296240.1
600005.7 296008.2
611618 296099.4
665000.1 296573.7
668198.8 296647.2
698777.4 296827.3
732859.4 297228.2
736258.9 297285.1
787830.6 298470.9
798090.4 298763.0
799576.4 298116.1
803781.1 293856.5
804946.5 292224.1
806449 286285.6
816234 282765.4
824774.3 257198.4
825989.6 251805.1
828883 247743.0
830901.3 244912.7
838809 238780.5
840111.6 237876.5
846627 236992.6
850318.6 236704.1
855617.4 229182.4
850108 226657.2
847318.5 224624.4
844572 221004.5
843912.7 219881.0
842090.2 215852.8
841668 214426.1
841926.5 213989.3
841739.2 212194.1
840594.8 209054.6
837305.6 204204.8
833131 200268.4
833471 199604.7
821312.2 184839.3
827351.3 174327.8
827500.2 173622.5
827328.8 172977.1
822904.5 165199.1
820777 163210.5
819509.8 163286.5
818293.8 163650.7
817626.1 163560
815605 160600.2
815174 153907.4
815679.8 145796.7
816041.4 144721.2
816590 142855.8
827461.4 135902.6
831296 122390.0
838366.8 116108.1
838829.3 115697.9
857763.6 94762.36
836781.2 83152.54
829975.6 76560.98
821424.3 66280.21
817260.2 62259.08
799947.8 54658.22
784380.2 58190.97
768182.7 45002.82
738420 44371.8
730042.6 44195.41
729466 44185.52
701226.8 43743.98
682561.6 43472.92
664342 43221.26
645718.5 43071.55
624915.3 42976.65
624081.9 42974.05
570077.8 43250.7
549196.6 43386.1
545943.8 43410.32
509245.4 43780.31
498727.1 43919.15
459204.7 44391.73
451959 44500.75
427345.7 44988.53
414274 45299.73
370980.6 46529.92
362586.4 46812.35
363436.0 73560.24
363632.3 79551.29
364132.4 95450.4
365059.5 121993.8
365273.3 130707.4
365809.9 148625.6
366545.7 172215.3
366653.6 177602.9
367501 202598.1
367516.8 203518.3
368751.8 243002.6
368788.5 244214
370000.6 283037.9
370435.4 297245.9
386325 303283.6
408008.2 314896.8
425098.9 323909.1
433951.4 328021.9
433867 325044.1
433586.4 312622.7
433313.7 297938.1
444589.6 297682.8
445857.9 297654
491328 296868
503128.6 296558
