ID 42127
787830.6 298470.9
798090.4 298763.0
799576.4 298116.1
803781.1 293856.5
804946.5 292224.1
806449 286285.6
816234 282765.4
824774.3 257198.4
815291 240434.9
804217.7 224224.6
800457.5 214383.6
788136.2 213279.7
791846.1 215012.1
793481.6 216345.4
790600.5 258793.5
787830.6 298470.9
ID 42115
736258.9 297285.1
787830.6 298470.9
790600.5 258793.5
769042 258337
756750.5 258277.3
736243.3 257795.9
736175.5 258761.2
732859.4 297228.2
736258.9 297285.1
ID 42015
698777.4 296827.3
732859.4 297228.2
736175.5 258761.2
727678.5 246375.8
678073.1 251027.4
672990.9 251685.2
668198.8 296647.2
698777.4 296827.3
ID 42117
668198.8 296647.2
672990.9 251685.2
672435.2 250849.3
665885.6 246598.3
646550.3 245795.3
612551 245302.7
611618 296099.4
665000.1 296573.7
668198.8 296647.2
ID 42103
824774.3 257198.4
825989.6 251805.1
828883 247743.0
830901.3 244912.7
838809 238780.5
840111.6 237876.5
846627 236992.6
850318.6 236704.1
855617.4 229182.4
850108 226657.2
847318.5 224624.4
844572 221004.5
843912.7 219881.0
842090.2 215852.8
841668 214426.1
841926.5 213989.3
841739.2 212194.1
840594.8 209054.6
837305.6 204204.8
833131 200268.4
831712 198931.9
828634.3 197758.4
817640.7 204938.3
819772.5 216399.6
800457.5 214383.6
804217.7 224224.6
815291 240434.9
824774.3 257198.4
ID 42105
611618 296099.4
612551 245302.7
612686.3 238228.2
580018.1 237827.4
562203.7 253819.1
562157.5 296240.1
600005.7 296008.2
611618 296099.4
ID 42049
445857.9 297654
445335.7 281114.7
439498.5 281424.0
420576.4 281749.3
370000.6 283037.9
370435.4 297245.9
386325 303283.6
408008.2 314896.8
425098.9 323909.1
433951.4 328021.9
433867 325044.1
433586.4 312622.7
433313.7 297938.1
444589.6 297682.8
445857.9 297654
ID 42069
769042 258337
790600.5 258793.5
793481.6 216345.4
791846.1 215012.1
788136.2 213279.7
780388.6 205199.9
777798.6 205988.8
776765.7 206774.5
776293.3 208000.4
775787.3 215848.4
771170.3 225087.7
766484.5 227019.8
761975.9 229717.5
760396 232253.3
760103.7 234252.1
765136.9 243098.3
762558.4 245008.8
764751.4 250714.3
768326.4 257614.8
769042 258337
ID 42131
736175.5 258761.2
736243.3 257795.9
756750.5 258277.3
769042 258337
768326.4 257614.8
764751.4 250714.3
762558.4 245008.8
765136.9 243098.3
760103.7 234252.1
758760.5 233625.8
745584 229212.7
722737.5 227988.2
727678.5 246375.8
736175.5 258761.2
ID 42083
553743.5 296224.7
562157.5 296240.1
562203.7 253819.1
544210.6 252159.5
538875.9 255280.1
527517.6 255197.3
523115.7 254891.3
510137.8 254795.4
499477.1 255042.3
500403.1 277983.8
502656.2 278004.0
503152.6 279105.6
503325.4 291553.8
503128.6 296558
506781.5 296465.9
529832.4 296466.2
553743.5 296224.7
ID 42123
491328 296868
503128.6 296558
503325.4 291553.8
503152.6 279105.6
502656.2 278004.0
500403.1 277983.8
499477.1 255042.3
453141 255898.4
444739.2 255993.0
445335.7 281114.7
445857.9 297654
491328 296868
ID 42113
678073.1 251027.4
727678.5 246375.8
722737.5 227988.2
720529.7 220331.2
709123.1 216480.4
700643.6 218305.2
696938.3 219499.1
683538 230708.7
678073.1 251027.4
ID 42081
672990.9 251685.2
678073.1 251027.4
683538 230708.7
696938.3 219499.1
700643.6 218305.2
709123.1 216480.4
693106.4 202942.7
685371.6 204662.5
671645.9 200846.7
666315.1 201884.5
664825 195093.7
650924 192884.1
649229.1 192858
625475.4 217121.8
617368.7 227576.1
612764.3 234060.8
612686.3 238228.2
612551 245302.7
646550.3 245795.3
665885.6 246598.3
672435.2 250849.3
672990.9 251685.2
ID 42079
722737.5 227988.2
745584 229212.7
758760.5 233625.8
760103.7 234252.1
760396 232253.3
761975.9 229717.5
766484.5 227019.8
771170.3 225087.7
775787.3 215848.4
776293.3 208000.4
776765.7 206774.5
777798.6 205988.8
780388.6 205199.9
776415 200740.6
774940.2 202010.3
772819.9 201706.4
772424.3 201498
766999.5 197166.7
766649.2 196718.1
766440.4 195775.0
766384 193436.5
769082 190221.9
769740.5 187908.6
747642.6 176866.2
729842.6 180616.5
723649.2 200732.1
720027.8 208800.1
720004.9 211414.0
720529.7 220331.2
722737.5 227988.2
ID 42089
800457.5 214383.6
819772.5 216399.6
817640.7 204938.3
828634.3 197758.4
831712 198931.9
833131 200268.4
833471 199604.7
821312.2 184839.3
791985.4 166965.5
783636.1 181171.5
789648.8 186083.0
778863.4 199347.7
776415 200740.6
780388.6 205199.9
788136.2 213279.7
800457.5 214383.6
ID 42039
445335.7 281114.7
444739.2 255993.0
444723.2 255237.9
426624.2 253975
415641.6 244402.6
412120.1 241883.3
368751.8 243002.6
368788.5 244214
370000.6 283037.9
420576.4 281749.3
439498.5 281424.0
445335.7 281114.7
ID 42023
544210.6 252159.5
562203.7 253819.1
580018.1 237827.4
571203.2 209212.5
559145.9 210775.9
559397.5 221110.9
557855.8 230134.1
543967.6 230253.1
544210.6 252159.5
ID 42047
499477.1 255042.3
510137.8 254795.4
523115.7 254891.3
527517.6 255197.3
538875.9 255280.1
544210.6 252159.5
543967.6 230253.1
557855.8 230134.1
559397.5 221110.9
559145.9 210775.9
532342.6 212925.6
524834 212891.5
519454.3 207920.4
519505.3 211074.3
517430.3 214724.2
498820.7 225979.4
489348.9 225140.2
487411.2 223776.1
487676.2 232930.4
490238.9 236215.6
497494.6 235950.7
499019.7 239943.5
499477.1 255042.3
ID 42037
720529.7 220331.2
720004.9 211414.0
720027.8 208800.1
723649.2 200732.1
729842.6 180616.5
726384.8 176786.4
723500.3 173161.2
721747.6 164049.6
715635.1 161031.6
702988.1 172729.9
704205 179808.9
703787.9 181348.2
699203.4 191698.8
695279.9 194130.6
693106.4 202942.7
709123.1 216480.4
720529.7 220331.2
ID 42035
612686.3 238228.2
612764.3 234060.8
617368.7 227576.1
625475.4 217121.8
649229.1 192858
650924 192884.1
650979.1 190082.3
634448.9 183813.0
620303.2 180949.2
614282.9 190326.3
613512.3 193029.4
610795.4 195161.9
584238.4 208404.5
575807.5 202165.9
571203.2 209212.5
580018.1 237827.4
612686.3 238228.2
ID 42053
453141 255898.4
499477.1 255042.3
499019.7 239943.5
497494.6 235950.7
490238.9 236215.6
487676.2 232930.4
487411.2 223776.1
477858.7 222928.1
478195.5 233909.3
465614.9 234721.8
462086 234791.8
461949.7 229288.9
455467.7 229380.3
455565.7 235360.7
452946.9 242790.7
453141 255898.4
ID 42025
747642.6 176866.2
769740.5 187908.6
769082 190221.9
766384 193436.5
766440.4 195775.0
766649.2 196718.1
766999.5 197166.7
772424.3 201498
772819.9 201706.4
774940.2 202010.3
776415 200740.6
778863.4 199347.7
789648.8 186083.0
783636.1 181171.5
791985.4 166965.5
780690.4 163643.9
768266.8 157583.3
747642.6 176866.2
ID 42121
453141 255898.4
452946.9 242790.7
455565.7 235360.7
455467.7 229380.3
455336.2 223755.7
450002.8 222230.0
449119.2 222251.4
444682.2 219493.5
442695.6 217517.8
440754.4 214959.5
436792.5 206068.4
411220.1 206555.6
412120.1 241883.3
415641.6 244402.6
426624.2 253975
444723.2 255237.9
444739.2 255993.0
453141 255898.4
ID 42095
821312.2 184839.3
827351.3 174327.8
827500.2 173622.5
827328.8 172977.1
822904.5 165199.1
820777 163210.5
819509.8 163286.5
818293.8 163650.7
817626.1 163560
815605 160600.2
815174 153907.4
815679.8 145796.7
816041.4 144721.2
804659.9 136427.2
799344.3 142526.1
791829 149293.8
782215.5 157987.1
781386.7 159518.5
780690.4 163643.9
791985.4 166965.5
821312.2 184839.3
ID 42097
671645.9 200846.7
685371.6 204662.5
683445 190954.9
680424.2 179831.5
680583.8 179571.2
685514.9 180505.3
691635.9 182075.0
694109.2 181626.8
695694.6 180291.5
702988.1 172729.9
715635.1 161031.6
688666.3 147616.3
684969.9 147193.7
674259.3 142825.3
670142.3 142043.9
669731.3 141986.8
668813.1 142392.4
667766.6 144080.7
668581.3 145259.2
669403.7 145876.5
673535.7 150675.0
674415.7 151958.7
675102.2 153322.6
675613.3 155185
675497.8 158187.5
678256.3 167552.8
680052.3 172389.8
677996.9 173358.7
675638 175889.3
673615.3 179920.0
673039.5 182035.9
673443.1 183389.7
672742.9 195796.0
671645.9 200846.7
ID 42093
685371.6 204662.5
693106.4 202942.7
695279.9 194130.6
699203.4 191698.8
703787.9 181348.2
704205 179808.9
702988.1 172729.9
695694.6 180291.5
694109.2 181626.8
691635.9 182075.0
685514.9 180505.3
680583.8 179571.2
680424.2 179831.5
683445 190954.9
685371.6 204662.5
ID 42119
650924 192884.1
664825 195093.7
666315.1 201884.5
671645.9 200846.7
672742.9 195796.0
673443.1 183389.7
673039.5 182035.9
673615.3 179920.0
675638 175889.3
677996.9 173358.7
680052.3 172389.8
677352 173084.0
668131.1 172964.4
656621.4 170539.9
636879.7 165058.1
633191.8 163742.5
632593.4 168171.4
639835.8 175382.4
645910.6 184346.4
650979.1 190082.3
650924 192884.1
ID 42031
455467.7 229380.3
461949.7 229288.9
462086 234791.8
465614.9 234721.8
478195.5 233909.3
477858.7 222928.1
476833.9 191704.5
468324.2 186703.1
458759.2 184858.1
452445.9 183938.1
450828 183795.7
448390 184445.3
446720.3 185040.3
438935.5 192287.5
437891.5 197060.1
437797.9 198114.3
437163.9 205819.7
436792.5 206068.4
440754.4 214959.5
442695.6 217517.8
444682.2 219493.5
449119.2 222251.4
450002.8 222230.0
455336.2 223755.7
455467.7 229380.3
ID 42065
477858.7 222928.1
487411.2 223776.1
489348.9 225140.2
498820.7 225979.4
517430.3 214724.2
519505.3 211074.3
519454.3 207920.4
514741.3 208073.3
512065.6 201676.9
511965 201436
511405.3 198281.4
511100.2 175154.2
476557.5 176243.2
476833.9 191704.5
477858.7 222928.1
ID 42085
368751.8 243002.6
412120.1 241883.3
411220.1 206555.6
402774.6 195437.2
398596.7 200437.1
389412.7 202268.8
367501 202598.1
367516.8 203518.3
368751.8 243002.6
ID 42027
575807.5 202165.9
584238.4 208404.5
610795.4 195161.9
613512.3 193029.4
614282.9 190326.3
620303.2 180949.2
634448.9 183813.0
650979.1 190082.3
645910.6 184346.4
639835.8 175382.4
632593.4 168171.4
605799.6 155055.3
603334.5 153367.0
583585 150833.8
569080.1 156165.8
548243 155613.3
547154.4 157625.2
547096.3 157981.2
560103.8 175149
561237.8 175992.9
565837.1 178656.5
570841.7 179618
571348.5 180025.1
573675.8 186595.9
574054.4 189164.2
575807.5 202165.9
ID 42107
729842.6 180616.5
747642.6 176866.2
768266.8 157583.3
757111 150878.8
748594.6 146533.0
747815.3 143184.3
743265.7 139425.9
728329.5 133002.6
726499.9 132490.8
722367.4 132237.4
711028.6 129915
702866.1 136373.1
688666.3 147616.3
715635.1 161031.6
721747.6 164049.6
723500.3 173161.2
726384.8 176786.4
729842.6 180616.5
ID 42033
559145.9 210775.9
571203.2 209212.5
575807.5 202165.9
574054.4 189164.2
573675.8 186595.9
571348.5 180025.1
570841.7 179618
565837.1 178656.5
561237.8 175992.9
560103.8 175149
547096.3 157981.2
547154.4 157625.2
548243 155613.3
549275.1 154678.9
511152.6 155003.5
511100.2 175154.2
511405.3 198281.4
511965 201436
512065.6 201676.9
514741.3 208073.3
519454.3 207920.4
524834 212891.5
532342.6 212925.6
559145.9 210775.9
ID 42077
780690.4 163643.9
781386.7 159518.5
782215.5 157987.1
791829 149293.8
799344.3 142526.1
804659.9 136427.2
792282.5 122953.0
788336.8 126032.8
757111 150878.8
768266.8 157583.3
780690.4 163643.9
ID 42109
680052.3 172389.8
678256.3 167552.8
675497.8 158187.5
675613.3 155185
675102.2 153322.6
674415.7 151958.7
673535.7 150675.0
669403.7 145876.5
668581.3 145259.2
668456.7 146093.8
668063.8 146557.7
659902.8 149672.9
654167.2 150989.4
650622.4 149700.2
639053.5 151140.5
633191.8 163742.5
636879.7 165058.1
656621.4 170539.9
668131.1 172964.4
677352 173084.0
680052.3 172389.8
ID 42011
788336.8 126032.8
774688.6 102893.6
759894.4 90941.93
735861 110305.9
711028.6 129915
722367.4 132237.4
726499.9 132490.8
728329.5 133002.6
743265.7 139425.9
747815.3 143184.3
748594.6 146533.0
757111 150878.8
788336.8 126032.8
ID 42019
437163.9 205819.7
435734.7 150197.0
397228.9 151675.2
396942.9 171748.4
402774.6 195437.2
411220.1 206555.6
436792.5 206068.4
437163.9 205819.7
ID 42005
476833.9 191704.5
476557.5 176243.2
476316 161208.6
462505 142719.9
455959 134275.4
435759.4 150089.8
435734.7 150197.0
437163.9 205819.7
437797.9 198114.3
437891.5 197060.1
438935.5 192287.5
446720.3 185040.3
448390 184445.3
450828 183795.7
452445.9 183938.1
458759.2 184858.1
468324.2 186703.1
476833.9 191704.5
ID 42087
632593.4 168171.4
633191.8 163742.5
639053.5 151140.5
633846.8 148953.7
630856.7 147501.1
625016.5 144213.6
621786.3 142137.0
611651.9 131125.5
599848.1 116089.7
599003.4 114964.4
593219 114431.3
591023 114543.5
590217 115282.4
586622.4 119785.3
592222.1 135101.0
593215.8 136972.9
594788.7 139445.8
598097.8 143525.2
604750.5 152698.8
605799.6 155055.3
632593.4 168171.4
ID 42043
688666.3 147616.3
702866.1 136373.1
690895.9 127285.4
700525.2 96419.03
700813.6 96547.82
687665.5 87869.86
675884.5 99518.83
671093.2 110866.7
663009.9 114056.5
661932.2 114943.2
661215.4 117177.4
661224.8 117604.2
666131.5 139281.2
667766.6 144080.7
668813.1 142392.4
669731.3 141986.8
670142.3 142043.9
674259.3 142825.3
684969.9 147193.7
688666.3 147616.3
ID 42073
402774.6 195437.2
396942.9 171748.4
366545.7 172215.3
366653.6 177602.9
367501 202598.1
389412.7 202268.8
398596.7 200437.1
402774.6 195437.2
ID 42067
668581.3 145259.2
667766.6 144080.7
649120.6 136667.5
639015.3 131692.3
625190.9 123343.3
617815.1 118371.9
608568.7 108624.4
606652.6 106206.7
603987.2 103319.3
599848.1 116089.7
611651.9 131125.5
621786.3 142137.0
625016.5 144213.6
630856.7 147501.1
633846.8 148953.7
639053.5 151140.5
650622.4 149700.2
654167.2 150989.4
659902.8 149672.9
668063.8 146557.7
668456.7 146093.8
668581.3 145259.2
ID 42063
476557.5 176243.2
511100.2 175154.2
511152.6 155003.5
496036.6 118710.8
480796.8 120644.1
460806.3 125772.4
455723.6 128966.6
455556.7 129185.5
455109.1 132941
455959 134275.4
462505 142719.9
476316 161208.6
476557.5 176243.2
ID 42099
671093.2 110866.7
665843 108720.1
661896.9 108035.8
629637.9 102636.0
612310 94614.7
611618.4 96157.65
606652.6 106206.7
608568.7 108624.4
617815.1 118371.9
625190.9 123343.3
639015.3 131692.3
649120.6 136667.5
667766.6 144080.7
666131.5 139281.2
661224.8 117604.2
661215.4 117177.4
661932.2 114943.2
663009.9 114056.5
671093.2 110866.7
ID 42061
569080.1 156165.8
583585 150833.8
603334.5 153367.0
605799.6 155055.3
604750.5 152698.8
598097.8 143525.2
594788.7 139445.8
593215.8 136972.9
592222.1 135101.0
586622.4 119785.3
590217 115282.4
591023 114543.5
593219 114431.3
599003.4 114964.4
599848.1 116089.7
603987.2 103319.3
590257.3 80874.2
585033.8 85360.77
572133.2 88855.43
567239.5 92452.04
556866.6 107219.8
565601.3 122795.9
567417.9 126640.8
567774.2 127610.6
567831.3 128407.1
566171.5 132427.7
562186.2 136226.3
560097.5 149028.9
560652.5 150198.9
561856.6 151667.7
569080.1 156165.8
ID 42075
702866.1 136373.1
711028.6 129915
735861 110305.9
722701 103347.3
711768.1 101257.4
700813.6 96547.82
700525.2 96419.03
690895.9 127285.4
702866.1 136373.1
ID 42013
548243 155613.3
569080.1 156165.8
561856.6 151667.7
560652.5 150198.9
560097.5 149028.9
562186.2 136226.3
566171.5 132427.7
567831.3 128407.1
567774.2 127610.6
567417.9 126640.8
565601.3 122795.9
556866.6 107219.8
555705.6 104386.5
554238.1 101352.6
541109.5 104844.9
526034.4 110698.8
549275.1 154678.9
548243 155613.3
ID 42021
511152.6 155003.5
549275.1 154678.9
526034.4 110698.8
522707 101394.6
514936.5 101505.1
503826.2 101963.4
502654.4 104586.1
499972.6 106331.3
488943.3 106470.8
496036.6 118710.8
511152.6 155003.5
ID 42071
735861 110305.9
759894.4 90941.93
754006 87628.98
750017.9 70320.37
749809.1 67499.86
749858.4 65547.04
750347.1 62440.43
748375.4 56740.87
746131.8 52228.79
744482.6 49593.45
738420 44371.8
730042.6 44195.41
729466 44185.52
729562.2 44710.33
729252.3 45470.83
717212.3 62496.95
703927.4 79043.02
702078.3 79868.23
699761.2 79959.79
694383.2 81233.68
687665.5 87869.86
700813.6 96547.82
711768.1 101257.4
722701 103347.3
735861 110305.9
ID 42007
366545.7 172215.3
396942.9 171748.4
397228.9 151675.2
397369.2 144970.9
390185.2 140598.7
378649.5 130319.3
365273.3 130707.4
365809.9 148625.6
366545.7 172215.3
ID 42041
671093.2 110866.7
675884.5 99518.83
671239.3 95198.87
659483 88801.5
652293.8 81944.11
649598.7 79236.92
646114.8 77152.86
639860 75926.12
629581.5 73427.14
623791.4 67908.03
621713 74644.85
612010.5 91078.08
610453.4 94980.52
611618.4 96157.65
612310 94614.7
629637.9 102636.0
661896.9 108035.8
665843 108720.1
671093.2 110866.7
ID 42003
435734.7 150197.0
435759.4 150089.8
434264.8 125097.2
434148.9 123311.6
433942 122783.1
425220.6 101795.0
424062.7 100037.9
419460.5 98110.64
411039 102138.3
393270.3 113792.2
378649.5 130319.3
390185.2 140598.7
397369.2 144970.9
397228.9 151675.2
435734.7 150197.0
ID 42129
455959 134275.4
455109.1 132941
455556.7 129185.5
455723.6 128966.6
460806.3 125772.4
480796.8 120644.1
496036.6 118710.8
488943.3 106470.8
468265.5 79661.7
455310.5 89858.58
454568.8 90403.83
452602.3 91340.76
450491.3 91174.74
430027.7 90173.5
418692.8 90285.24
419460.5 98110.64
424062.7 100037.9
425220.6 101795.0
433942 122783.1
434148.9 123311.6
434264.8 125097.2
435759.4 150089.8
455959 134275.4
ID 42133
675884.5 99518.83
687665.5 87869.86
694383.2 81233.68
699761.2 79959.79
702078.3 79868.23
703927.4 79043.02
717212.3 62496.95
729252.3 45470.83
729562.2 44710.33
729466 44185.52
701226.8 43743.98
682561.6 43472.92
664342 43221.26
664258.1 55174.03
664341.9 55632.55
666645.3 60252.57
667061.5 65574.74
666976.5 67125.63
662442.3 75817.73
656164.4 80175.28
653253.2 81687.23
652293.8 81944.11
659483 88801.5
671239.3 95198.87
675884.5 99518.83
ID 42055
603987.2 103319.3
606652.6 106206.7
611618.4 96157.65
610453.4 94980.52
612010.5 91078.08
621713 74644.85
623791.4 67908.03
624915.3 42976.65
624081.9 42974.05
570077.8 43250.7
572803.3 46401.57
578295.3 54689.05
580118.9 58276.09
583975.8 68380.97
585550 74426.24
588607.4 79405.53
589217.9 80109.59
590257.3 80874.2
603987.2 103319.3
ID 42009
526034.4 110698.8
541109.5 104844.9
554238.1 101352.6
555705.6 104386.5
556866.6 107219.8
567239.5 92452.04
565171.2 87647.82
559409 72342.91
553021.9 54803.4
549250.8 48009.51
545943.8 43410.32
509245.4 43780.31
512892.1 51805.51
513767.1 54927.6
515562.2 82220.95
522707 101394.6
526034.4 110698.8
ID 42001
652293.8 81944.11
653253.2 81687.23
656164.4 80175.28
662442.3 75817.73
666976.5 67125.63
667061.5 65574.74
666645.3 60252.57
664341.9 55632.55
664258.1 55174.03
664342 43221.26
645718.5 43071.55
624915.3 42976.65
623791.4 67908.03
629581.5 73427.14
639860 75926.12
646114.8 77152.86
649598.7 79236.92
652293.8 81944.11
ID 42125
378649.5 130319.3
393270.3 113792.2
411039 102138.3
419460.5 98110.64
418692.8 90285.24
408008.9 74615.05
392454.1 77647.42
383218.7 79375.18
382224.8 79451.94
363436.0 73560.24
363632.3 79551.29
364132.4 95450.4
365059.5 121993.8
365273.3 130707.4
378649.5 130319.3
ID 42111
522707 101394.6
515562.2 82220.95
513767.1 54927.6
512892.1 51805.51
509245.4 43780.31
498727.1 43919.15
459204.7 44391.73
457706.3 45934.18
457304.1 59134.65
459013.2 64305.61
465057.1 74463.74
468265.5 79661.7
488943.3 106470.8
499972.6 106331.3
502654.4 104586.1
503826.2 101963.4
514936.5 101505.1
522707 101394.6
ID 42057
567239.5 92452.04
572133.2 88855.43
585033.8 85360.77
590257.3 80874.2
589217.9 80109.59
588607.4 79405.53
585550 74426.24
583975.8 68380.97
580118.9 58276.09
578295.3 54689.05
572803.3 46401.57
570077.8 43250.7
549196.6 43386.1
545943.8 43410.32
549250.8 48009.51
553021.9 54803.4
559409 72342.91
565171.2 87647.82
567239.5 92452.04
ID 42051
418692.8 90285.24
430027.7 90173.5
450491.3 91174.74
452602.3 91340.76
454568.8 90403.83
455310.5 89858.58
468265.5 79661.7
465057.1 74463.74
459013.2 64305.61
457304.1 59134.65
457706.3 45934.18
459204.7 44391.73
451959 44500.74
427345.7 44988.53
414274 45299.73
408008.9 74615.05
418692.8 90285.24
ID 42059
363436.0 73560.24
382224.8 79451.94
383218.7 79375.18
392454.1 77647.42
408008.9 74615.05
414274 45299.73
370980.6 46529.92
362586.4 46812.35
363436.0 73560.24
ID 42017
816590 142855.8
827461.4 135902.6
831296 122390.0
838366.8 116108.1
838829.3 115697.9
857763.6 94762.36
836781.2 83152.54
833046.4 92922.61
792282.5 122953.0
804659.9 136427.2
816041.4 144721.2
816590 142855.8
ID 42091
792282.5 122953.0
833046.4 92922.61
822752.2 85301.25
818639.2 89281.22
812510.7 82995.03
816243.2 78857.62
811287.7 74396.85
803889 84111.78
795111 87921.91
788218.8 95798.49
787552.7 97081.25
787359.5 97465.17
779481 102541.5
774688.6 102893.6
788336.8 126032.8
792282.5 122953.0
ID 42101
836781.2 83152.54
829975.6 76560.98
821424.3 66280.21
817260.2 62259.08
811287.7 74396.85
816243.2 78857.62
812510.7 82995.03
818639.2 89281.22
822752.2 85301.25
833046.4 92922.61
836781.2 83152.54
ID 42029
774688.6 102893.6
779481 102541.5
787359.5 97465.17
787552.7 97081.25
788218.8 95798.49
795111 87921.91
803889 84111.78
784380.2 58190.97
768182.7 45002.82
738420 44371.8
744482.6 49593.45
746131.8 52228.79
748375.4 56740.87
750347.1 62440.43
749858.4 65547.04
749809.1 67499.86
750017.9 70320.37
754006 87628.98
759894.4 90941.93
774688.6 102893.6
ID 42045
803889 84111.78
811287.7 74396.85
817260.2 62259.08
799947.8 54658.22
784380.2 58190.97
803889 84111.78
