ID 44001
111987.7 70975.66
111206.3 72450.36
115148.5 76955.88
122880.4 69639.27
125344.2 65765.64
120739.2 61717.91
119012.2 60070.03
118803.8 59693.71
113321.4 63030.22
111987.7 70975.66
ID 44003
111987.7 70975.66
107610.8 63355.45
101316.9 57669.91
75876.07 57078.16
75883.08 61865.23
75896.94 71275.17
103510.7 72064.71
103785.3 72098.17
104666.7 72976.12
104715.8 74120.15
105205.8 75120.1
105496.7 75286.92
108315.1 76044.91
109321.9 75568.56
110121.6 74625.56
111206.3 72450.36
111987.7 70975.66
ID 44005
125344.2 65765.64
131682.0 46060.6
127787.5 43152.07
115759.7 40827.65
112442.2 40821.18
111467.4 41883.23
111568.7 42377.78
118732.5 59564.9
118803.8 59693.71
119012.2 60070.03
120739.2 61717.91
125344.2 65765.64
ID 44009
75876.07 57078.16
101316.9 57669.91
107610.8 63355.45
108023.7 56199.34
107100.6 48088.66
106683.7 44584.75
106432.6 43243.38
105961.4 41185.66
105547.8 40167.67
103731.6 36053.56
101397.5 32027.89
72054 25852.04
69895.59 26612.34
75876.07 57078.16
ID 44007
100165.2 103721.5
109822.9 100148.4
115148.5 76955.88
111206.3 72450.36
110121.6 74625.56
109321.9 75568.56
108315.1 76044.91
105496.7 75286.92
105205.8 75120.1
104715.8 74120.15
104666.7 72976.12
103785.3 72098.17
103510.7 72064.71
75896.94 71275.17
75210.85 102747.5
100165.2 103721.5
