ID 45
671775.8 330745.1
707723 330244.6
729671.1 330291.3
750637.6 311247.6
751727.7 310221.5
787131.1 275119.3
826745.6 236530.7
837094.4 226469.9
833064.8 225617.2
825044.4 222472
821213.8 220451.0
815863.5 216826
815336.9 216415.3
813210.8 214757.8
812200.5 213970.4
810571.7 212432.1
808331.2 210317.5
807656 209680.6
800838.5 202240.7
796568.6 196619.7
795042.4 194612.6
787572.4 184665.6
787208 184053.2
786305.5 182537.0
786060.3 182125.3
785973.1 181942.5
785928.6 181849.2
783007.5 175731.4
782613.5 174677.6
782062.2 173203.8
781937.4 172870.2
780657.9 167191.5
780089.4 164169.5
779154.3 159203.8
779126.6 159056.5
779126.8 159018.5
779133.7 157606.5
779135.4 157261.6
779958 153796.1
778579.5 150126.9
777870.7 149260.9
773243 144617.4
769089.3 142899.2
762827.5 131338.3
758745 130967.3
751295.1 130562.5
739944.4 122050.6
731732.6 113564.4
715661.3 100560.7
697229.4 85995.19
696233.4 85781.17
695370.6 85478.33
692084.7 84325.96
684241.8 80383.7
680098.9 77473.46
672350.6 71711.3
671874.3 71767.64
671794 71777.14
664252.7 73080.74
658858 72704.02
662942.7 64175.53
663232.1 63192.67
663300.7 61849.5
662837.9 60241.79
660900.5 54826.63
659854.8 54012.92
633276.5 34056.68
627298.9 30673.45
621193.9 27443.3
620415.9 22329.10
603760.2 28240.15
598902.2 31046.88
598534.6 31535.28
598087.4 36437.60
597891.4 40955.22
597797.1 43130.8
597537 49136
590888.9 70326.97
583729.1 78346.87
582069.6 79279.64
573051.2 84588.99
571633.2 101173.0
558997.9 134577.8
552050.5 139871.8
537816.8 149394.5
530203.4 157159.8
525569.9 166480.7
524730.4 175090
519739.8 183100.4
516059.2 187815.3
515379.4 188680.9
514124 190285.0
505774.1 195383.2
496629.1 206152.5
494046.1 213535.3
489114.5 219060.6
487009 221102.4
479728.7 226238.6
479316.2 226337.7
477975.7 226071.5
477390.5 226311.3
465015.2 236468.8
462128.7 242746.7
449144.2 264760.3
447141.9 274006.8
439695.1 288802.6
437376.8 293841.7
437477 294130.2
436662.5 294976.5
434858.1 295774.9
431515.9 295870.3
427789.3 295552.7
427721.1 295531.3
426625.5 295188
421137 296837.7
416213.1 301480.4
395436.5 318938.3
394133.7 322141.6
396918.1 330145.3
404552.8 339858.8
413774.1 344879.3
417118.6 353245.8
426360.8 355985.4
436493.6 359001.3
448652 360134.8
466206.3 368332.6
486166.6 374969.6
498825.3 373600.3
521302 372383
529943.3 371961.6
539623.4 371443.2
576188.3 369551.3
579712.9 369374.2
605644.1 367661.7
618123.4 359717.4
624169.5 351374.9
629513.3 344092.9
628307.7 332889.7
628193.6 331831.2
629936.6 331215.3
649703.8 331032.7
671775.8 330745.1
