ID 45091
579712.9 369374.2
605644.1 367661.7
618123.4 359717.4
618912 331314.4
565828.8 331496.5
567776.5 333458.5
566606.5 336814.7
564902 344753.3
565024.6 354576.7
565156.8 355168.3
573025.1 366438.3
576188.3 369551.3
579712.9 369374.2
ID 45021
539623.4 371443.2
576188.3 369551.3
573025.1 366438.3
565156.8 355168.3
565024.6 354576.7
564902 344753.3
566606.5 336814.7
567776.5 333458.5
565319.6 336046.1
564306.1 336751.7
562628.2 337543.9
550629.5 339958.1
544560.4 341721.5
540393.8 344839.7
537117.4 355435.3
529943.3 371961.6
539623.4 371443.2
ID 45057
618123.4 359717.4
624169.5 351374.9
629513.3 344092.9
628307.7 332889.7
628193.6 331831.2
629936.6 331215.3
649703.8 331032.7
663856.9 308616.8
650844 302487.9
652993.9 296265.7
642187.7 294180.2
636086.6 295255.4
633395.7 296624.9
633678.4 300141.7
633157.8 300186.8
620696.1 291053.1
620844.4 300522.5
619101 310734.3
619821.8 314437.7
621815.4 318736.7
620773.8 324520.2
619628.1 329668.8
618912 331314.4
618123.4 359717.4
ID 45083
521302 372383
529943.3 371961.6
537117.4 355435.3
540393.8 344839.7
544560.4 341721.5
541677.4 338332.2
537944.8 333398.4
534536 318178.8
531268.2 306547.8
504642.6 327987.1
497702.7 335427.7
497505.6 336329.9
498245 353711.1
498825.3 373600.3
521302 372383
ID 45045
486166.6 374969.6
498825.3 373600.3
498245 353711.1
497505.6 336329.9
497702.7 335427.7
504642.6 327987.1
500788.5 318288.5
496026.9 306055.7
496147.7 300397.4
488908.1 294717.2
479269.5 303392.6
476301.3 310520.7
475331.3 314262.8
475185.6 315293.8
473572.5 332140.5
474093 332601.7
473952.0 336434.6
473381.7 339100.3
469233.6 353923.1
465985.5 359417.4
448652 360134.8
466206.3 368332.6
486166.6 374969.6
ID 45069
707723 330244.6
729671.1 330291.3
750637.6 311247.6
751727.7 310221.5
735387.2 274156.1
733135.6 274924.7
733219 275356.4
731591.4 282496.2
730598.9 285404.7
727397.4 287264.0
726848.9 287318.0
726559.9 287240.2
726288 287453.2
716825.7 297293.4
716687.6 297572.9
716732.5 299369.1
717001.2 299879.2
707723 330244.6
ID 45025
671775.8 330745.1
707723 330244.6
717001.2 299879.2
697246.4 295293.1
675032.2 281116.5
663856.9 308616.8
649703.8 331032.7
671775.8 330745.1
ID 45077
448652 360134.8
465985.5 359417.4
469233.6 353923.1
473381.7 339100.3
473952.0 336434.6
474093 332601.7
473572.5 332140.5
440861 310899.8
435759.2 336018.4
432145.8 351482.0
434566.8 356838.9
436493.6 359001.3
448652 360134.8
ID 45023
618912 331314.4
619628.1 329668.8
620773.8 324520.2
621815.4 318736.7
619821.8 314437.7
619101 310734.3
620844.4 300522.5
607738.7 301239.1
586676.6 302858.4
570815.4 303799.0
565828.8 331496.5
618912 331314.4
ID 45033
751727.7 310221.5
787131.1 275119.3
781977.3 269967.5
777738.6 273649.8
758682 274778.6
755806 274700.9
750733 273373.1
744863.5 268980.0
743401.2 266748.2
735387.2 274156.1
751727.7 310221.5
ID 45073
436493.6 359001.3
434566.8 356838.9
432145.8 351482.0
435759.2 336018.4
440861 310899.8
426625.5 295188
421137 296837.7
416213.1 301480.4
395436.5 318938.3
394133.7 322141.6
396918.1 330145.3
404552.8 339858.8
413774.1 344879.3
417118.6 353245.8
426360.8 355985.4
436493.6 359001.3
ID 45087
544560.4 341721.5
550629.5 339958.1
562628.2 337543.9
564306.1 336751.7
565319.6 336046.1
567776.5 333458.5
565828.8 331496.5
570815.4 303799.0
570731 295186.2
570540 295346
569357.7 295475.8
566561.7 295185.3
565106.6 294741.7
561248.5 291094.6
550533.8 299641.5
531268.2 306547.8
534536 318178.8
537944.8 333398.4
541677.4 338332.2
544560.4 341721.5
ID 45055
663856.9 308616.8
675032.2 281116.5
675023.1 280885.9
665165.3 273487.6
662039 270397.5
662157.3 268944.5
662036.5 265594.5
658944.4 260204.6
657549.8 259104.7
645010.7 251387.3
635505 247959.4
621606.9 260510.3
625629 270095.5
620696.1 291053.1
633157.8 300186.8
633678.4 300141.7
633395.7 296624.9
636086.6 295255.4
642187.7 294180.2
652993.9 296265.7
650844 302487.9
663856.9 308616.8
ID 45031
717001.2 299879.2
716732.5 299369.1
716687.6 297572.9
716825.7 297293.4
726288 287453.2
726559.9 287240.2
726848.9 287318.0
727397.4 287264.0
730598.9 285404.7
731591.4 282496.2
733219 275356.4
733135.6 274924.7
726541.1 273732.2
716681.6 266719.6
695155.5 250197.9
694792.1 250204.8
688240 256539.7
687172.7 258515.4
690188.7 261378.8
691427.9 265981
688715 272416.8
685509.8 276766.6
682621.9 278159.9
675023.1 280885.9
675032.2 281116.5
697246.4 295293.1
717001.2 299879.2
ID 45059
531268.2 306547.8
550533.8 299641.5
544911.3 290802.7
537642.9 281075.2
534850.6 279097.4
525715.4 268192.4
522518.4 263203.2
515505.4 268767.6
503288.3 277659.3
496386.3 284478.3
495034.2 286393.4
488908.1 294717.2
496147.7 300397.4
496026.9 306055.7
500788.5 318288.5
504642.6 327987.1
531268.2 306547.8
ID 45007
440861 310899.8
473572.5 332140.5
475185.6 315293.8
475331.3 314262.8
476301.3 310520.7
479269.5 303392.6
488908.1 294717.2
449144.2 264760.3
447141.9 274006.8
439695.1 288802.6
437376.8 293841.7
437477 294130.2
436662.5 294976.5
434858.1 295774.9
431515.9 295870.3
427789.3 295552.7
427721.1 295531.3
426625.5 295188
440861 310899.8
ID 45051
781977.3 269967.5
787131.1 275119.3
826745.6 236530.7
837094.4 226469.9
833064.8 225617.2
825044.4 222472
821213.8 220451.0
815863.5 216826
815336.9 216415.3
813210.8 214757.8
812200.5 213970.4
810571.7 212432.1
808331.2 210317.5
807656 209680.6
800838.5 202240.7
796568.6 196619.7
795042.4 194612.6
777323.1 209116.1
774503.7 213764.9
770630.9 221097.9
763573.7 236282.7
763428.2 237583.5
763570.4 240928.3
763985.3 241541.6
768692 246223.1
772018.3 250363.3
781977.3 269967.5
ID 45039
620844.4 300522.5
620696.1 291053.1
625629 270095.5
613101 268224.9
598100.3 264205.1
583428.3 266155.5
580409.3 266876.9
570731 295186.2
570815.4 303799.0
586676.6 302858.4
607738.7 301239.1
620844.4 300522.5
ID 45067
743401.2 266748.2
744863.5 268980.0
750733 273373.1
755806 274700.9
758682 274778.6
777738.6 273649.8
781977.3 269967.5
772018.3 250363.3
768692 246223.1
763985.3 241541.6
763570.4 240928.3
763428.2 237583.5
763573.7 236282.7
770630.9 221097.9
774503.7 213764.9
777323.1 209116.1
765441 217132.8
764684.7 219248.7
749697 234496.3
748896.7 235563.8
747905.8 238546.4
741463.9 260676.0
741230 261556.4
741279.2 261959.3
743401.2 266748.2
ID 45041
733135.6 274924.7
735387.2 274156.1
743401.2 266748.2
741279.2 261959.3
741230 261556.4
741463.9 260676.0
747905.8 238546.4
748896.7 235563.8
749697 234496.3
764684.7 219248.7
762218.4 220947.3
760431.2 221347.4
759728.5 221170.8
754878 218572.5
753913.7 217477.8
748943.5 216590.4
727666 220409.7
720800.8 222685.5
713584.7 228097.3
704370.6 234815
701859.6 246030.8
695155.5 250197.9
716681.6 266719.6
726541.1 273732.2
733135.6 274924.7
ID 45061
675023.1 280885.9
682621.9 278159.9
685509.8 276766.6
688715 272416.8
691427.9 265981
690188.7 261378.8
687172.7 258515.4
688240 256539.7
694792.1 250204.8
695155.5 250197.9
701859.6 246030.8
699479.8 241641.5
686793.3 235852.1
685348.3 235252.4
658107.2 252586.2
657549.8 259104.7
658944.4 260204.6
662036.5 265594.5
662157.3 268944.5
662039 270397.5
665165.3 273487.6
675023.1 280885.9
ID 45071
570731 295186.2
580409.3 266876.9
578363 262239.5
566044.2 248864.3
563227.6 248581.2
559374.3 250117.5
556887.4 251479.3
551505.7 255709.8
545047.2 259679.3
542815.7 260667.0
532205.6 259697.9
529265.3 257317.5
529351.1 255627.4
522518.4 263203.2
525715.4 268192.4
534850.6 279097.4
537642.9 281075.2
544911.3 290802.7
550533.8 299641.5
561248.5 291094.6
565106.6 294741.7
566561.7 295185.3
569357.7 295475.8
570540 295346
570731 295186.2
ID 45001
488908.1 294717.2
495034.2 286393.4
486854.3 279064.7
489211.2 271816.6
490424.7 271100.8
492009.5 269581.8
493123.7 268172.6
494646 265325.8
495327.3 262200.8
495243.2 259040.9
494343.1 255890.7
492704 253009.1
490587.4 250945.7
487128.2 248172.3
482476.1 247490.5
476554.3 247843.2
475515.9 247909.7
472376.1 249896.4
468354.9 249303.9
462128.7 242746.7
449144.2 264760.3
488908.1 294717.2
ID 45079
625629 270095.5
621606.9 260510.3
635505 247959.4
645010.7 251387.3
644781.6 211863.7
633002.4 213881.2
625802.9 215304.4
612753.4 223390.2
608459.5 226976
608027.2 232606.9
607814.7 233261.3
605275.3 238917.9
603982.9 240704.0
596695.9 247886.1
593629.5 250329.3
590321.2 251231.5
587651.4 251614.4
578363 262239.5
580409.3 266876.9
583428.3 266155.5
598100.3 264205.1
613101 268224.9
625629 270095.5
ID 45047
495034.2 286393.4
496386.3 284478.3
503288.3 277659.3
515505.4 268767.6
522518.4 263203.2
529351.1 255627.4
516461.9 236485
512844.7 235576.5
513039.6 238920.8
503287.2 239394.0
497476.6 239364.4
490184.1 238729.6
487128.2 248172.3
490587.4 250945.7
492704 253009.1
494343.1 255890.7
495243.2 259040.9
495327.3 262200.8
494646 265325.8
493123.7 268172.6
492009.5 269581.8
490424.7 271100.8
489211.2 271816.6
486854.3 279064.7
495034.2 286393.4
ID 45085
657549.8 259104.7
658107.2 252586.2
685348.3 235252.4
686793.3 235852.1
699479.8 241641.5
701859.6 246030.8
704370.6 234815
684059.6 222708.1
665435.2 214689.6
652813.2 200883.3
644781.6 211863.7
645010.7 251387.3
657549.8 259104.7
ID 45063
578363 262239.5
587651.4 251614.4
590321.2 251231.5
593629.5 250329.3
596695.9 247886.1
603982.9 240704.0
605275.3 238917.9
607814.7 233261.3
608027.2 232606.9
608459.5 226976
606098.1 225957.3
605744.2 224646.1
604428.6 215388.4
606555.9 214109.6
608303.3 216015.1
613104.4 215765.8
615426.3 214316.8
616557.4 213283.5
613698.1 211203
605628.2 207797.4
592235.4 201785
583891.3 206573.9
578479.8 209039.2
576478.1 209608.1
573230.9 210040.3
571130 210638.6
560205.7 221806.2
557014.4 226166.5
556738.7 226815.1
566044.2 248864.3
578363 262239.5
ID 45081
529351.1 255627.4
529265.3 257317.5
532205.6 259697.9
542815.7 260667.0
545047.2 259679.3
551505.7 255709.8
556887.4 251479.3
559374.3 250117.5
563227.6 248581.2
566044.2 248864.3
556738.7 226815.1
549261.7 219886.7
532188.1 225773.6
530135.9 227442.7
529103.8 228649.9
526946.2 237906.3
523488.6 238103.5
516461.9 236485
529351.1 255627.4
ID 45027
704370.6 234815
713584.7 228097.3
693057.7 184845.2
681900.6 178858.0
672492.6 177399.6
669836.2 177279.1
668652.4 177583.2
665982.2 178954.6
662654.5 181941.3
660214.6 185142.7
656366.3 191426.3
652813.2 200883.3
665435.2 214689.6
684059.6 222708.1
704370.6 234815
ID 45089
764684.7 219248.7
765441 217132.8
764048.1 216846.8
763422 216463.1
758618.4 209587
756956.3 206777.7
754134.6 196589.7
740628.6 179432.3
732779 167625.6
732403 165621.7
732783.9 163986
724878.3 168025.0
716113.4 174635.2
715567.4 175293.7
714515.5 177434.2
711829 180242.3
705773.9 185159.6
703216 185771.9
695668.4 186008.4
694937.5 185928.6
693057.7 184845.2
713584.7 228097.3
720800.8 222685.5
727666 220409.7
748943.5 216590.4
753913.7 217477.8
754878 218572.5
759728.5 221170.8
760431.2 221347.4
762218.4 220947.3
764684.7 219248.7
ID 45043
765441 217132.8
777323.1 209116.1
795042.4 194612.6
787572.4 184665.6
787208 184053.2
786305.5 182537.0
786060.3 182125.3
785973.1 181942.5
785928.6 181849.2
783007.5 175731.4
782613.5 174677.6
782062.2 173203.8
781937.4 172870.2
780657.9 167191.5
780089.4 164169.5
779154.3 159203.8
779126.6 159056.5
779126.8 159018.5
779133.7 157606.5
779135.4 157261.6
779958 153796.1
778579.5 150126.9
777870.7 149260.9
773243 144617.4
769089.3 142899.2
754379.6 154140.8
732783.9 163986
732403 165621.7
732779 167625.6
740628.6 179432.3
754134.6 196589.7
756956.3 206777.7
758618.4 209587
763422 216463.1
764048.1 216846.8
765441 217132.8
ID 45065
512844.7 235576.5
502765.7 233030.6
499996.1 210324.7
505774.1 195383.2
496629.1 206152.5
494046.1 213535.3
489114.5 219060.6
487009 221102.4
479728.7 226238.6
479316.2 226337.7
477975.7 226071.5
477390.5 226311.3
465015.2 236468.8
462128.7 242746.7
468354.9 249303.9
472376.1 249896.4
475515.9 247909.7
476554.3 247843.2
482476.1 247490.5
487128.2 248172.3
490184.1 238729.6
497476.6 239364.4
503287.2 239394.0
513039.6 238920.8
512844.7 235576.5
ID 45017
608459.5 226976
612753.4 223390.2
625802.9 215304.4
633002.4 213881.2
644781.6 211863.7
652813.2 200883.3
656366.3 191426.3
654990.5 189196.1
644236.5 181986.8
641288.9 181661.7
612801.5 198720.7
605628.2 207797.4
613698.1 211203
616557.4 213283.5
615426.3 214316.8
613104.4 215765.8
608303.3 216015.1
606555.9 214109.6
604428.6 215388.4
605744.2 224646.1
606098.1 225957.3
608459.5 226976
ID 45037
516461.9 236485
523488.6 238103.5
526946.2 237906.3
529103.8 228649.9
530135.9 227442.7
532188.1 225773.6
549261.7 219886.7
515379.4 188680.9
514124 190285.0
505774.1 195383.2
499996.1 210324.7
502765.7 233030.6
512844.7 235576.5
516461.9 236485
ID 45003
556738.7 226815.1
557014.4 226166.5
560205.7 221806.2
571130 210638.6
573230.9 210040.3
576478.1 209608.1
578479.8 209039.2
583891.3 206573.9
592235.4 201785
574949.5 183827.1
537816.8 149394.5
530203.4 157159.8
525569.9 166480.7
524730.4 175090
519739.8 183100.4
516059.2 187815.3
515379.4 188680.9
549261.7 219886.7
556738.7 226815.1
ID 45075
605628.2 207797.4
612801.5 198720.7
641288.9 181661.7
644236.5 181986.8
654990.5 189196.1
656366.3 191426.3
660214.6 185142.7
662654.5 181941.3
665982.2 178954.6
668652.4 177583.2
669836.2 177279.1
672492.6 177399.6
681900.6 178858.0
669052.2 158113.7
662974 158113.6
658444.5 159984.5
657532.8 160656.1
656722.4 162492.9
656590 163313.6
656720.1 164516.1
656642.5 165404.2
656285.2 166152.1
655880.8 166585.9
629154.1 149455.6
628444.8 149022.2
619620.6 159178.5
611133 165399.0
608383.2 166831
598990.6 171736.3
588900 178188.4
574949.5 183827.1
592235.4 201785
605628.2 207797.4
ID 45015
693057.7 184845.2
694937.5 185928.6
695668.4 186008.4
703216 185771.9
705773.9 185159.6
711829 180242.3
714515.5 177434.2
715567.4 175293.7
716113.4 174635.2
724878.3 168025.0
732783.9 163986
754379.6 154140.8
750956 153011.3
735825.8 143143.7
728690.5 132647.7
724998.7 125206
712678.8 110807.1
711872.6 110259.2
710936.5 110089.6
709679.6 110938.9
707921.9 119693.0
699151.3 125014
689062.9 132113.1
675539.3 143976.1
672898.9 146493.9
673926.9 147327.3
675213 149505.6
670421.5 156833.5
669052.2 158113.7
681900.6 178858.0
693057.7 184845.2
ID 45011
588900 178188.4
589485.4 175010.4
589625.8 171018.0
588733.7 148312.3
588928.9 146673.2
591581.4 142558.5
583127.3 141456.5
575550 141425.6
567318.5 144447.7
559058.8 147066.5
552050.5 139871.8
537816.8 149394.5
574949.5 183827.1
588900 178188.4
ID 45019
754379.6 154140.8
769089.3 142899.2
762827.5 131338.3
758745 130967.3
751295.1 130562.5
739944.4 122050.6
731732.6 113564.4
715661.3 100560.7
697229.4 85995.19
696233.4 85781.17
695370.6 85478.33
692084.7 84325.96
684241.8 80383.7
680098.9 77473.46
680074.7 77524.21
679451.2 78271.6
673367.1 76716.42
672180.6 75595.07
673053.8 74540.88
673120.7 74250.21
672887.8 73456
672176.5 73398.49
670500.4 74064.42
667461.6 80058.68
663975.3 92897.37
661520.4 99301.66
665085.2 108577.5
665629.5 113850.3
676558.7 112565.3
688390.4 109554.8
689284.7 109524.8
694113.9 117027.0
695742.7 121744.9
689062.9 132113.1
699151.3 125014
707921.9 119693.0
709679.6 110938.9
710936.5 110089.6
711872.6 110259.2
712678.8 110807.1
724998.7 125206
728690.5 132647.7
735825.8 143143.7
750956 153011.3
754379.6 154140.8
ID 45009
628444.8 149022.2
601880.2 132318.6
591581.4 142558.5
588928.9 146673.2
588733.7 148312.3
589625.8 171018.0
589485.4 175010.4
588900 178188.4
598990.6 171736.3
608383.2 166831
611133 165399.0
619620.6 159178.5
628444.8 149022.2
ID 45035
669052.2 158113.7
670421.5 156833.5
675213 149505.6
673926.9 147327.3
672898.9 146493.9
675539.3 143976.1
689062.9 132113.1
695742.7 121744.9
694113.9 117027.0
689284.7 109524.8
688390.4 109554.8
676558.7 112565.3
665629.5 113850.3
666780 133280.3
666519.7 134419.6
665564.3 135397.6
665338 135429.3
654024 136309.5
647627.6 135932.7
644828.2 136794.9
644408.1 137103.3
629154.1 149455.6
655880.8 166585.9
656285.2 166152.1
656642.5 165404.2
656720.1 164516.1
656590 163313.6
656722.4 162492.9
657532.8 160656.1
658444.5 159984.5
662974 158113.6
669052.2 158113.7
ID 45029
629154.1 149455.6
644408.1 137103.3
644828.2 136794.9
647627.6 135932.7
654024 136309.5
665338 135429.3
665564.3 135397.6
666519.7 134419.6
666780 133280.3
665629.5 113850.3
665085.2 108577.5
661520.4 99301.66
663975.3 92897.37
667461.6 80058.68
670500.4 74064.42
672176.5 73398.49
672887.8 73456
673120.7 74250.21
673053.8 74540.88
672180.6 75595.07
673367.1 76716.42
679451.2 78271.6
680074.7 77524.21
680098.9 77473.46
672350.6 71711.3
671874.3 71767.64
671794 71777.14
664252.7 73080.74
658858 72704.02
625884.8 96608.39
601880.2 132318.6
628444.8 149022.2
629154.1 149455.6
ID 45005
601880.2 132318.6
590248.6 125023.8
589073 124231.6
587553.6 122774.6
585266.7 118654.3
584356.5 114667.7
582807 109602.3
577882.4 103758.7
573487.1 101746.0
571633.2 101173.0
558997.9 134577.8
552050.5 139871.8
559058.8 147066.5
567318.5 144447.7
575550 141425.6
583127.3 141456.5
591581.4 142558.5
601880.2 132318.6
ID 45049
625884.8 96608.39
621822.2 91791.24
618754.9 87421.67
617165.7 88078.78
614565.4 89494.98
614152.4 91695.11
614682.6 93184.33
614641 94797.68
611803.3 98431.88
608367.3 101484.4
606188.6 100103.4
582069.6 79279.64
573051.2 84588.99
571633.2 101173.0
573487.1 101746.0
577882.4 103758.7
582807 109602.3
584356.5 114667.7
585266.7 118654.3
587553.6 122774.6
589073 124231.6
590248.6 125023.8
601880.2 132318.6
625884.8 96608.39
ID 45053
621822.2 91791.24
623821 88368.04
625041.6 85726.54
625350.5 84629.07
626732 71153.79
625663.7 64132.4
624518.8 61202.2
621427.4 58292.96
615787.6 53950.79
610203 50496.73
608282.8 45863.45
608059.5 45316.96
608437.4 42713.25
609543.4 40178.37
619186.6 29626.23
621193.9 27443.3
620415.9 22329.10
603760.2 28240.15
598902.2 31046.88
598534.6 31535.28
598087.4 36437.60
597891.4 40955.22
597797.1 43130.8
597537 49136
590888.9 70326.97
583729.1 78346.87
582069.6 79279.64
606188.6 100103.4
608367.3 101484.4
611803.3 98431.88
614641 94797.68
614682.6 93184.33
614152.4 91695.11
614565.4 89494.98
617165.7 88078.78
618754.9 87421.67
621822.2 91791.24
ID 45013
625884.8 96608.39
658858 72704.02
662942.7 64175.53
663232.1 63192.67
663300.7 61849.5
662837.9 60241.79
660900.5 54826.63
659854.8 54012.92
633276.5 34056.68
627298.9 30673.45
621193.9 27443.3
619186.6 29626.23
609543.4 40178.37
608437.4 42713.25
608059.5 45316.96
608282.8 45863.45
610203 50496.73
615787.6 53950.79
621427.4 58292.96
624518.8 61202.2
625663.7 64132.4
626732 71153.79
625350.5 84629.07
625041.6 85726.54
623821 88368.04
621822.2 91791.24
625884.8 96608.39
