ID 46
371910.7 238823.7
444874.1 236531.5
445025.6 236532.5
445530.5 236510.4
445738.7 236505.4
446959.8 236473.8
456348.5 236252.0
467501 235994.5
479246.9 235729.9
488970.4 235563.0
493475.2 235490.7
501402.7 235354.9
523953 235025.6
530971.5 234921.5
540309.4 234815.2
540902 234809.7
542683.4 234795.9
560312.5 234644.4
561292.8 234635.7
609283.3 234305.5
621863.5 234251.6
677112.2 234580.1
698916.9 234745.9
754462.2 235579.0
756743.9 235617.9
814924.5 237252.2
866465.6 239240.2
866285.5 234333.4
866271.7 234126.6
866262.2 233984.1
866060 231030.7
865885.6 228613.9
865765.2 227567.9
865703.8 227034.8
865622.1 226804.7
865570 226658.0
865471.3 226380.2
860439 218024.9
858916 216352.1
855989 214588.8
853421 212706.8
846589.8 206659.8
846471.2 206499.4
846325.4 206302.2
846221 206161.1
845975.9 205516.3
845066 201741.4
845401.8 201347.9
846890.5 199606.5
852649.5 192636.2
864693.7 180523.9
872352.1 177239.4
875002.2 175287.7
876655.1 171964
878257.7 165639.4
879744.5 133270.5
880624 114176.7
881456.6 94828.98
881863.1 85096.5
883490.2 46612.19
885141.3 8055.208
886858.2 -30712.52
875067.2 -31214.13
877782.4 -57821.54
879751.4 -61747.78
885587 -61497.86
886389.2 -61811.07
890044.9 -72800.01
889855.3 -73578.93
888720.3 -77029.27
884003 -96634.88
881124.3 -105428.5
878565.2 -120404.4
880821.3 -121952.1
883624.2 -124273.0
885902.8 -127547.1
889242.4 -135100.4
892572.6 -142941.5
876578.6 -139748.3
870308.5 -131409.3
869999.3 -130442.1
870017.4 -129414.8
870240.4 -128111.4
869702.7 -126255.2
868707.2 -124311.2
861805.6 -120438.7
844411 -114932.4
834128.6 -112549.2
824294.7 -105061.9
818435.8 -104629.8
810691.1 -104695.5
805667.4 -105552.4
789227 -107427.4
782012.7 -106813.5
772777.2 -110677.7
771170.6 -113203.9
768955.2 -115390.9
767872.9 -116100.6
763780 -116910.6
762400 -117038.5
760937 -116874.7
759151.5 -116186.5
749892.6 -108986.5
738175.5 -104378.6
722495.5 -91640.54
660841.1 -92543.17
638016.8 -92724.8
583809.9 -92758.63
577335.1 -92724.91
571480.7 -92694.9
555614.4 -92601.22
526022.4 -92434.44
499819.3 -92092.6
467386.3 -91703.23
447000.7 -90922.18
430108.1 -90502.7
430107.2 -90502.68
372243.8 -88690.68
355222.4 -88026.51
314111.0 -86340.68
269456.9 -84275.22
271977.8 -31293.30
272117.8 -28489.42
274041.9 10404.05
275685.4 42321.34
275910 46682.66
277972 90024.69
280202.3 137373.3
282769.1 161222.1
286187.3 235502.6
286429.4 242539.3
367780.4 238983.5
371910.7 238823.7
