ID 46063
286429.4 242539.3
367780.4 238983.5
371910.7 238823.7
371009.8 215258.5
370406 215256.8
368431.6 176779.7
367721.8 157516.3
282769.1 161222.1
286187.3 235502.6
286429.4 242539.3
ID 46105
371910.7 238823.7
444874.1 236531.5
443623.1 184080.6
442433.3 135857.9
367033.2 138259.7
367721.8 157516.3
368431.6 176779.7
370406 215256.8
371009.8 215258.5
371910.7 238823.7
ID 46031
445025.6 236532.5
445530.5 236510.4
445738.7 236505.4
446959.8 236473.8
456348.5 236252.0
467501 235994.5
479246.9 235729.9
488970.4 235563.0
493475.2 235490.7
501402.7 235354.9
523953 235025.6
530971.5 234921.5
540309.4 234815.2
540902 234809.7
542683.4 234795.9
560312.5 234644.4
561292.8 234635.7
569959.7 226303.3
570450.1 225082.6
575924.9 208362.3
575927.9 206339.4
575400 204902.9
575022 204318.9
573696.7 203411.7
573092 203227.2
569766.2 203021.2
568271.2 201983.0
567461.3 200279.2
566422.9 195837.9
573290.8 182243.1
485047.6 183208.6
443623.1 184080.6
444874.1 236531.5
445025.6 236532.5
ID 46021
609283.3 234305.5
621863.5 234251.6
622045.4 195630.2
566422.9 195837.9
567461.3 200279.2
568271.2 201983.0
569766.2 203021.2
573092 203227.2
573696.7 203411.7
575022 204318.9
575400 204902.9
575927.9 206339.4
575924.9 208362.3
570450.1 225082.6
569959.7 226303.3
561292.8 234635.7
609283.3 234305.5
ID 46089
621863.5 234251.6
677112.2 234580.1
698916.9 234745.9
699488 196134.2
622807 195628.7
622045.4 195630.2
621863.5 234251.6
ID 46013
698916.9 234745.9
754462.2 235579.0
756743.9 235617.9
757637 197021.3
758477.2 158331.7
700663.3 157528.1
700280.8 157529.4
699488 196134.2
698916.9 234745.9
ID 46091
814924.5 237252.2
816464.9 195379.5
805720 195082.2
804950.6 198272.1
757637 197021.3
756743.9 235617.9
814924.5 237252.2
ID 46109
866465.6 239240.2
866285.5 234333.4
866271.7 234126.6
866262.2 233984.1
866060 231030.7
865885.6 228613.9
865765.2 227567.9
865703.8 227034.8
865622.1 226804.7
865570 226658.0
865471.3 226380.2
860439 218024.9
858916 216352.1
855989 214588.8
853421 212706.8
846589.8 206659.8
846471.2 206499.4
846325.4 206302.2
846221 206161.1
845975.9 205516.3
845066 201741.4
845401.8 201347.9
846890.5 199606.5
852649.5 192636.2
864693.7 180523.9
872352.1 177239.4
875002.2 175287.7
876655.1 171964
840282.6 170469.1
834658.6 166970.3
817490 166454.5
816464.9 195379.5
814924.5 237252.2
866465.6 239240.2
ID 46129
566422.9 195837.9
622045.4 195630.2
622807 195628.7
622814.7 156985.8
579571.7 157102.9
575888.3 162127.7
575172 165019.4
575473.4 165992.5
575838.7 166591.8
577878.7 169167.8
578541.2 171390.7
578547.4 172036.1
573290.8 182243.1
566422.9 195837.9
ID 46045
622807 195628.7
699488 196134.2
700280.8 157529.4
633458.5 156997.5
622814.7 156985.8
622807 195628.7
ID 46137
443623.1 184080.6
485047.6 183208.6
481737.4 134985.4
481658.3 130040.3
510359.7 129586.4
509950.9 102166.8
507997 99418.6
502548.5 96188.73
483607.8 88291.96
470696.4 84082.03
470128.3 84915.95
467971.6 84918.1
463907.2 84416.13
442158.5 78812.83
441325.2 78138.17
440956.7 77326.62
442433.3 135857.9
443623.1 184080.6
ID 46037
757637 197021.3
804950.6 198272.1
805720 195082.2
816464.9 195379.5
817490 166454.5
818048.4 150246.1
796999.7 149515
758682.1 148652.7
758477.2 158331.7
757637 197021.3
ID 46041
573290.8 182243.1
578547.4 172036.1
578541.2 171390.7
577878.7 169167.8
575838.7 166591.8
575473.4 165992.5
575172 165019.4
575888.3 162127.7
579571.7 157102.9
579780.8 155865.1
578064 147337.8
574499.4 137935.2
571380.9 132941.0
570081 133042.2
569265.4 132735.5
567662.5 130824.4
566612.2 128846.9
566573.1 126741.9
567179.5 121230.9
567412.5 120036.1
568031.7 118354
568947.4 115825.6
568857.4 114974.1
568169.6 113813.7
566900.4 112322.5
558020.1 103778.6
556579.3 103133.7
553654.3 103662.8
551637.4 104278.1
549221 106712.9
547878 108799.2
547259.6 109514.7
546265.8 110376.2
544807 110863.0
544469.8 110811.4
543527 110149.7
542806.7 108760.7
542537.6 107861.6
542301.7 106722.8
542364.6 105636.1
542694.3 104930.6
543194.6 104439.4
534112.2 105896.3
527560.4 104609.5
522763.7 102472.5
521589.6 100318.8
518973.1 99485.45
509950.9 102166.8
510359.7 129586.4
481658.3 130040.3
481737.4 134985.4
485047.6 183208.6
573290.8 182243.1
ID 46019
367721.8 157516.3
367033.2 138259.7
366921.6 138259.2
365691.7 104141.0
364744.7 89977.48
316885.7 91894.72
296813.8 92880.1
290186.1 92059.01
277972 90024.69
280202.3 137373.3
282769.1 161222.1
367721.8 157516.3
ID 46051
876655.1 171964
878257.7 165639.4
879744.5 133270.5
845839.7 131801.9
845006.2 151052.5
818048.4 150246.1
817490 166454.5
834658.6 166970.3
840282.6 170469.1
876655.1 171964
ID 46107
579571.7 157102.9
622814.7 156985.8
633458.5 156997.5
633729.7 118330.6
625713.1 118317.6
568031.7 118354
567412.5 120036.1
567179.5 121230.9
566573.1 126741.9
566612.2 128846.9
567662.5 130824.4
569265.4 132735.5
570081 133042.2
571380.9 132941.0
574499.4 137935.2
578064 147337.8
579780.8 155865.1
579571.7 157102.9
ID 46049
700280.8 157529.4
700663.3 157528.1
701365.2 119007.4
654368.7 118443.2
633729.7 118330.6
633458.5 156997.5
700280.8 157529.4
ID 46115
758477.2 158331.7
758682.1 148652.7
759250.3 121271.4
759304 119663.9
759743.3 119677.7
760448 90719.78
702682.4 89806.46
701365.2 119007.4
700663.3 157528.1
758477.2 158331.7
ID 46093
442433.3 135857.9
440956.7 77326.62
440909.2 77312.9
437982.1 76542.37
437364.8 76178.01
431832.2 69153.04
428494.3 69156.54
423308.1 70919.98
419214.9 70800.56
418164.9 70116.99
417142.1 68962.7
416574 67928.56
412446.9 55663.62
411442.3 47455.54
408930.9 36916.75
323813.4 40053.93
324317.3 52916.13
314630.1 53277.67
315012.9 61340.45
316885.7 91894.72
364744.7 89977.48
365691.7 104141.0
366921.6 138259.2
367033.2 138259.7
442433.3 135857.9
ID 46025
796999.7 149515
798434.7 110941.1
799260.8 82044.73
770577.6 81261.62
760448 90719.78
759743.3 119677.7
759304 119663.9
759250.3 121271.4
758682.1 148652.7
796999.7 149515
ID 46029
796999.7 149515
818048.4 150246.1
845006.2 151052.5
845839.7 131801.9
846391.6 112650.6
798434.7 110941.1
796999.7 149515
ID 46039
879744.5 133270.5
880624 114176.7
881456.6 94828.98
881863.1 85096.5
847442 83695.68
846391.6 112650.6
845839.7 131801.9
879744.5 133270.5
ID 46119
625713.1 118317.6
625710.3 79469.58
558163.1 79487.24
552883.6 80540.97
551737.6 80995.3
550678.4 81682.3
549768.9 82675.56
549171.1 83585.92
548747.6 85170.8
548958.5 87654.75
549701.9 88896.92
550440.7 91113.44
551449.6 95762.61
551360.1 97283.03
550094.6 100635.2
549847 100881.9
543194.6 104439.4
542694.3 104930.6
542364.6 105636.1
542301.7 106722.8
542537.6 107861.6
542806.7 108760.7
543527 110149.7
544469.8 110811.4
544807 110863.0
546265.8 110376.2
547259.6 109514.7
547878 108799.2
549221 106712.9
551637.4 104278.1
553654.3 103662.8
556579.3 103133.7
558020.1 103778.6
566900.4 112322.5
568169.6 113813.7
568857.4 114974.1
568947.4 115825.6
568031.7 118354
625713.1 118317.6
ID 46069
633729.7 118330.6
654368.7 118443.2
654639.1 79599.02
655591.1 79595.73
655972.9 40412.76
633842.6 40000.40
626884.3 42747.15
625710.3 79469.58
625713.1 118317.6
633729.7 118330.6
ID 46059
654368.7 118443.2
701365.2 119007.4
702682.4 89806.46
703858.6 41217.57
685825.1 40939.16
655972.9 40412.76
655591.1 79595.73
654639.1 79599.02
654368.7 118443.2
ID 46117
543194.6 104439.4
549847 100881.9
550094.6 100635.2
551360.1 97283.03
551449.6 95762.61
550440.7 91113.44
549701.9 88896.92
548958.5 87654.75
548747.6 85170.8
549171.1 83585.92
549768.9 82675.56
550678.4 81682.3
551737.6 80995.3
552883.6 80540.97
558163.1 79487.24
554757.3 74261.62
554234.2 73444.78
553815.4 71674.58
553779.8 70432.7
553840.9 70006.88
554620.9 69017.23
571107.3 57620.27
571442.4 57389.64
573177.4 56693.8
580654.4 54853.46
583508.7 54557.51
586782 54608.32
588013.3 54316.78
593191.4 52800.23
606146 48114.7
606867.1 47783.73
607994.3 46879.84
608619.3 45405.06
608580.1 45110.87
604939.7 40216.05
570639.1 40214.32
570629.7 37315.39
516266.4 37784.75
506681.7 37871.46
506957.9 57318.81
508487.3 95841.23
509950.9 102166.8
518973.1 99485.45
521589.6 100318.8
522763.7 102472.5
527560.4 104609.5
534112.2 105896.3
543194.6 104439.4
ID 46055
440956.7 77326.62
441325.2 78138.17
442158.5 78812.83
463907.2 84416.13
467971.6 84918.1
470128.3 84915.95
470696.4 84082.03
483607.8 88291.96
502548.5 96188.73
507997 99418.6
509950.9 102166.8
508487.3 95841.23
506957.9 57318.81
506681.7 37871.46
516266.4 37784.75
514641.2 18518.38
438983.6 19909.39
439954.3 58707.17
440449.3 58694.91
440909.2 77312.9
440956.7 77326.62
ID 46081
277972 90024.69
290186.1 92059.01
296813.8 92880.1
316885.7 91894.72
315012.9 61340.45
314630.1 53277.67
324317.3 52916.13
323813.4 40053.93
275685.4 42321.34
275910 46682.66
277972 90024.69
ID 46057
846391.6 112650.6
847442 83695.68
828174.6 82911.26
799260.8 82044.73
798434.7 110941.1
846391.6 112650.6
ID 46005
760448 90719.78
770577.6 81261.62
771572.4 42483.25
733348.3 41752.18
703858.6 41217.57
702682.4 89806.46
760448 90719.78
ID 46103
275685.4 42321.34
323813.4 40053.93
408930.9 36916.75
411442.3 47455.54
412446.9 55663.62
416574 67928.56
417142.1 68962.7
418164.9 70116.99
419214.9 70800.56
423308.1 70919.98
428494.3 69156.54
431832.2 69153.04
437364.8 76178.01
437982.1 76542.37
440909.2 77312.9
440449.3 58694.91
439954.3 58707.17
438983.6 19909.39
438036.3 19928.73
437250.9 -11912.09
434496.7 -13881.03
434260 -13897.81
431031.1 -13980.54
427548.7 -12449.81
424380.6 -13845.32
373415.5 -12202.95
382801.2 191.4128
383816.3 4417.603
383954.5 6060.599
328652.4 8247.511
274041.9 10404.05
275685.4 42321.34
ID 46065
625710.3 79469.58
626884.3 42747.15
631179 35140.72
631779.9 34076.30
631967.2 33379.47
632116.5 32355.09
632034 31744.06
631631.1 30827.2
631048 30118.08
629663.8 29477.19
611178.4 32269.59
609973.5 32574.88
609245.4 32927.06
608632.9 33462.93
608044.2 34319.82
605190.8 39444.84
604939.7 40216.05
608580.1 45110.87
608619.3 45405.06
607994.3 46879.84
606867.1 47783.73
606146 48114.7
593191.4 52800.23
588013.3 54316.78
586782 54608.32
583508.7 54557.51
580654.4 54853.46
573177.4 56693.8
571442.4 57389.64
571107.3 57620.27
554620.9 69017.23
553840.9 70006.88
553779.8 70432.7
553815.4 71674.58
554234.2 73444.78
554757.3 74261.62
558163.1 79487.24
625710.3 79469.58
ID 46077
799260.8 82044.73
828174.6 82911.26
829428.7 44358.5
810222.7 43601.95
771905.8 42495.99
771572.4 42483.25
770577.6 81261.62
799260.8 82044.73
ID 46011
828174.6 82911.26
847442 83695.68
881863.1 85096.5
883490.2 46612.19
848625.1 45063.28
829428.7 44358.5
828174.6 82911.26
ID 46085
633842.6 40000.40
635056.3 29672.02
635364 28837.48
636891.1 26774.51
639161 24749.79
641438.7 24291.54
644088 24056.64
645875.4 23438.72
649981.8 20015.23
651844.7 18208.79
652476.9 16671.08
652497.7 15350.49
652185.5 12781.47
651708 11344.32
655509.5 3976.311
655630.2 3650.619
655599.8 3075.036
651616 -20431.38
652003.3 -21017.22
658026.5 -33519.5
658104.2 -34083.4
657881.3 -35093.08
657280 -36274.56
656801.5 -36813.42
656792.3 -36834.39
637730.2 -36973.95
630449.8 -36995.4
630274.2 -10003.98
628070.1 -7718.118
627326.6 -7372.885
619300.2 -10234.83
611563.8 -14658.76
596281.8 -15433.63
583809.4 -15356.27
581392.2 -13250.80
572678 -12877.18
572692.1 -980.164
570550.7 1582.891
570629.7 37315.39
570639.1 40214.32
604939.7 40216.05
605190.8 39444.84
608044.2 34319.82
608632.9 33462.93
609245.4 32927.06
609973.5 32574.88
611178.4 32269.59
629663.8 29477.19
631048 30118.08
631631.1 30827.2
632034 31744.06
632116.5 32355.09
631967.2 33379.47
631779.9 34076.30
631179 35140.72
626884.3 42747.15
633842.6 40000.40
ID 46075
570629.7 37315.39
570550.7 1582.891
572692.1 -980.164
572678 -12877.18
571877 -11585.55
570216.2 -10467.21
555693.4 -9323.643
529650.3 -3465.841
525223.8 58.63872
520233.9 2352.443
516782.6 2597.912
514979 2123.663
514431.2 1493.694
514641.2 18518.38
516266.4 37784.75
570629.7 37315.39
ID 46017
633842.6 40000.40
655972.9 40412.76
685825.1 40939.16
686143 11884.56
651708 11344.32
652185.5 12781.47
652497.7 15350.49
652476.9 16671.08
651844.7 18208.79
649981.8 20015.23
645875.4 23438.72
644088 24056.64
641438.7 24291.54
639161 24749.79
636891.1 26774.51
635364 28837.48
635056.3 29672.02
633842.6 40000.40
ID 46073
685825.1 40939.16
703858.6 41217.57
733348.3 41752.18
733963 12997.08
695736.9 12027.23
686143 11884.56
685825.1 40939.16
ID 46111
733348.3 41752.18
771572.4 42483.25
771905.8 42495.99
772784.2 4136.954
763434 3967.251
734662 3375.519
733963 12997.08
733348.3 41752.18
ID 46097
810222.7 43601.95
811513 5123.702
792308.8 4577.105
772784.2 4136.954
771905.8 42495.99
810222.7 43601.95
ID 46079
810222.7 43601.95
829428.7 44358.5
848625.1 45063.28
850162.5 6463.756
830837.9 5734.091
811513 5123.702
810222.7 43601.95
ID 46101
883490.2 46612.19
885141.3 8055.208
850162.5 6463.756
848625.1 45063.28
883490.2 46612.19
ID 46071
438983.6 19909.39
514641.2 18518.38
514431.2 1493.694
513954.7 1928.183
512607.3 2348.779
508640.5 1542.033
502750.1 -2043.479
502136.5 -3005.101
501105.2 -5562.995
500449 -48594.92
428932.9 -47049.49
429185.8 -37391.33
426900.2 -37348.89
427548.7 -12449.81
431031.1 -13980.54
434260 -13897.81
434496.7 -13881.03
437250.9 -11912.09
438036.3 19928.73
438983.6 19909.39
ID 46033
274041.9 10404.05
328652.4 8247.511
383954.5 6060.599
383816.3 4417.603
382801.2 191.4128
373415.5 -12202.95
365303 -13437.76
357702.4 -20776.63
357192.5 -35116.07
271977.8 -31293.30
272117.8 -28489.42
274041.9 10404.05
ID 46015
686143 11884.56
695736.9 12027.23
697507.1 -36381.99
656801.5 -36813.42
657280 -36274.56
657881.3 -35093.08
658104.2 -34083.4
658026.5 -33519.5
652003.3 -21017.22
651616 -20431.38
655599.8 3075.036
655630.2 3650.619
655509.5 3976.311
651708 11344.32
686143 11884.56
ID 46003
733963 12997.08
734662 3375.519
735864.6 -35765.53
704700.3 -36282.50
697507.1 -36381.99
695736.9 12027.23
733963 12997.08
ID 46095
514431.2 1493.694
514979 2123.663
516782.6 2597.912
520233.9 2352.443
525223.8 58.63872
529650.3 -3465.841
555693.4 -9323.643
570216.2 -10467.21
571877 -11585.55
572678 -12877.18
581392.2 -13250.80
582635.9 -49200.23
500449 -48594.92
501105.2 -5562.995
502136.5 -3005.101
502750.1 -2043.479
508640.5 1542.033
512607.3 2348.779
513954.7 1928.183
514431.2 1493.694
ID 46035
763434 3967.251
764646.9 -35045.02
752521.8 -35441.08
735864.6 -35765.53
734662 3375.519
763434 3967.251
ID 46061
772784.2 4136.954
792308.8 4577.105
793563.3 -34217.38
764646.9 -35045.02
763434 3967.251
772784.2 4136.954
ID 46113
427548.7 -12449.81
426900.2 -37348.89
429185.8 -37391.33
428932.9 -47049.49
428338.8 -76022.72
430569.4 -76079.46
430108.1 -90502.7
430107.2 -90502.68
372243.8 -88690.68
355222.4 -88026.51
357192.5 -35116.07
357702.4 -20776.63
365303 -13437.76
373415.5 -12202.95
424380.6 -13845.32
427548.7 -12449.81
ID 46087
811513 5123.702
830837.9 5734.091
832168.7 -32971.89
810187 -33713.64
793563.3 -34217.38
792308.8 4577.105
811513 5123.702
ID 46099
850162.5 6463.756
885141.3 8055.208
886858.2 -30712.52
875067.2 -31214.13
848736.9 -32284.58
832168.7 -32971.89
830837.9 5734.091
850162.5 6463.756
ID 46123
581392.2 -13250.80
583809.4 -15356.27
596281.8 -15433.63
611563.8 -14658.76
619300.2 -10234.83
627326.6 -7372.885
628070.1 -7718.118
630274.2 -10003.98
630449.8 -36995.4
637730.2 -36973.95
638016.8 -92724.8
583809.9 -92758.63
582635.9 -49200.23
581392.2 -13250.80
ID 46047
271977.8 -31293.30
357192.5 -35116.07
355222.4 -88026.51
314111.0 -86340.68
269456.9 -84275.22
271977.8 -31293.30
ID 46053
656792.3 -36834.39
660261 -43758.42
695693.1 -74994.53
703324 -80115.29
712009.1 -83488.91
713040.7 -83494.77
717582.6 -85019
720074.9 -86938.63
721107.6 -88236.83
722177.8 -90121.41
722438.8 -90820.64
722495.5 -91640.54
660841.1 -92543.17
638016.8 -92724.8
637730.2 -36973.95
656792.3 -36834.39
ID 46023
656801.5 -36813.42
697507.1 -36381.99
704700.3 -36282.50
704695.4 -44230.78
704845.1 -50635.61
706964.3 -50502.05
708319.3 -50813.62
753710.5 -68881.66
756182.7 -72056.65
755438.3 -73938.87
753951.3 -90761.73
753405.8 -100950.4
751078.6 -108791.4
749892.6 -108986.5
738175.5 -104378.6
722495.5 -91640.54
722438.8 -90820.64
722177.8 -90121.41
721107.6 -88236.83
720074.9 -86938.63
717582.6 -85019
713040.7 -83494.77
712009.1 -83488.91
703324 -80115.29
695693.1 -74994.53
660261 -43758.42
656792.3 -36834.39
656801.5 -36813.42
ID 46007
500449 -48594.92
499819.3 -92092.6
467386.3 -91703.23
447000.7 -90922.18
430108.1 -90502.7
430569.4 -76079.46
428338.8 -76022.72
428932.9 -47049.49
500449 -48594.92
ID 46043
704700.3 -36282.50
735864.6 -35765.53
752521.8 -35441.08
753710.5 -68881.66
708319.3 -50813.62
706964.3 -50502.05
704845.1 -50635.61
704695.4 -44230.78
704700.3 -36282.50
ID 46067
752521.8 -35441.08
764646.9 -35045.02
793563.3 -34217.38
810187 -33713.64
811546.8 -70387.49
792149 -71065.43
756182.7 -72056.65
753710.5 -68881.66
752521.8 -35441.08
ID 46125
832168.7 -32971.89
848736.9 -32284.58
850539.1 -78562.82
831316.2 -79316.19
811546.8 -70387.49
810187 -33713.64
832168.7 -32971.89
ID 46083
848736.9 -32284.58
875067.2 -31214.13
877782.4 -57821.54
879751.4 -61747.78
885587 -61497.86
886389.2 -61811.07
890044.9 -72800.01
889855.3 -73578.93
888720.3 -77029.27
860186 -78214.42
850539.1 -78562.82
848736.9 -32284.58
ID 46121
500449 -48594.92
582635.9 -49200.23
583809.9 -92758.63
577335.1 -92724.91
571480.7 -92694.9
555614.4 -92601.22
526022.4 -92434.44
499819.3 -92092.6
500449 -48594.92
ID 46009
756182.7 -72056.65
792149 -71065.43
789227 -107427.4
782012.7 -106813.5
772777.2 -110677.7
771170.6 -113203.9
768955.2 -115390.9
767872.9 -116100.6
763780 -116910.6
762400 -117038.5
760937 -116874.7
759151.5 -116186.5
749892.6 -108986.5
751078.6 -108791.4
753405.8 -100950.4
753951.3 -90761.73
755438.3 -73938.87
756182.7 -72056.65
ID 46135
792149 -71065.43
811546.8 -70387.49
831316.2 -79316.19
834128.6 -112549.2
824294.7 -105061.9
818435.8 -104629.8
810691.1 -104695.5
805667.4 -105552.4
789227 -107427.4
792149 -71065.43
ID 46027
850539.1 -78562.82
860186 -78214.42
861805.6 -120438.7
844411 -114932.4
834128.6 -112549.2
831316.2 -79316.19
850539.1 -78562.82
ID 46127
888720.3 -77029.27
884003 -96634.88
881124.3 -105428.5
878565.2 -120404.4
880821.3 -121952.1
883624.2 -124273.0
885902.8 -127547.1
889242.4 -135100.4
892572.6 -142941.5
876578.6 -139748.3
870308.5 -131409.3
869999.3 -130442.1
870017.4 -129414.8
870240.4 -128111.4
869702.7 -126255.2
868707.2 -124311.2
861805.6 -120438.7
860186 -78214.42
888720.3 -77029.27
