ID 47
434645.8 260125.0
434256.7 256752.1
448492.1 256892.9
453229 256944.9
480536 256918.8
500288.7 256768.2
505138.8 256825.2
531747 257187
549542.7 255353.2
563201.4 257180.7
581678.6 255922.7
602101.5 254645.5
618906.6 253938
650412.7 253657.2
662953 254546.8
664734.7 254674.7
692295.6 253520.1
708679.2 252541.9
709328.7 252532.5
755582 251985.4
758668.3 252007.4
780057.2 252190.2
785140.9 252147.3
807980.3 254053.7
826176.2 254113.0
869751 254963.7
883583 255393.4
903370 256094.3
931539.6 257278.9
936067.2 257466.4
944779.3 257695.8
963731.3 258407.6
964657.8 260889.7
973239 261029.7
989324.4 261475.7
986702.9 258715.6
983793.2 236315.7
983575.6 231058.8
981625.6 230639.7
981500.2 230646.1
980086.9 230719.1
977817.8 231693.1
977403.5 233019.7
976893.8 232785.3
976776 232731.1
972014.2 230216.3
967411.8 226108.0
966580.7 224408.7
965352.3 221898.3
952759.2 203706.2
939861 208886.2
922680.5 198899.8
915059 188147.1
906067.7 194647.6
904553.6 196427.1
904533.1 196451.1
903322.3 197425.0
902880.7 197421.0
900433.4 196032.6
898777.3 195093.7
892546 190244.2
883904.6 183832.3
879775.2 183257.7
874399.9 166348.8
848297.8 156773.3
848471.2 154650.8
844704.6 150322.0
827909.2 139935.8
826763.4 139326.8
813871.3 139349.9
812229.3 139583.6
811827.8 139640.8
785805.1 127016.8
785081.6 127377.4
779301.7 108095.0
776897.3 105479.0
773139.9 103097
763534.4 103846.4
755491.2 98254.67
753216.3 73995.66
725863.1 73559.7
711767.1 73313.5
708585 73253.81
693407.8 73088.23
693144.3 73083.06
667107.2 72564.22
658081.4 72312.39
648193 72318.48
636052.5 72340.93
612423.6 72687.46
571579.8 73025.68
570896.2 73033.31
528452 73358.69
523638.3 73380.66
489467.6 74543.57
488331.8 74589
453384.4 75542.2
418817.7 76499.62
399155.5 75741.32
384235.3 76084.32
382685.7 76124.14
345621.1 77063.09
342275.8 77148.35
324582.5 77620.14
308050.5 78126.97
293962.4 78591.52
267359.8 79639.84
260063.2 79855.82
206697.2 82150.7
206712.9 83710.98
208163 87016.89
217540.0 89003.4
227883.3 95231.11
229399.6 96740.1
229599.1 96938.64
229621.3 97023.17
229656.7 97157.99
229683.6 97260.48
228735.2 122763.4
228501.8 123944.1
223085.9 130425.8
245541.2 140728.5
250457.3 163702
260107.5 179394.7
260733.6 179799.5
261001.9 179973.0
263058.3 180769.4
264749.4 180876.9
267174.6 180580.2
263510.5 191401.2
273608.4 211537.6
281789.8 228052.7
282985 245929.0
287817.4 245699.0
293894.6 245633.5
300289.3 245876.2
346083.6 244396.9
346765.2 244370
347715.3 244338.6
374575.9 243453
377012.5 243350.5
416055 242007.0
414927.8 262120.3
420175 261889.5
434645.8 260125.0
