ID 47091
973239 261029.7
989324.4 261475.7
986702.9 258715.6
983793.2 236315.7
983575.6 231058.8
981625.6 230639.7
981500.2 230646.1
980086.9 230719.1
977817.8 231693.1
977403.5 233019.7
976893.8 232785.3
976776 232731.1
972014.2 230216.3
967411.8 226108.0
966580.7 224408.7
965352.3 221898.3
963705.1 221483.7
961043 224280.4
955636.2 231115.0
954557 233886.8
962717.4 244601.9
962752.6 244950.9
959678.8 248699.7
973239 261029.7
ID 47163
973239 261029.7
959678.8 248699.7
931860 235185.6
927715.8 235096.3
926348.3 235656.0
922270 239273.0
919253.5 240180.7
913766.3 239083.3
902584 238129.4
897586.1 237875.0
903370 256094.3
931539.6 257278.9
936067.2 257466.4
944779.3 257695.8
963731.3 258407.6
964657.8 260889.7
973239 261029.7
ID 47073
903370 256094.3
897586.1 237875.0
895704.4 235436.6
885683.3 230062.6
881284.2 229265
879544 228577.0
874688.3 226192.2
872479.5 224136.2
870489 221377
868162.6 219274.2
864002 216307.8
862963.9 215699.2
862216.7 215708.8
846529.3 220449.6
843931.7 232099.1
854825.7 242344.6
859369.5 246641.0
864068.5 249612.3
867553.5 251550.2
867929.3 251561.7
870757 249924.6
873017.8 249422.2
883583 255393.4
903370 256094.3
ID 47019
959678.8 248699.7
962752.6 244950.9
962717.4 244601.9
954557 233886.8
955636.2 231115.0
961043 224280.4
963705.1 221483.7
965352.3 221898.3
952759.2 203706.2
939861 208886.2
928816.4 219114.6
931860 235185.6
959678.8 248699.7
ID 47067
883583 255393.4
873017.8 249422.2
870757 249924.6
867929.3 251561.7
867553.5 251550.2
864068.5 249612.3
859369.5 246641.0
854825.7 242344.6
843931.7 232099.1
834352.6 233891.4
826176.2 254113.0
869751 254963.7
883583 255393.4
ID 47025
807980.3 254053.7
826176.2 254113.0
834352.6 233891.4
809374.6 225622.7
802514.2 228227.2
797217.7 235141.8
796752.5 235486.6
790453.7 234370.8
787814.9 233525.9
780057.2 252190.2
785140.9 252147.3
807980.3 254053.7
ID 47179
897586.1 237875.0
902584 238129.4
913766.3 239083.3
919253.5 240180.7
922270 239273.0
926348.3 235656.0
927715.8 235096.3
931860 235185.6
928816.4 219114.6
925499.3 213728.0
922237.1 209921.5
918108.8 207883.0
915991.3 207862.9
912412 206980.1
906553.7 200923.1
901970.5 206136
901691.7 212286.6
902237.3 235784.5
902032.6 236583.7
895704.4 235436.6
897586.1 237875.0
ID 47013
780057.2 252190.2
787814.9 233525.9
785330.7 230609.4
781963.3 219895.2
780787 218117.4
779305.4 216744.1
746307 210184.8
747415.1 216484.6
754005 242412.3
755582 251985.4
758668.3 252007.4
780057.2 252190.2
ID 47151
709328.7 252532.5
755582 251985.4
754005 242412.3
747415.1 216484.6
746307 210184.8
740260.6 204171.4
737393.1 207999.1
728659 212305.9
724797.7 215801.4
716587.3 226844.5
713579.1 243870
708679.2 252541.9
709328.7 252532.5
ID 47059
895704.4 235436.6
902032.6 236583.7
902237.3 235784.5
901691.7 212286.6
901970.5 206136
906553.7 200923.1
906067.7 194647.6
904553.6 196427.1
904533.1 196451.1
903322.3 197425.0
902880.7 197421.0
900433.4 196032.6
898777.3 195093.7
892546 190244.2
883904.6 183832.3
879775.2 183257.7
874553.2 188929.6
865473.4 197557.0
858156.4 202467.7
854921 205337.2
854367.9 206098.2
854887.3 208677.3
862216.7 215708.8
862963.9 215699.2
864002 216307.8
868162.6 219274.2
870489 221377
872479.5 224136.2
874688.3 226192.2
879544 228577.0
881284.2 229265
885683.3 230062.6
895704.4 235436.6
ID 47137
692295.6 253520.1
708679.2 252541.9
713579.1 243870
701833.1 248741.6
698053.3 249719.4
694587 249925.3
688916.6 248793.9
685238 245868.1
682864 242860.1
681666.1 240783.7
678893.1 230448.7
664029.7 244103.9
664734.7 254674.7
692295.6 253520.1
ID 47027
664734.7 254674.7
664029.7 244103.9
645262.4 229770.9
642144 233584.9
637943 237326.1
632114 239408.2
620859.3 242329.2
616674.6 240353.4
618906.6 253938
650412.7 253657.2
662953 254546.8
664734.7 254674.7
ID 47049
713579.1 243870
716587.3 226844.5
701824 217996.1
701012.5 217155.4
697641 208566.0
698303 202815.6
680981.8 200661.8
679232.4 201329.2
682516.3 207068.8
679914.3 214988.8
678833.8 219066.6
678893.1 230448.7
681666.1 240783.7
682864 242860.1
685238 245868.1
688916.6 248793.9
694587 249925.3
698053.3 249719.4
701833.1 248741.6
713579.1 243870
ID 47057
834352.6 233891.4
843931.7 232099.1
846529.3 220449.6
827838 207246.6
810067.4 196360.4
803976.8 205539.8
809374.6 225622.7
834352.6 233891.4
ID 47173
787814.9 233525.9
790453.7 234370.8
796752.5 235486.6
797217.7 235141.8
802514.2 228227.2
809374.6 225622.7
803976.8 205539.8
785125.6 207542.0
779305.4 216744.1
780787 218117.4
781963.3 219895.2
785330.7 230609.4
787814.9 233525.9
ID 47111
602101.5 254645.5
618906.6 253938
616674.6 240353.4
615424.8 230626.2
601892.8 232192.7
579530.8 239029.7
581678.6 255922.7
602101.5 254645.5
ID 47165
563201.4 257180.7
581678.6 255922.7
579530.8 239029.7
574573.4 223510.4
573051.6 219617.3
570019.5 220309.7
568925.9 221569.8
568893.9 223263.6
568499.5 224059.9
567569.9 224663.5
567115.4 224672.1
559445.1 222249.9
549712 216954.2
546584.2 212268
532295.6 230164.9
537683.8 231719.3
540111.4 235800.6
546601.1 249764.6
549542.7 255353.2
563201.4 257180.7
ID 47171
928816.4 219114.6
939861 208886.2
922680.5 198899.8
915059 188147.1
906067.7 194647.6
906553.7 200923.1
912412 206980.1
915991.3 207862.9
918108.8 207883.0
922237.1 209921.5
925499.3 213728.0
928816.4 219114.6
ID 47133
664029.7 244103.9
678893.1 230448.7
678833.8 219066.6
679914.3 214988.8
682516.3 207068.8
679232.4 201329.2
671614.4 202126.0
652191 211270.2
645346.1 218572.5
645262.4 229770.9
664029.7 244103.9
ID 47147
531747 257187
549542.7 255353.2
546601.1 249764.6
540111.4 235800.6
537683.8 231719.3
532295.6 230164.9
518055.3 227800.6
499562.3 236028.4
500288.7 256768.2
505138.8 256825.2
531747 257187
ID 47125
500288.7 256768.2
499562.3 236028.4
484482.7 221395.8
464120.5 223105.4
457104 226873.5
453229 256944.9
480536 256918.8
500288.7 256768.2
ID 47063
862216.7 215708.8
854887.3 208677.3
849028.3 197875.6
827838 207246.6
846529.3 220449.6
862216.7 215708.8
ID 47087
616674.6 240353.4
620859.3 242329.2
632114 239408.2
637943 237326.1
642144 233584.9
645262.4 229770.9
645346.1 218572.5
645075 216029.7
642037 211973.4
641362.7 211200.1
638440.8 210162.4
632656.2 209059.8
619762.4 211346.6
615424.8 230626.2
616674.6 240353.4
ID 47161
448492.1 256892.9
453229 256944.9
457104 226873.5
445384.9 226261.6
444085.5 225326.6
442345.9 224385.2
439801 223449.8
437832.4 223062.0
436061.7 222935.0
433437.6 223038.5
431664.1 223330.5
422181.6 225968.8
421378.6 226763.1
416055 242007.0
414927.8 262120.3
420175 261889.5
434645.8 260125.0
434256.7 256752.1
448492.1 256892.9
ID 47129
740260.6 204171.4
749402 191615.4
743342.4 186765.3
740121.7 184472.8
732970.7 183097.7
719086.6 175561
698303 202815.6
697641 208566.0
701012.5 217155.4
701824 217996.1
716587.3 226844.5
724797.7 215801.4
728659 212305.9
737393.1 207999.1
740260.6 204171.4
ID 47169
601892.8 232192.7
587711.8 217751.9
574573.4 223510.4
579530.8 239029.7
601892.8 232192.7
ID 47001
779305.4 216744.1
785125.6 207542.0
784891.3 207548.3
783181.3 206280.6
772349.2 194963.6
772332.3 193542.8
773945 189927.4
757635.4 177154.6
756000.6 176325.6
749402 191615.4
740260.6 204171.4
746307 210184.8
779305.4 216744.1
ID 47029
854887.3 208677.3
854367.9 206098.2
854921 205337.2
858156.4 202467.7
865473.4 197557.0
874553.2 188929.6
879775.2 183257.7
874399.9 166348.8
848297.8 156773.3
842745.3 176694.6
849028.3 197875.6
854887.3 208677.3
ID 47159
601892.8 232192.7
615424.8 230626.2
619762.4 211346.6
617334.6 199532.2
594622.8 194461.9
587711.8 217751.9
601892.8 232192.7
ID 47089
849028.3 197875.6
842745.3 176694.6
833054.5 180263.5
815642.8 189291.9
809652.9 191677.9
810067.4 196360.4
827838 207246.6
849028.3 197875.6
ID 47093
803976.8 205539.8
810067.4 196360.4
809652.9 191677.9
799128.7 174633.9
792113 169596.0
790825.2 169713.4
785499.1 173078.0
780801.4 173903.8
767560.4 169043.6
765728 164843.7
756767 174871.6
756000.6 176325.6
757635.4 177154.6
773945 189927.4
772332.3 193542.8
772349.2 194963.6
783181.3 206280.6
784891.3 207548.3
785125.6 207542.0
803976.8 205539.8
ID 47021
499562.3 236028.4
518055.3 227800.6
505018.8 190471.0
493449.2 191076.5
495819 206676.8
495036.7 210897.0
493372.8 212406.3
496199.3 215826.6
496638.4 218749.1
496443.9 219406.5
494450.3 220375.1
489913.2 221413.2
484482.7 221395.8
499562.3 236028.4
ID 47021
496989.4 218061.8
496480 217550.3
497658.5 217957.2
497435.5 218202.2
497223.3 217931.3
496989.4 218061.8
ID 47141
619762.4 211346.6
632656.2 209059.8
638440.8 210162.4
641362.7 211200.1
642037 211973.4
645075 216029.7
645346.1 218572.5
652191 211270.2
671614.4 202126.0
679232.4 201329.2
680981.8 200661.8
676291 196290.6
668800.1 196918.7
667860.9 196349.7
666355.5 182851.9
662040.6 187637.2
660798.4 188792.4
656566.1 190909.6
644323.8 194131.1
640946.8 193642.9
639592 193156.3
634377 189521.5
632609 188046.3
632145.5 187291.1
632036.2 186643.8
617334.6 199532.2
619762.4 211346.6
ID 47037
518055.3 227800.6
532295.6 230164.9
546584.2 212268
553573.4 196195.3
544178.8 181559.5
529050.4 189190.7
516280.5 191155.7
507332.1 184221.7
506186.8 184211.6
505018.8 190471.0
518055.3 227800.6
ID 47079
377012.5 243350.5
416055 242007.0
421378.6 226763.1
412107.1 226898.6
411969.2 226788.4
411233.2 223163.8
411222.7 221451.8
412546.7 215084.7
404293 203920.0
400836.4 200535.2
372318.4 204568.4
374575.9 243453
377012.5 243350.5
ID 47189
587711.8 217751.9
594622.8 194461.9
598660.6 180595.0
586178.4 179866.7
577776 180531.2
572010.7 182581.9
570579.8 183301.1
557223.8 193229.3
553573.4 196195.3
546584.2 212268
549712 216954.2
559445.1 222249.9
567115.4 224672.1
567569.9 224663.5
568499.5 224059.9
568893.9 223263.6
568925.9 221569.8
570019.5 220309.7
573051.6 219617.3
574573.4 223510.4
587711.8 217751.9
ID 47183
347715.3 244338.6
374575.9 243453
372318.4 204568.4
357449.1 195214.3
351392.2 200565.5
343638.4 203685.6
342919.4 203602.1
342284.5 203968.5
336241.6 210456.8
333931.1 213665.2
335420.7 234320.2
335735.4 234613.3
337389.8 234357.7
338668 233935.5
339763.9 232604.1
341133.3 232334.2
347417.2 234093.5
347823.5 240717.1
346765.2 244370
347715.3 244338.6
ID 47131
346083.6 244396.9
346765.2 244370
347823.5 240717.1
347417.2 234093.5
341133.3 232334.2
339763.9 232604.1
338668 233935.5
337389.8 234357.7
335735.4 234613.3
335420.7 234320.2
333931.1 213665.2
316376.5 212197.0
286900 214092.6
300289.3 245876.2
346083.6 244396.9
ID 47095
300289.3 245876.2
286900 214092.6
273608.4 211537.6
281789.8 228052.7
282985 245929.0
287817.4 245699.0
293894.6 245633.5
300289.3 245876.2
ID 47155
842745.3 176694.6
848297.8 156773.3
848471.2 154650.8
844704.6 150322.0
827909.2 139935.8
826763.4 139326.8
813871.3 139349.9
812229.3 139583.6
811827.8 139640.8
811519 153115.1
808529.2 154918.4
805338.9 160948.8
799128.7 174633.9
809652.9 191677.9
815642.8 189291.9
833054.5 180263.5
842745.3 176694.6
ID 47035
680981.8 200661.8
698303 202815.6
719086.6 175561
710067.5 166183.8
697992.3 159011.3
690988.8 158093.7
687529.6 158275.3
682575.7 158827.6
678394.3 159665.1
667459.2 159166.8
667495.3 159299.1
668000.6 161506.4
667124.8 161556.2
666865.3 161045.1
665746.6 161608.5
666024.8 162184.5
666355.5 182851.9
667860.9 196349.7
668800.1 196918.7
676291 196290.6
680981.8 200661.8
ID 47083
457104 226873.5
464120.5 223105.4
459077.4 205786.2
457371.3 208007.1
441989.6 213133.2
438355.7 213557.9
435012.9 212244.5
424774 213641.1
422181.6 225968.8
431664.1 223330.5
433437.6 223038.5
436061.7 222935.0
437832.4 223062.0
439801 223449.8
442345.9 224385.2
444085.5 225326.6
445384.9 226261.6
457104 226873.5
ID 47043
464120.5 223105.4
484482.7 221395.8
489913.2 221413.2
494450.3 220375.1
496443.9 219406.5
496638.4 218749.1
496199.3 215826.6
493372.8 212406.3
495036.7 210897.0
495819 206676.8
493449.2 191076.5
491373.3 181055.3
461627.9 185271.3
459077.4 205786.2
464120.5 223105.4
ID 47043
496989.4 218061.8
497223.3 217931.3
497435.5 218202.2
497658.5 217957.2
496480 217550.3
496989.4 218061.8
ID 47005
421378.6 226763.1
422181.6 225968.8
424774 213641.1
427608.1 204735.4
426227.9 178906.5
426012.8 176767.5
424932.8 172222.5
424362.5 171024.2
422698.4 169043.3
421919.7 166260.6
403281.1 170000.1
400836.4 200535.2
404293 203920.0
412546.7 215084.7
411222.7 221451.8
411233.2 223163.8
411969.2 226788.4
412107.1 226898.6
421378.6 226763.1
ID 47145
732176.6 149339.4
728189.3 146391.3
724984 146370.7
715410.9 158251.4
710067.5 166183.8
719086.6 175561
732970.7 183097.7
740121.7 184472.8
743342.4 186765.3
749402 191615.4
756000.6 176325.6
756767 174871.6
755150.8 175513.7
750764.4 174319.3
734195.4 153983.2
732176.6 149339.4
ID 47145
732176.6 149339.4
732183.2 150046.8
731781.2 150046.7
731374.2 149632.3
731378.9 149335.4
732176.6 149339.4
ID 47041
617334.6 199532.2
632036.2 186643.8
628722.9 166239.4
610375.1 167131.3
598660.6 180595.0
594622.8 194461.9
617334.6 199532.2
ID 47185
666355.5 182851.9
666024.8 162184.6
635896.7 162242.8
628722.9 166239.4
632036.2 186643.8
632145.5 187291.1
632609.1 188046.3
634377 189521.5
639592 193156.3
640946.8 193642.9
644323.8 194131.1
656566.1 190909.6
660798.4 188792.4
662040.6 187637.2
666355.5 182851.9
ID 47185
665746.6 161608.5
666865.3 161045.1
667124.8 161556.2
668000.6 161506.4
667495.3 159299.1
665746.6 161608.5
ID 47085
459077.4 205786.2
461627.9 185271.3
444912.0 168384.7
437419.5 168340.7
435781.0 168195.9
433368.3 166594.4
422698.4 169043.3
424362.5 171024.2
424932.8 172222.5
426012.8 176767.5
426227.9 178906.5
427608.1 204735.4
424774 213641.1
435012.9 212244.5
438355.7 213557.9
441989.6 213133.2
457371.3 208007.1
459077.4 205786.2
ID 47009
799128.7 174633.9
805338.9 160948.8
808529.2 154918.4
811519 153115.1
811827.8 139640.8
785805.1 127016.8
785081.6 127377.4
786864.9 129614.9
787043.3 130054.3
786940.5 130181.3
778063.1 136099.3
773593.9 135728.9
764739 141942.8
764130.6 143225.1
765728 164843.7
767560.4 169043.6
780801.4 173903.8
785499.1 173078.0
790825.2 169713.4
792113 169596.0
799128.7 174633.9
ID 47105
728189.3 146391.3
732176.6 149339.4
734195.4 153983.2
750764.4 174319.3
755150.8 175513.7
756767 174871.6
765728 164843.7
764130.6 143225.1
763728.8 144076.2
751481.2 149037.3
742451.3 149697.7
741823.8 149654.4
739672.2 148934.1
736965.5 147752.5
733531.5 144224.6
728189.3 146391.3
ID 47105
732225.6 143676.9
733855.8 143612.4
733868.8 142409.5
733570.6 142848.5
732240.7 142824.7
732225.6 143676.9
ID 47105
749753.6 145652
749442.5 145449.8
748948.1 146328.4
749489.7 146707.8
750081.3 145865.0
749753.6 145652
ID 47105
731378.9 149335.4
731374.2 149632.3
731781.2 150046.7
732183.2 150046.8
732176.6 149339.4
731378.9 149335.4
ID 47149
553573.4 196195.3
557223.8 193229.3
570579.8 183301.1
572010.7 182581.9
577776 180531.2
586178.4 179866.7
581254.2 152070.6
577793.8 144104.0
572806.1 146761
550851.6 151500.6
543719.6 152120.6
542411.4 152037.4
542121.5 150255.0
537908.2 152963.1
544178.8 181559.5
553573.4 196195.3
ID 47053
316376.5 212197.0
333931.1 213665.2
336241.6 210456.8
342284.5 203968.5
342919.4 203602.1
343638.4 203685.6
351392.2 200565.5
357449.1 195214.3
355345.6 165118.4
336450.9 166359.0
330899.4 170215.8
319535.1 174062.5
318169.4 177585.4
317499 179883.6
317180.6 185889
312540.3 189551.8
316376.5 212197.0
ID 47045
286900 214092.6
316376.5 212197.0
312540.3 189551.8
298242.7 176861.1
297283.9 178933.9
296672.1 179927.9
292646.7 184342
285098.7 184732.6
271718.5 181230.4
267174.6 180580.2
263510.5 191401.2
273608.4 211537.6
286900 214092.6
ID 47187
493449.2 191076.5
505018.8 190471.0
506186.8 184211.6
507332.1 184221.7
516280.5 191155.7
529050.4 189190.7
544178.8 181559.5
537908.2 152963.1
529234.5 152644.7
490244.5 169026.2
491373.3 181055.3
493449.2 191076.5
ID 47017
372318.4 204568.4
400836.4 200535.2
403281.1 170000.1
403090.3 166779.8
367851.4 168528.7
366372 167417.9
365063.8 166073.2
364372.2 164682.3
355345.6 165118.4
357449.1 195214.3
372318.4 204568.4
ID 47015
598660.6 180595.0
610375.1 167131.3
601352.6 147204.4
581254.2 152070.6
586178.4 179866.7
598660.6 180595.0
ID 47143
715410.9 158251.4
716377.8 156404.4
716560 155733.7
715750.2 151468.5
709166.8 135782
698504.4 123415.7
697872.6 123064.8
689343.2 119825.8
678404.1 125095.0
677469.3 128844.4
680876 137726.7
686755.7 143741.2
697992.3 159011.3
710067.5 166183.8
715410.9 158251.4
ID 47081
491373.3 181055.3
490244.5 169026.2
478741.9 147923.3
472315.7 144789.7
468430.2 143291.4
467772.5 143199.5
459667.8 144987.8
453482.8 144746.9
449771.6 142845.3
444912.0 168384.7
461627.9 185271.3
491373.3 181055.3
ID 47121
724984 146370.7
703604.4 113410.6
695837.3 106390.5
689343.2 119825.8
697872.6 123064.8
698504.4 123415.7
709166.8 135782
715750.2 151468.5
716560 155733.7
716377.8 156404.4
715410.9 158251.4
724984 146370.7
ID 47177
628722.9 166239.4
635896.7 162242.8
640126.5 133190.3
635611.7 133023.9
626912.4 132660.6
622326.4 132146.1
616567.4 130950.8
615155 131143.7
611157.4 132123.4
601352.6 147204.4
610375.1 167131.3
628722.9 166239.4
ID 47007
667459.2 159166.8
678394.3 159665.1
682575.7 158827.6
687529.6 158275.3
690988.8 158093.7
697992.3 159011.3
686755.7 143741.2
680876 137726.7
677469.3 128844.4
678404.1 125095.0
670360.4 113551.7
652229.1 137073.6
667459.2 159166.8
ID 47175
666024.8 162184.5
665746.6 161608.5
667495.3 159299.1
667459.2 159166.8
652229.1 137073.6
640126.5 133190.3
635896.7 162242.8
666024.8 162184.5
ID 47123
764130.6 143225.1
764739 141942.8
773593.9 135728.9
778063.1 136099.3
786940.5 130181.3
787043.3 130054.3
786864.9 129614.9
785081.6 127377.4
779301.7 108095.0
776897.3 105479.0
773139.9 103097
763534.4 103846.4
755491.2 98254.67
736855.5 106691.9
744506 111817.3
744502 119340.5
736951.5 136180.4
733868.8 142409.5
733855.8 143612.4
733531.5 144224.6
736965.5 147752.5
739672.2 148934.1
741823.8 149654.4
742451.3 149697.7
751481.2 149037.3
763728.8 144076.2
764130.6 143225.1
ID 47123
749753.6 145652
750081.3 145865.0
749489.7 146707.8
748948.1 146328.4
749442.5 145449.8
749753.6 145652
ID 47033
312540.3 189551.8
317180.6 185889
317499 179883.6
318169.4 177585.4
319535.1 174062.5
330899.4 170215.8
336450.9 166359.0
322227.9 155182.1
315655.6 158460.8
306372.7 162416.9
304496.4 162637.5
300796.6 164786.0
298760.7 166641.2
297869.6 167731.8
296773.3 169488.2
296781.3 169869.9
298242.7 176861.1
312540.3 189551.8
ID 47107
728189.3 146391.3
733531.5 144224.6
733855.8 143612.4
732225.6 143676.9
732240.7 142824.7
733570.6 142848.5
733868.8 142409.5
736951.5 136180.4
744502 119340.5
744506 111817.3
736855.5 106691.9
735013.6 104555.6
725112.5 104555.3
720697.9 103361.0
717982.3 101489.7
703604.4 113410.6
724984 146370.7
728189.3 146391.3
ID 47119
490244.5 169026.2
529234.5 152644.7
512740.9 120663.1
490443.1 122705.8
482475.7 124087.0
483679.1 125615.7
484121.6 126879.9
484840.9 130836.9
483048.4 135539.8
480809.9 137741.2
478690.1 138341.7
477444.1 139676
477278.1 141066.7
477441.7 143368.4
478741.9 147923.3
490244.5 169026.2
ID 47097
267174.6 180580.2
271718.5 181230.4
285098.7 184732.6
292646.7 184342
296672.1 179927.9
297283.9 178933.9
298242.7 176861.1
296781.3 169869.9
292664.9 170582.1
289734.0 165802.8
289027.5 163921.9
288933.4 162415.0
290063.2 162314.5
290014.7 161510.7
285620.4 145570.0
283362.1 144282.3
282611.5 144085.7
278960.9 147249.7
272132.8 151753.2
259626.4 151822.0
256833.6 151160.9
254557.8 149828.6
249460.3 146086.2
247540.3 144233.3
245541.2 140728.5
250457.3 163702
260107.5 179394.7
260733.6 179799.5
261001.9 179973.0
263058.3 180769.4
264749.4 180876.9
267174.6 180580.2
ID 47135
444912.0 168384.7
449771.6 142845.3
444147.9 128960.9
417686.5 122810.4
416343.5 122861.3
415741.1 123215.4
415164.7 124045.7
414498.2 125629.4
416190.2 153650.1
418166.4 158487.8
421919.7 166260.6
422698.4 169043.3
433368.3 166594.4
435781.0 168195.9
437419.5 168340.7
444912.0 168384.7
ID 47031
601352.6 147204.4
611157.4 132123.4
610886.1 131971.9
610617.2 131412.8
610058.2 123229.0
610494.5 117573.6
611836.1 116183.8
610809.8 112672.9
608458.7 106948.9
607857.4 106017.7
596677.6 112104.9
585752.6 114217.1
577258.6 112233.9
576318.8 111441.4
576226.8 111009.0
576604.3 119761.3
577793.8 144104.0
581254.2 152070.6
601352.6 147204.4
ID 47039
403281.1 170000.1
421919.7 166260.6
418166.4 158487.8
416190.2 153650.1
414498.2 125629.4
415164.7 124045.7
415741.1 123215.4
416343.5 122861.3
417686.5 122810.4
416068.8 119395.5
396443.9 123258.6
395871.7 123300.2
396587.1 134973.7
401554.7 143764.7
403090.3 166779.8
403281.1 170000.1
ID 47117
529234.5 152644.7
537908.2 152963.1
542121.5 150255.0
539737.2 128732.4
539584.1 124787.6
540231.9 122461.6
543818.2 114840.6
545195.6 114524.6
545520.2 114624.5
524630.4 103540.9
512740.9 120663.1
529234.5 152644.7
ID 47003
577793.8 144104.0
576604.3 119761.3
552254.1 113462.0
545520.2 114624.5
545195.6 114524.6
543818.2 114840.6
540231.9 122461.6
539584.1 124787.6
539737.2 128732.4
542121.5 150255.0
542411.4 152037.4
543719.6 152120.6
550851.6 151500.6
572806.1 146761
577793.8 144104.0
ID 47077
403090.3 166779.8
401554.7 143764.7
396587.1 134973.7
395871.7 123300.2
396443.9 123258.6
385627.4 123036.3
363167.1 142390.1
364372.2 164682.3
365063.8 166073.2
366372 167417.9
367851.4 168528.7
403090.3 166779.8
ID 47153
652229.1 137073.6
670360.4 113551.7
655856.9 90494.7
655862.8 91400.07
655100 97098.8
653940 99160.1
650670.1 103150.1
648412 103965.4
641027 107853.7
640141.3 109482.7
635611.7 133023.9
640126.5 133190.3
652229.1 137073.6
ID 47113
364372.2 164682.3
363167.1 142390.1
341995.4 125179.3
320471.9 126230.4
322227.9 155182.1
336450.9 166359.0
355345.6 165118.4
364372.2 164682.3
ID 47075
296781.3 169869.9
296773.3 169488.2
297869.6 167731.8
298760.7 166641.2
300796.6 164786.0
304496.4 162637.5
306372.7 162416.9
315655.6 158460.8
322227.9 155182.1
320471.9 126230.4
310812.4 122732.0
284485.9 124284.2
282611.5 144085.7
283362.1 144282.3
285620.4 145570.0
290014.7 161510.7
290063.2 162314.5
288933.4 162415.0
289027.5 163921.9
289734.0 165802.8
292664.9 170582.1
296781.3 169869.9
ID 47061
635611.7 133023.9
640141.3 109482.7
611559.8 98756.68
607857.4 106017.7
608458.7 106948.9
610809.8 112672.9
611836.1 116183.8
610494.5 117573.6
610058.2 123229.0
610617.2 131412.8
610886.1 131971.9
611157.4 132123.4
615155 131143.7
616567.4 130950.8
622326.4 132146.1
626912.4 132660.6
635611.7 133023.9
ID 47101
478741.9 147923.3
477441.7 143368.4
477278.1 141066.7
477444.1 139676
478690.1 138341.7
480809.9 137741.2
483048.4 135539.8
484840.9 130836.9
484121.6 126879.9
483679.1 125615.7
482475.7 124087.0
479660.1 125420.7
468520 125736.9
468451.4 121607.7
460585.3 119287.7
456899.1 119326.6
444147.9 128960.9
449771.6 142845.3
453482.8 144746.9
459667.8 144987.8
467772.5 143199.5
468430.2 143291.4
472315.7 144789.7
478741.9 147923.3
ID 47065
689343.2 119825.8
695837.3 106390.5
691067.7 96780.33
690330.3 94852.27
688817.8 88484.24
691101.3 79507.32
693407.8 73088.23
693144.3 73083.06
667107.2 72564.22
658081.4 72312.39
648193 72318.48
655856.9 90494.7
670360.4 113551.7
678404.1 125095.0
689343.2 119825.8
ID 47011
703604.4 113410.6
717982.3 101489.7
711767.1 73313.5
708585 73253.81
693407.8 73088.23
691101.3 79507.32
688817.8 88484.24
690330.3 94852.27
691067.7 96780.33
695837.3 106390.5
703604.4 113410.6
ID 47139
736855.5 106691.9
755491.2 98254.67
753216.3 73995.66
725863.1 73559.7
711767.1 73313.5
717982.3 101489.7
720697.9 103361.0
725112.5 104555.3
735013.6 104555.6
736855.5 106691.9
ID 47023
363167.1 142390.1
385627.4 123036.3
385356.7 118859.6
371416.4 119653.7
366356.7 119428.6
364603.3 118908.5
360014.6 117201.3
357408.4 114504.6
355464.4 111746.0
354002.9 107628.3
346858.8 105034.7
345870.9 113436.5
341816.8 120369.9
341995.4 125179.3
363167.1 142390.1
ID 47167
282611.5 144085.7
284485.9 124284.2
269975.9 121785.6
268354.3 123216.4
263784.3 125659.2
263171 125782.2
232960.5 125550.7
228501.8 123944.1
223085.9 130425.8
245541.2 140728.5
247540.3 144233.3
249460.3 146086.2
254557.8 149828.6
256833.6 151160.9
259626.4 151822.0
272132.8 151753.2
278960.9 147249.7
282611.5 144085.7
ID 47127
576604.3 119761.3
576226.8 111009.0
570998.7 88125.5
552254.1 113462.0
576604.3 119761.3
ID 47115
611559.8 98756.68
640141.3 109482.7
641027 107853.7
648412 103965.4
650670.1 103150.1
653940 99160.1
655100 97098.8
655862.8 91400.07
655856.9 90494.7
648193 72318.48
636052.5 72340.93
612423.6 72687.46
611559.8 98756.68
ID 47099
482475.7 124087.0
490443.1 122705.8
489923.4 119803.3
489607.4 116957.2
489185.4 87285.43
488331.8 74589
453384.4 75542.2
456899.1 119326.6
460585.3 119287.7
468451.4 121607.7
468520 125736.9
479660.1 125420.7
482475.7 124087.0
ID 47181
444147.9 128960.9
456899.1 119326.6
453384.4 75542.2
418817.7 76499.62
419330.7 95793.96
416732 110093.3
416030.1 117484.1
416068.8 119395.5
417686.5 122810.4
444147.9 128960.9
ID 47051
576226.8 111009.0
576318.8 111441.4
577258.6 112233.9
585752.6 114217.1
596677.6 112104.9
607857.4 106017.7
611559.8 98756.68
612423.6 72687.46
571579.8 73025.68
570896.2 73033.31
570998.7 88125.5
576226.8 111009.0
ID 47055
490443.1 122705.8
512740.9 120663.1
524630.4 103540.9
523638.3 73380.66
489467.6 74543.57
488331.8 74589
489185.4 87285.43
489607.4 116957.2
489923.4 119803.3
490443.1 122705.8
ID 47103
552254.1 113462.0
570998.7 88125.5
570896.2 73033.31
528452 73358.69
523638.3 73380.66
524630.4 103540.9
545520.2 114624.5
552254.1 113462.0
ID 47071
385627.4 123036.3
396443.9 123258.6
416068.8 119395.5
416030.1 117484.1
416732 110093.3
419330.7 95793.96
418817.7 76499.62
399155.5 75741.32
384235.3 76084.32
382685.7 76124.14
385356.7 118859.6
385627.4 123036.3
ID 47069
320471.9 126230.4
341995.4 125179.3
341816.8 120369.9
345870.9 113436.5
346858.8 105034.7
345621.1 77063.09
342275.8 77148.35
324582.5 77620.14
308050.5 78126.97
310812.4 122732.0
320471.9 126230.4
ID 47109
385356.7 118859.6
382685.7 76124.14
345621.1 77063.09
346858.8 105034.7
354002.9 107628.3
355464.4 111746.0
357408.4 114504.6
360014.6 117201.3
364603.3 118908.5
366356.7 119428.6
371416.4 119653.7
385356.7 118859.6
ID 47047
284485.9 124284.2
310812.4 122732.0
308050.5 78126.97
293962.4 78591.52
267359.8 79639.84
268368.3 94467.92
268986.9 108868
269975.9 121785.6
284485.9 124284.2
ID 47157
228501.8 123944.1
232960.5 125550.7
263171 125782.2
263784.3 125659.2
268354.3 123216.4
269975.9 121785.6
268986.9 108868
268368.3 94467.92
267359.8 79639.84
260063.2 79855.82
206697.2 82150.7
206712.9 83710.98
208163 87016.89
217540.0 89003.4
227883.3 95231.11
229399.6 96740.1
229599.1 96938.64
229621.3 97023.17
229656.7 97157.99
229683.6 97260.48
228735.2 122763.4
228501.8 123944.1
