ID 48
1016874 2618921
1019176 2605033
1018733 2605074
1018452 2605101
1017579 2606212
1016391 2613780
1016372 2617216
1015730 2621333
1014500 2627675
1012199 2636724
1010894 2640240
1009422 2643079
1001080 2663855
993551.6 2688142
992975 2702035
992584.5 2713837
992435.4 2718487
992304.4 2725407
992500.7 2730764
992870.8 2733479
993651.5 2738930
1005124 2772943
1023716 2803253
1044571 2832999
1045704 2838163
1067190 2854284
1068339 2854904
1073376 2857328
1080963 2859204
1082200 2857250
1073016 2852238
1071720 2851532
1071586 2851442
1064632 2846731
1057623 2841218
1051548 2835999
1042805 2827736
1042617 2827524
1042404 2827285
1024280 2801853
1007695 2772442
996175.5 2738997
995912 2737898
994793.5 2731455
994190.7 2725974
993766.5 2719282
993711.4 2713390
993950.3 2707273
994955.2 2698059
995596.6 2694263
995599 2694249
995665.6 2693855
997179 2686885
999226.9 2678925
1002757 2667785
1002906 2667370
1003070 2666916
1004142 2663928
1011135 2643129
1014372 2631549
1015378 2627196
1016874 2618921
ID 48
644126.2 3758844
680846.6 3758678
729670.5 3758743
730112.6 3709267
730171.1 3689807
730258.7 3660658
730324.5 3638760
730404.7 3612100
730455.5 3595160
730550.2 3563592
730876.6 3543048
744618.5 3537019
749673.4 3531151
752121.3 3528564
758807.9 3522803
761668.8 3522303
762433 3522341
766011.8 3522520
769364.8 3527127
769887.8 3527311
770917.5 3527235
775322.1 3526911
776754.3 3526397
779072.6 3525163
782229.8 3522496
785325.9 3522353
786039.7 3522686
786109 3522718
786207.3 3522910
786240.3 3522974
789906.2 3530119
794054 3528137
798729 3525906
803397.8 3518663
803411 3518553
803413 3518535
803408.3 3516004
803428.2 3513589
805418.7 3505106
805430 3505057
805474.2 3505045
806651.5 3504730
808556.2 3504219
812061.7 3503627
813787.3 3503753
817490.3 3504023
826029.6 3503732
826133.6 3503728
827452.2 3503127
836202.5 3498474
844801.8 3496775
850841.4 3496819
859113.8 3499726
860070.6 3499689
862162 3498447
864372.3 3496767
869059 3490035
871723.8 3489193
871764.9 3489180
871819.2 3489232
876579.1 3493796
880090.8 3498602
881845.3 3499667
885419.4 3499055
899933.2 3495233
905918.3 3486411
907651 3483311
907928.2 3483070
908071.1 3483035
912032.9 3482065
914032.8 3482145
914138.3 3482174
917340.8 3483076
920833.4 3481859
920863.6 3481849
920281.5 3475905
918126.9 3470692
919178.4 3469828
927526.9 3466487
928605.5 3466417
931496.3 3467401
935952.1 3471171
940610.4 3476354
943592.8 3480407
953302.5 3474601
956713.2 3472476
963763.1 3474626
965946.6 3466467
966213.6 3465900
966297.6 3465721
966318.2 3465677
966892.4 3465021
967727.3 3464513
995187 3454026
996472.6 3453625
998001 3453503
999279.2 3453978
1000188 3454748
1000610 3455360
1013585 3479719
1014473 3480257
1019563 3470906
1021148 3469303
1022126 3468705
1030960 3466420
1035409 3467353
1035488 3467370
1044595 3471896
1044353 3470080
1044488 3468734
1044619 3468225
1044695 3467930
1054462 3462020
1055348 3461485
1055363 3461475
1055455 3461496
1060170 3462581
1061248 3462510
1062476 3462143
1062489 3462126
1066739 3456887
1067694 3455711
1081391 3459606
1083282 3460202
1084942 3460973
1085045 3461094
1085851 3462047
1085978 3462197
1085994 3462255
1086214 3463015
1086467 3463892
1086518 3464186
1086567 3464469
1087030 3467143
1087728 3469889
1092367 3471147
1102757 3472388
1104728 3472625
1105989 3472776
1111408 3471974
1115943 3471306
1123787 3474579
1123789 3474587
1131410 3478880
1138048 3482626
1141075 3482583
1141791 3482334
1142847 3479908
1142848 3479170
1142616 3478394
1142662 3477801
1142668 3477730
1143043 3477115
1143424 3476839
1152602 3475987
1156127 3475860
1162363 3476407
1162411 3476412
1165101 3476835
1166469 3477051
1167216 3477169
1169621 3478839
1170086 3479349
1170555 3480479
1170662 3481630
1170490 3482577
1170463 3482723
1170111 3483455
1170073 3483535
1170083 3483635
1170105 3483843
1170119 3483975
1171998 3487031
1172035 3487048
1172121 3487087
1172426 3487228
1173079 3487214
1179035 3485538
1190242 3476796
1206612 3464831
1218265 3460646
1242761 3454664
1243557 3452813
1244331 3451197
1244987 3450440
1248865 3448152
1250271 3447324
1255374 3444808
1264246 3449661
1264701 3450091
1266043 3450326
1271231 3451236
1280298 3449777
1282047 3449138
1284322 3447415
1286127 3416274
1287710 3388353
1288585 3373038
1289739 3352220
1291647 3318915
1292904 3297182
1296806 3273395
1310642 3259133
1316405 3230805
1327029 3220515
1336221 3208251
1339475 3196044
1340290 3192425
1341452 3186760
1345854 3188069
1347418 3152984
1345984 3145482
1333209 3119396
1332283 3115462
1332273 3115420
1332540 3115124
1335353 3112009
1336944 3105157
1336933 3104581
1336572 3103592
1333038 3100417
1332907 3100299
1336493 3082987
1337167 3061533
1326644 3045731
1328380 3021006
1319460 3019266
1317094 3019202
1312643 3019084
1307382 3017639
1300183 3014465
1279261 3003907
1277690 3003117
1274862 3001695
1266392 2997414
1265747 2997091
1265298 2996857
1257683 2992935
1256499 2992321
1253082 2990320
1252452 2989896
1250516 2988593
1249390 2987835
1249048 2987558
1247952 2986672
1247171 2986040
1246765 2985589
1246529 2985327
1245854 2984577
1245640 2984229
1244830 2982909
1244463 2982310
1244025 2981160
1243854 2980711
1240941 2979759
1239275 2979631
1238904 2979922
1238766 2981178
1240246 2983233
1248080 2992276
1248935 2992925
1256215 2996721
1261135 2998643
1262367 2998830
1263279 2999236
1262727 3000421
1262660 3002016
1242308 3004490
1244583 3009176
1245702 3016918
1245720 3017935
1245332 3020073
1242211 3025656
1241123 3026785
1240568 3026940
1235720 3024516
1233475 3023215
1222710 3013648
1215011 2999913
1219658 2995017
1236215 2978586
1244059 2976580
1238948 2971761
1237303 2970403
1228338 2963713
1217074 2955329
1216391 2954822
1215202 2953831
1211812 2951009
1211182 2950485
1210876 2950178
1209503 2948802
1208509 2947806
1207715 2946626
1207192 2945424
1183628 2923126
1171154 2916845
1169336 2915557
1165396 2912764
1163590 2911610
1142107 2897911
1135257 2894100
1124045 2888677
1116628 2884882
1102948 2877190
1098172 2873681
1097812 2873412
1091372 2868485
1088558 2866200
1087797 2864883
1087522 2865677
1088076 2866643
1103397 2879173
1104964 2899729
1104498 2900220
1103843 2900421
1101864 2900065
1097428 2898829
1095560 2898140
1094016 2896785
1092308 2893438
1086374 2890354
1076904 2886069
1068795 2892907
1067762 2895470
1066905 2900529
1060633 2900006
1060084 2899738
1058701 2898386
1064335 2886262
1064643 2885990
1068952 2885345
1071754 2883576
1083519 2873761
1084448 2872890
1085286 2871790
1085162 2871051
1067079 2860995
1066242 2860628
1059223 2858304
1056701 2859012
1055981 2859667
1049417 2866181
1047659 2856097
1047028 2850925
1048273 2849081
1048293 2848461
1047085 2845541
1046183 2844746
1034230 2834013
1031480 2833873
1023356 2822388
1015265 2808855
1001337 2806111
999550.2 2805725
993210.9 2802503
991391.8 2801042
990207.4 2798355
990147.8 2794907
990898.7 2793119
992730.1 2790400
994888.4 2788650
997941 2787319
1003020 2783673
1000200 2776419
997540 2770459
993283.6 2752612
990602.5 2745250
990316.2 2744621
989534.4 2743639
988840 2743169
980231.4 2738256
967388 2738323
967170.2 2737480
967319 2735505
967739.4 2734837
968356.2 2734400
976927 2733086
979193.5 2733369
980191.9 2733846
980835.3 2734371
981125.3 2734887
982596.5 2735632
986021 2737020
988616 2737257
988811.2 2736555
987099 2720797
983409.5 2707840
981408.9 2685908
985340.1 2681032
988364.6 2667197
988789.4 2663571
995251 2642680
995732.1 2642445
1000642 2636070
1000744 2626623
1004918 2609250
1012875 2596989
1013112 2596741
1012108 2592830
994287.5 2580947
985318 2583340
983859 2584126
982443.5 2585175
976540 2589549
967717.2 2598751
967338.4 2600014
955804.8 2601559
948160.8 2602591
947430 2602689
945458.5 2602956
936458.7 2602447
933459.6 2602278
933111.1 2601766
929864 2600269
917389.2 2602170
910002.8 2603302
907686.2 2604478
906231.3 2605394
895281.3 2612300
889950 2618229
887187.6 2619430
886978.4 2619492
875134.5 2623031
875047.2 2623035
875039.3 2623036
870427.5 2622174
863089.9 2625080
828667.4 2639017
822810 2642484
816441.5 2655649
816220.9 2656407
816044.7 2657012
814327 2662920
812234.1 2670124
812201.5 2670237
808751.8 2681175
806084.6 2687254
800719.3 2694272
794984.6 2697292
788199.5 2707066
787588.6 2711466
787712.3 2711922
788150.5 2712351
789790.6 2714999
790067.3 2724100
790065 2724112
788492.3 2732266
787404 2733826
787317.8 2733864
787222 2733906
785568.4 2733967
783390.7 2735189
783197.2 2735298
779704.7 2738431
779282.8 2738876
779116.6 2739051
779026.3 2739146
778891.8 2739538
778904.3 2739557
779335.2 2740198
781913.8 2744039
783285.7 2747832
783777.4 2749993
784454.3 2758421
780506.2 2768134
778278.8 2771693
776949.7 2772578
772421.7 2775598
770160.4 2775896
769883.3 2775707
769804.2 2775258
765944.2 2775225
748354 2790253
745110.8 2793759
733671.9 2814611
724579 2831171
724111 2831555
712174.9 2837012
711807.2 2837384
707421.8 2841831
704119.1 2845718
698661 2860342
682965.1 2897330
669309.2 2924337
667355.8 2935479
655300.5 2952937
631631.2 2972279
611463.5 2995022
611171.9 2995655
596442 3010578
591515.2 3012024
591088 3012030
577191.7 3012262
574983.2 3012300
561936.7 3013119
560197.6 3013538
559487.3 3013709
550100.2 3015404
544186.1 3016073
534921.9 3014946
533994.4 3014407
527622.9 3015334
508503.1 3024824
503694 3021410
491766.6 3015326
474406.3 3010209
472225 3008741
471996.8 3008588
459995.3 2986667
453061.4 2968126
428781.5 2927841
424719.2 2926564
424013.4 2926501
412559.8 2928794
402760.8 2932832
371018.7 2951502
370083.7 2952375
366008.9 2956183
363720.3 2960467
347292.6 2964926
341915.7 2966692
341289 2966898
340889.5 2967184
337290.1 2969754
330070.9 2974918
295065.0 3004822
292984 3008884
280803.3 3035281
280368.6 3036389
279471.5 3047311
280542.3 3055432
280774.1 3065053
278939.2 3071378
259361.6 3112486
254141.7 3115437
248776.5 3122321
240964.3 3130005
233370.3 3135825
229658.9 3135928
228198.8 3136378
216137.5 3143177
201325.1 3158349
183791.4 3178663
170278.0 3194323
161492.9 3204382
152010.7 3207993
148901.6 3209332
143764.7 3213036
142475.7 3213966
142397.1 3214049
142034.1 3214432
141903.4 3214570
141078.8 3215777
138108.1 3223462
129282.6 3241113
127181.5 3244547
123810.5 3246941
113544.4 3251050
105794.7 3258436
104804.7 3259578
104638.6 3260067
106291.2 3269730
106473.9 3270560
108219.1 3275409
108226.2 3275429
108269.5 3275429
108581.5 3275414
129198.9 3274352
164954.1 3272561
266865.2 3267660
273522.9 3267386
351260.5 3264465
355448.8 3264339
379753.2 3263581
417192 3262523
422753.1 3262387
427664.5 3262262
434316.9 3262088
439656.1 3261952
441949.5 3261902
442192.5 3271495
443344.1 3319742
444537.7 3368197
446452.3 3415810
447323.1 3436016
448500.3 3464205
450109.5 3517263
450133.1 3518394
451420.9 3566674
452003.4 3589651
452636.8 3615116
453901.9 3663984
454236.3 3676980
455140.9 3712152
455771 3741451
456212.7 3759305
459802.2 3761659
535384.4 3760122
547093.7 3759908
583848.3 3759354
632335.1 3758877
644126.2 3758844
