ID 48111
535384.4 3760122
534519 3710535
455140.9 3712152
455771 3741451
456212.7 3759305
459802.2 3761659
535384.4 3760122
ID 48421
547093.7 3759908
583848.3 3759354
583314.7 3709868
534519 3710535
535384.4 3760122
547093.7 3759908
ID 48195
632335.1 3758877
631951.8 3709663
631948.4 3709407
583314.7 3709868
583848.3 3759354
632335.1 3758877
ID 48357
644126.2 3758844
680846.6 3758678
680699.8 3709336
631951.8 3709663
632335.1 3758877
644126.2 3758844
ID 48295
680846.6 3758678
729670.5 3758743
730112.6 3709267
681288 3709330
680699.8 3709336
680846.6 3758678
ID 48341
534519 3710535
583314.7 3709868
582815.4 3661842
582813.3 3661412
533745.9 3662082
533754.4 3662915
534519 3710535
ID 48233
583314.7 3709868
631948.4 3709407
631594.3 3661529
582815.4 3661842
583314.7 3709868
ID 48393
631948.4 3709407
631951.8 3709663
680699.8 3709336
681288 3709330
681198.1 3660650
631601.7 3660843
631594.3 3661529
631948.4 3709407
ID 48211
730112.6 3709267
730171.1 3689807
730258.7 3660658
681198.1 3660650
681288 3709330
730112.6 3709267
ID 48375
533745.9 3662082
582813.3 3661412
582236.7 3612783
532515.8 3613494
533745.9 3662082
ID 48065
582813.3 3661412
582815.4 3661842
631594.3 3661529
631601.7 3660843
631241.2 3612225
582236.7 3612783
582813.3 3661412
ID 48179
631601.7 3660843
681198.1 3660650
681220.7 3612121
631241.2 3612225
631601.7 3660843
ID 48483
681198.1 3660650
730258.7 3660658
730324.5 3638760
730404.7 3612100
681220.7 3612121
681198.1 3660650
ID 48117
451420.9 3566674
452003.4 3589651
452636.8 3615116
471316.6 3614750
490706.5 3614717
532515.8 3613494
531591.3 3565042
498899.3 3565580
451420.9 3566674
ID 48381
532515.8 3613494
582236.7 3612783
581095.9 3564371
547220.7 3564882
531591.3 3565042
532515.8 3613494
ID 48011
582236.7 3612783
631241.2 3612225
630504.7 3563982
595564 3564192
581095.9 3564371
582236.7 3612783
ID 48129
681220.7 3612121
680972.9 3563705
643883.1 3563903
630504.7 3563982
631241.2 3612225
681220.7 3612121
ID 48087
681220.7 3612121
730404.7 3612100
730455.5 3595160
730550.2 3563592
692424.6 3563668
680972.9 3563705
681220.7 3612121
ID 48369
451420.9 3566674
498899.3 3565580
497908 3517371
489656.7 3517521
450133.1 3518394
451420.9 3566674
ID 48069
531591.3 3565042
547220.7 3564882
546540.5 3516528
538023.9 3516669
497908 3517371
498899.3 3565580
531591.3 3565042
ID 48437
547220.7 3564882
581095.9 3564371
595564 3564192
595067.5 3515833
586469.2 3515947
546540.5 3516528
547220.7 3564882
ID 48045
595564 3564192
630504.7 3563982
643883.1 3563903
643504.3 3515505
634716.5 3515521
595067.5 3515833
595564 3564192
ID 48191
680972.9 3563705
692424.6 3563668
692214.7 3515437
683036.9 3515512
643504.3 3515505
643883.1 3563903
680972.9 3563705
ID 48075
692424.6 3563668
730550.2 3563592
730876.6 3543048
730940.1 3515292
692214.7 3515437
692424.6 3563668
ID 48197
744618.5 3537019
749673.4 3531151
752121.3 3528564
758807.9 3522803
761668.8 3522303
762433 3522341
766011.8 3522520
769364.8 3527127
769887.8 3527311
770917.5 3527235
775322.1 3526911
776754.3 3526397
779072.6 3525163
779267.3 3490400
778960 3489315
777969 3488197
772467.3 3487057
748309.3 3493555
730978.6 3505574
730940.1 3515292
730876.6 3543048
744618.5 3537019
ID 48017
489656.7 3517521
488518 3463355
448500.3 3464205
450109.5 3517263
450133.1 3518394
489656.7 3517521
ID 48279
489656.7 3517521
497908 3517371
538023.9 3516669
537603.9 3462416
488518 3463355
489656.7 3517521
ID 48487
803413 3518535
803408.3 3516004
803428.2 3513589
805418.7 3505106
805430 3505057
805474.2 3505045
806651.5 3504730
808556.2 3504219
812061.7 3503627
813787.3 3503753
817490.3 3504023
826029.6 3503732
826133.6 3503728
827452.2 3503127
827898 3462979
779482.3 3462485
779267.3 3490400
779072.6 3525163
782229.8 3522496
785325.9 3522353
786039.7 3522686
786109 3522718
786207.3 3522910
786240.3 3522974
789906.2 3530119
794054 3528137
798729 3525906
803397.8 3518663
803411 3518553
803413 3518535
ID 48189
538023.9 3516669
546540.5 3516528
586469.2 3515947
585994.7 3462408
537603.9 3462416
538023.9 3516669
ID 48153
595067.5 3515833
634716.5 3515521
634408.2 3462339
585994.7 3462408
586469.2 3515947
595067.5 3515833
ID 48345
634716.5 3515521
643504.3 3515505
683036.9 3515512
682823.8 3462370
634408.2 3462339
634716.5 3515521
ID 48101
683036.9 3515512
692214.7 3515437
730940.1 3515292
730978.6 3505574
729849.7 3507526
727311.1 3507166
726417.9 3506164
726395.9 3462425
682823.8 3462370
683036.9 3515512
ID 48155
730978.6 3505574
748309.3 3493555
772467.3 3487057
777969 3488197
778960 3489315
779267.3 3490400
779482.3 3462485
779671.2 3451321
779347.2 3452751
777914.1 3455086
773092.2 3458170
758726.7 3460609
746143 3462476
731218.7 3462438
726395.9 3462425
726417.9 3506164
727311.1 3507166
729849.7 3507526
730978.6 3505574
ID 48485
859113.8 3499726
860070.6 3499689
862162 3498447
864372.3 3496767
869059 3490035
871723.8 3489193
871764.9 3489180
871819.2 3489232
876579.1 3493796
876958.5 3463913
827898 3462979
827452.2 3503127
836202.5 3498474
844801.8 3496775
850841.4 3496819
859113.8 3499726
ID 48077
905918.3 3486411
907651 3483311
907928.2 3483070
908071.1 3483035
912032.9 3482065
914032.8 3482145
914138.3 3482174
917340.8 3483076
920833.4 3481859
920863.6 3481849
920281.5 3475905
918126.9 3470692
919022.2 3423759
877864.1 3422933
876958.5 3463913
876579.1 3493796
880090.8 3498602
881845.3 3499667
885419.4 3499055
899933.2 3495233
905918.3 3486411
ID 48219
488518 3463355
537603.9 3462416
537752.7 3414105
489442.4 3414853
488518 3463355
ID 48303
537603.9 3462416
585994.7 3462408
586083.2 3414035
537752.7 3414105
537603.9 3462416
ID 48337
963763.1 3474626
964863 3421133
924751 3420190
919022.2 3423759
918126.9 3470692
919178.4 3469828
927526.9 3466487
928605.5 3466417
931496.3 3467401
935952.1 3471171
940610.4 3476354
943592.8 3480407
953302.5 3474601
956713.2 3472476
963763.1 3474626
ID 48387
1179035 3485538
1190242 3476796
1206612 3464831
1218265 3460646
1220273 3419169
1214325 3422728
1184732 3424168
1167945 3422134
1167738 3422409
1165101 3476835
1166469 3477051
1167216 3477169
1169621 3478839
1170086 3479349
1170555 3480479
1170662 3481630
1170490 3482577
1170463 3482723
1170111 3483455
1170073 3483535
1170083 3483635
1170105 3483843
1170119 3483975
1171998 3487031
1172035 3487048
1172121 3487087
1172426 3487228
1173079 3487214
1179035 3485538
ID 48107
585994.7 3462408
634408.2 3462339
634320.6 3413889
586083.2 3414035
585994.7 3462408
ID 48181
1014473 3480257
1019563 3470906
1021148 3469303
1022126 3468705
1030960 3466420
1035409 3467353
1035488 3467370
1044595 3471896
1044353 3470080
1044488 3468734
1044619 3468225
1044695 3467930
1054462 3462020
1055348 3461485
1055363 3461475
1055455 3461496
1060170 3462581
1061248 3462510
1062476 3462143
1062489 3462126
1066739 3456887
1067565 3420273
1025702 3419703
1015456 3420618
1013585 3479719
1014473 3480257
ID 48097
1013585 3479719
1015456 3420618
974545.7 3421011
964863 3421133
963763.1 3474626
965946.6 3466467
966213.6 3465900
966297.6 3465721
966318.2 3465677
966892.4 3465021
967727.3 3464513
995187 3454026
996472.6 3453625
998001 3453503
999279.2 3453978
1000188 3454748
1000610 3455360
1013585 3479719
ID 48125
634408.2 3462339
682823.8 3462370
682858.4 3413767
634320.6 3413889
634408.2 3462339
ID 48277
1165101 3476835
1167738 3422409
1161723 3423271
1152051 3429238
1150196 3429952
1139883 3432719
1138089 3432924
1125120 3433322
1123407 3432794
1116291 3429205
1115943 3471306
1123787 3474579
1123789 3474587
1131410 3478880
1138048 3482626
1141075 3482583
1141791 3482334
1142847 3479908
1142848 3479170
1142616 3478394
1142662 3477801
1142668 3477730
1143043 3477115
1143424 3476839
1152602 3475987
1156127 3475860
1162363 3476407
1162411 3476412
1165101 3476835
ID 48269
682823.8 3462370
726395.9 3462425
731218.7 3462438
731874 3413751
682858.4 3413767
682823.8 3462370
ID 48275
779671.2 3451321
780149 3414192
731874 3413751
731218.7 3462438
746143 3462476
758726.7 3460609
773092.2 3458170
777914.1 3455086
779347.2 3452751
779671.2 3451321
ID 48023
827898 3462979
828422 3414512
780149 3414192
779671.2 3451321
779482.3 3462485
827898 3462979
ID 48009
827898 3462979
876958.5 3463913
877864.1 3422933
878068 3415098
828422 3414512
827898 3462979
ID 48147
1115943 3471306
1116291 3429205
1116430 3423452
1076040 3415480
1067565 3420273
1066739 3456887
1067694 3455711
1081391 3459606
1083282 3460202
1084942 3460973
1085045 3461094
1085851 3462047
1085978 3462197
1085994 3462255
1086214 3463015
1086467 3463892
1086518 3464186
1086567 3464469
1087030 3467143
1087728 3469889
1092367 3471147
1102757 3472388
1104728 3472625
1105989 3472776
1111408 3471974
1115943 3471306
ID 48037
1242761 3454664
1243557 3452813
1244331 3451197
1244987 3450440
1248865 3448152
1250271 3447324
1255374 3444808
1264246 3449661
1264701 3450091
1266043 3450326
1271231 3451236
1280298 3449777
1282047 3449138
1284322 3447415
1286127 3416274
1285274 3417968
1283264 3418890
1274818 3419903
1272518 3419321
1269632 3418211
1268242 3415511
1268610 3413225
1268953 3412218
1268742 3411929
1233664 3410798
1230523 3411317
1229715 3411902
1229422 3412957
1220273 3419169
1218265 3460646
1242761 3454664
ID 48501
489442.4 3414853
488455.6 3367182
444537.7 3368197
446452.3 3415810
489442.4 3414853
ID 48445
489442.4 3414853
537752.7 3414105
536978.7 3366405
524603.1 3366523
488455.6 3367182
489442.4 3414853
ID 48305
586083.2 3414035
585502.3 3365904
572984.2 3366140
536978.7 3366405
537752.7 3414105
586083.2 3414035
ID 48169
634320.6 3413889
634032 3366505
621426.8 3365857
585502.3 3365904
586083.2 3414035
634320.6 3413889
ID 48263
682858.4 3413767
682614 3365500
669831.4 3365589
634032 3366505
634320.6 3413889
682858.4 3413767
ID 48119
1116291 3429205
1123407 3432794
1125120 3433322
1138089 3432924
1139883 3432719
1150196 3429952
1152051 3429238
1161723 3423271
1167738 3422409
1167945 3422134
1167765 3421979
1146829 3419090
1142044 3418765
1139857 3417745
1128473 3412092
1124489 3407118
1116996 3402318
1116430 3423452
1116291 3429205
ID 48237
877864.1 3422933
919022.2 3423759
924751 3420190
925470.4 3372186
912897.5 3372148
878258.6 3372005
878068 3415098
877864.1 3422933
ID 48433
682858.4 3413767
731874 3413751
732224.7 3365224
717689.1 3365173
682614 3365500
682858.4 3413767
ID 48207
731874 3413751
780149 3414192
780639.5 3365143
767474.5 3365042
732224.7 3365224
731874 3413751
ID 48447
780149 3414192
828422 3414512
829314.8 3365622
815738.8 3365476
780639.5 3365143
780149 3414192
ID 48497
924751 3420190
964863 3421133
974545.7 3421011
974401.7 3372131
960772.3 3372222
925470.4 3372186
924751 3420190
ID 48121
974545.7 3421011
1015456 3420618
1025702 3419703
1026174 3373334
1008641 3372472
974401.7 3372131
974545.7 3421011
ID 48503
828422 3414512
878068 3415098
878258.6 3372005
864418.3 3365833
829314.8 3365622
828422 3414512
ID 48231
1116430 3423452
1116996 3402318
1117996 3375733
1111900 3359683
1098571 3359305
1077918 3358894
1077369 3374438
1076040 3415480
1116430 3423452
ID 48085
1025702 3419703
1067565 3420273
1076040 3415480
1077369 3374438
1056834 3373759
1026174 3373334
1025702 3419703
ID 48159
1184732 3424168
1186512 3384825
1184188 3382373
1169803 3376058
1167765 3421979
1167945 3422134
1184732 3424168
ID 48449
1214325 3422728
1215400 3380467
1210041 3383828
1204842 3389705
1203582 3390099
1198048 3389952
1196364 3389864
1194329 3389384
1186512 3384825
1184732 3424168
1214325 3422728
ID 48223
1116996 3402318
1124489 3407118
1128473 3412092
1139857 3417745
1142044 3418765
1146829 3419090
1167765 3421979
1169803 3376058
1136505 3374369
1117996 3375733
1116996 3402318
ID 48343
1214325 3422728
1220273 3419169
1229422 3412957
1231465 3369800
1226616 3369516
1225150 3372255
1215400 3380467
1214325 3422728
ID 48067
1229422 3412957
1229715 3411902
1230523 3411317
1233664 3410798
1268742 3411929
1268953 3412218
1268610 3413225
1268242 3415511
1269632 3418211
1272518 3419321
1274818 3419903
1283264 3418890
1285274 3417968
1286127 3416274
1287710 3388353
1288585 3373038
1231465 3369800
1229422 3412957
ID 48165
444537.7 3368197
488455.6 3367182
524603.1 3366523
524335 3318187
523551.9 3318197
443344.1 3319742
444537.7 3368197
ID 48115
536978.7 3366405
572984.2 3366140
572632 3317703
524335 3318187
524603.1 3366523
536978.7 3366405
ID 48033
585502.3 3365904
621426.8 3365857
620950.3 3317501
620946.5 3317103
572632 3317703
572984.2 3366140
585502.3 3365904
ID 48415
634032 3366505
669831.4 3365589
669243.5 3316982
620950.3 3317501
621426.8 3365857
634032 3366505
ID 48063
1184188 3382373
1186512 3384825
1194329 3389384
1196364 3389864
1198048 3389952
1203582 3390099
1204842 3389705
1210041 3383828
1215400 3380467
1225150 3372255
1184769 3370068
1184188 3382373
ID 48151
682614 3365500
717689.1 3365173
717553.6 3316673
669243.5 3316982
669831.4 3365589
682614 3365500
ID 48253
717689.1 3365173
732224.7 3365224
767474.5 3365042
767790.3 3315975
766140.7 3315962
717553.6 3316673
717689.1 3365173
ID 48363
878258.6 3372005
912897.5 3372148
912898.1 3322823
912844.2 3317586
874630.3 3317035
865128 3317116
864418.3 3365833
878258.6 3372005
ID 48367
912897.5 3372148
925470.4 3372186
960772.3 3372222
961391.6 3323543
955147.6 3323399
912898.1 3322823
912897.5 3372148
ID 48499
1184188 3382373
1184769 3370068
1186363 3333236
1185586 3331470
1183799 3330531
1183150 3330429
1155893 3336090
1153162 3337155
1144418 3344349
1140448 3347871
1136505 3374369
1169803 3376058
1184188 3382373
ID 48417
767474.5 3365042
780639.5 3365143
815738.8 3365476
816281.3 3316414
814566.8 3316400
767790.3 3315975
767474.5 3365042
ID 48439
960772.3 3372222
974401.7 3372131
1008641 3372472
1009513 3324109
1004961 3324063
961391.6 3323543
960772.3 3372222
ID 48429
829314.8 3365622
864418.3 3365833
865128 3317116
816281.3 3316414
815738.8 3365476
829314.8 3365622
ID 48113
1008641 3372472
1026174 3373334
1056834 3373759
1057278 3355069
1057268 3325261
1009513 3324109
1008641 3372472
ID 48397
1077369 3374438
1077918 3358894
1057278 3355069
1056834 3373759
1077369 3374438
ID 48379
1117996 3375733
1136505 3374369
1140448 3347871
1111900 3359683
1117996 3375733
ID 48459
1184769 3370068
1225150 3372255
1226616 3369516
1227449 3359995
1228247 3344421
1227946 3344960
1223519 3345286
1222839 3344951
1217502 3337072
1203598 3330560
1202096 3330328
1186363 3333236
1184769 3370068
ID 48315
1231465 3369800
1288585 3373038
1289739 3352220
1283250 3354336
1278467 3354745
1271855 3353959
1260783 3352123
1257739 3350458
1246257 3349928
1227449 3359995
1226616 3369516
1231465 3369800
ID 48257
1077918 3358894
1098571 3359305
1100697 3305993
1065332 3304821
1057268 3325261
1057278 3355069
1077918 3358894
ID 48467
1111900 3359683
1140448 3347871
1144418 3344349
1145419 3321385
1157469 3309669
1159647 3308156
1100697 3305993
1098571 3359305
1111900 3359683
ID 48203
1227449 3359995
1246257 3349928
1257739 3350458
1260783 3352123
1271855 3353959
1278467 3354745
1283250 3354336
1289739 3352220
1291647 3318915
1263385 3310510
1262613 3310646
1252266 3314606
1249452 3316842
1241225 3316496
1240299 3316084
1235310 3316567
1229657 3319042
1229393 3322358
1228247 3344421
1227449 3359995
ID 48003
443344.1 3319742
523551.9 3318197
522714.6 3269814
515583 3269933
467225.4 3270771
442192.5 3271495
443344.1 3319742
ID 48317
523551.9 3318197
524335 3318187
572632 3317703
571448.5 3269171
563800.5 3269182
522714.6 3269814
523551.9 3318197
ID 48423
1144418 3344349
1153162 3337155
1155893 3336090
1183150 3330429
1183799 3330531
1185586 3331470
1186363 3333236
1202096 3330328
1203142 3311749
1204442 3286108
1159715 3283782
1159647 3308156
1157469 3309669
1145419 3321385
1144418 3344349
ID 48183
1202096 3330328
1203598 3330560
1217502 3337072
1222839 3344951
1223519 3345286
1227946 3344960
1228247 3344421
1229393 3322358
1229657 3319042
1235310 3316567
1240299 3316084
1241225 3316496
1235300 3313428
1219722 3312712
1203142 3311749
1202096 3330328
ID 48227
620946.5 3317103
619690.2 3268655
612116.9 3268708
571448.5 3269171
572632 3317703
620946.5 3317103
ID 48335
620950.3 3317501
669243.5 3316982
668653.7 3268195
653903.5 3268383
619690.2 3268655
620946.5 3317103
620950.3 3317501
ID 48353
717553.6 3316673
717128.8 3267855
709271.1 3267816
668653.7 3268195
669243.5 3316982
717553.6 3316673
ID 48441
766140.7 3315962
766271.6 3267899
758476.5 3267943
717128.8 3267855
717553.6 3316673
766140.7 3315962
ID 48221
912898.1 3322823
955147.6 3323399
955957 3297140
925056.7 3286983
912844.2 3317586
912898.1 3322823
ID 48059
767790.3 3315975
814566.8 3316400
814683 3268129
807394.3 3268013
766271.6 3267899
766140.7 3315962
767790.3 3315975
ID 48251
955147.6 3323399
961391.6 3323543
1004961 3324063
1005940 3292581
969475.6 3281374
956285 3284384
955957 3297140
955147.6 3323399
ID 48133
816281.3 3316414
865128 3317116
874630.3 3317035
867937.3 3289015
833025.8 3268171
814683 3268129
814566.8 3316400
816281.3 3316414
ID 48139
1004961 3324063
1009513 3324109
1057268 3325261
1065332 3304821
1071881 3301722
1024490 3271894
1005940 3292581
1004961 3324063
ID 48143
912844.2 3317586
925056.7 3286983
933029.8 3270949
919932 3262948
900962.2 3251450
896782.6 3258315
889651.1 3253874
867937.3 3289015
874630.3 3317035
912844.2 3317586
ID 48365
1291647 3318915
1292904 3297182
1296806 3273395
1250048 3270189
1241694 3269667
1240937 3281482
1242283 3295254
1244163 3300428
1246998 3305777
1249528 3312640
1249452 3316842
1252266 3314606
1262613 3310646
1263385 3310510
1291647 3318915
ID 48401
1241225 3316496
1249452 3316842
1249528 3312640
1246998 3305777
1244163 3300428
1242283 3295254
1240937 3281482
1241694 3269667
1250048 3270189
1256391 3256121
1210556 3253936
1204442 3286108
1203142 3311749
1219722 3312712
1235300 3313428
1241225 3316496
ID 48213
1100697 3305993
1159647 3308156
1159715 3283782
1162924 3278252
1104378 3267112
1104165 3267846
1102724 3274170
1098094 3280458
1089745 3289721
1086208 3293584
1080907 3298000
1071881 3301722
1065332 3304821
1100697 3305993
ID 48425
925056.7 3286983
955957 3297140
956285 3284384
933029.8 3270949
925056.7 3286983
ID 48349
1024490 3271894
1071881 3301722
1080907 3298000
1086208 3293584
1089745 3289721
1098094 3280458
1102724 3274170
1104165 3267846
1063254 3242343
1042137 3243709
1024490 3271894
ID 48495
442192.5 3271495
467225.4 3270771
466172.7 3222658
416052.7 3223847
417192 3262523
422753.1 3262387
427664.5 3262262
434316.9 3262088
439656.1 3261952
441949.5 3261902
442192.5 3271495
ID 48135
515583 3269933
514667.8 3221669
511771.8 3221695
469177.7 3222584
466172.7 3222658
467225.4 3270771
515583 3269933
ID 48093
867937.3 3289015
889651.1 3253874
896782.6 3258315
900962.2 3251450
906026.5 3243141
877250.6 3225126
857817.3 3226650
833025.8 3268171
867937.3 3289015
ID 48217
969475.6 3281374
1005940 3292581
1024490 3271894
1042137 3243709
1022329 3231325
1011870 3248115
989507.3 3234423
986275.6 3236249
985064.4 3237939
968986.1 3264073
968288.5 3268726
968700.8 3274500
969475.6 3281374
ID 48329
515583 3269933
522714.6 3269814
563800.5 3269182
563199.5 3220921
514667.8 3221669
515583 3269933
ID 48173
571448.5 3269171
612116.9 3268708
611436.5 3220335
563199.5 3220921
563800.5 3269182
571448.5 3269171
ID 48035
956285 3284384
969475.6 3281374
968700.8 3274500
968288.5 3268726
968986.1 3264073
985064.4 3237939
986275.6 3236249
989507.3 3234423
958893 3216146
943379.2 3225167
919932 3262948
933029.8 3270949
956285 3284384
ID 48431
612116.9 3268708
619690.2 3268655
653903.5 3268383
653355.5 3225089
649973.3 3226132
649503.4 3210265
611300.4 3209870
611436.5 3220335
612116.9 3268708
ID 48081
653903.5 3268383
668653.7 3268195
709271.1 3267816
709250.1 3224637
653355.5 3225089
653903.5 3268383
ID 48399
717128.8 3267855
758476.5 3267943
758055 3211908
721080.5 3212158
709250.1 3224637
709271.1 3267816
717128.8 3267855
ID 48083
766271.6 3267899
807394.3 3268013
807433 3200132
802704.9 3201061
784375.5 3200735
775710 3201660
769492.3 3202597
758055 3211908
758476.5 3267943
766271.6 3267899
ID 48073
1159715 3283782
1204442 3286108
1210556 3253936
1207325 3246930
1208691 3237062
1210644 3230736
1213215 3224541
1213719 3223807
1219031 3218984
1206531 3207181
1195986 3213103
1186223 3222356
1180032 3224452
1181302 3226365
1180982 3227430
1179436 3231665
1178007 3234369
1175773 3236853
1174468 3237084
1167617 3242837
1163620 3255202
1161818 3263152
1162924 3278252
1159715 3283782
ID 48049
814683 3268129
833025.8 3268171
857817.3 3226650
849153.3 3225125
847386.8 3216544
832254.3 3205531
827474.5 3202253
818096.9 3199555
807433 3200132
807394.3 3268013
814683 3268129
ID 48001
1162924 3278252
1161818 3263152
1163620 3255202
1167617 3242837
1174468 3237084
1175773 3236853
1178007 3234369
1179436 3231665
1180982 3227430
1181302 3226365
1180032 3224452
1159327 3220427
1144398 3217224
1136209 3212677
1131186 3225171
1130159 3231430
1122248 3240001
1118994 3241048
1112698 3246840
1103714 3261938
1104378 3267112
1162924 3278252
ID 48193
900962.2 3251450
919932 3262948
943379.2 3225167
904619.7 3201195
896064.6 3195786
877250.6 3225126
906026.5 3243141
900962.2 3251450
ID 48161
1104378 3267112
1103714 3261938
1112698 3246840
1118994 3241048
1122248 3240001
1130159 3231430
1131186 3225171
1089431 3200807
1063254 3242343
1104165 3267846
1104378 3267112
ID 48419
1250048 3270189
1296806 3273395
1310642 3259133
1316405 3230805
1302343 3228128
1291954 3233224
1262561 3235274
1256391 3256121
1250048 3270189
ID 48475
466172.7 3222658
469177.7 3222584
468298.2 3182908
461546.8 3182140
457304.5 3185982
454481.5 3188215
451403 3189852
445303.6 3192035
439751.9 3191474
436248.3 3191359
433982.6 3191496
429080.1 3192326
402570.9 3199645
401289.9 3200819
400097.3 3202699
398892.6 3208203
398777 3214809
399117.3 3218647
398405.1 3220983
396737.8 3223351
389205.8 3224647
416052.7 3223847
466172.7 3222658
ID 48309
1022329 3231325
1035406 3211031
990847.4 3182810
977373.5 3186938
958893 3216146
989507.3 3234423
1011870 3248115
1022329 3231325
ID 48103
469177.7 3222584
511771.8 3221695
512260.3 3159024
503878 3159281
500315.3 3170742
499364.4 3172822
499076.1 3173287
497809.6 3174386
493001.6 3178110
491714.1 3178997
479718.1 3185084
478497.1 3184993
468298.2 3182908
469177.7 3222584
ID 48347
1210556 3253936
1256391 3256121
1262561 3235274
1264895 3233779
1271760 3226706
1271981 3201415
1271976 3188169
1255450 3206625
1254194 3207846
1249053 3210308
1245272 3211688
1241041 3210843
1223252 3214672
1219031 3218984
1213719 3223807
1213215 3224541
1210644 3230736
1208691 3237062
1207325 3246930
1210556 3253936
ID 48461
511771.8 3221695
514667.8 3221669
563199.5 3220921
562335.8 3157544
512260.3 3159024
511771.8 3221695
ID 48293
1042137 3243709
1063254 3242343
1089431 3200807
1081813 3194288
1055917 3178273
1035406 3211031
1022329 3231325
1042137 3243709
ID 48451
653355.5 3225089
709250.1 3224637
721080.5 3212158
720809.5 3157582
666089.6 3157458
665836 3205949
637543.8 3206486
611244.4 3206791
611300.4 3209870
649503.4 3210265
649973.3 3226132
653355.5 3225089
ID 48383
563199.5 3220921
611436.5 3220335
611300.4 3209870
611244.4 3206791
610172.2 3156986
562335.8 3157544
563199.5 3220921
ID 48333
877250.6 3225126
896064.6 3195786
868665.3 3174711
868403 3175996
864428.7 3183703
851468.5 3194083
848526.3 3191059
829815.8 3197168
827197.7 3200276
827474.5 3202253
832254.3 3205531
847386.8 3216544
849153.3 3225125
857817.3 3226650
877250.6 3225126
ID 48099
958893 3216146
977373.5 3186938
931502.1 3158022
904619.7 3201195
943379.2 3225167
958893 3216146
ID 48405
1302343 3228128
1303113 3216699
1301616 3214642
1297684 3210157
1298090 3197662
1298978 3182240
1299899 3179668
1291489 3175310
1271976 3188169
1271981 3201415
1271760 3226706
1264895 3233779
1262561 3235274
1291954 3233224
1302343 3228128
ID 48095
758055 3211908
769492.3 3202597
769656.4 3157713
720809.5 3157582
721080.5 3212158
758055 3211908
ID 48235
611244.4 3206791
637543.8 3206486
665836 3205949
666089.6 3157458
640002 3157121
610172.2 3156986
611244.4 3206791
ID 48289
1136209 3212677
1137235 3211107
1139157 3207272
1143885 3195371
1141913 3189901
1141552 3189985
1140730 3189456
1138677 3186974
1134474 3171745
1134631 3170322
1135749 3167200
1115585 3166123
1105747 3160637
1097338 3154599
1090808 3152061
1081813 3194288
1089431 3200807
1131186 3225171
1136209 3212677
ID 48403
1316405 3230805
1327029 3220515
1336221 3208251
1339475 3196044
1340290 3192425
1341452 3186760
1311924 3182999
1299899 3179668
1298978 3182240
1298090 3197662
1297684 3210157
1301616 3214642
1303113 3216699
1302343 3228128
1316405 3230805
ID 48225
1136209 3212677
1144398 3217224
1159327 3220427
1180032 3224452
1186223 3222356
1195986 3213103
1206531 3207181
1211034 3203060
1167343 3164539
1150485 3149642
1135749 3167200
1134631 3170322
1134474 3171745
1138677 3186974
1140730 3189456
1141552 3189985
1141913 3189901
1143885 3195371
1139157 3207272
1137235 3211107
1136209 3212677
ID 48371
468298.2 3182908
478497.1 3184993
479718.1 3185084
491714.1 3178997
493001.6 3178110
497809.6 3174386
499076.1 3173287
499364.4 3172822
500315.3 3170742
503878 3159281
517151.6 3154062
536172.6 3149151
542363.4 3147563
552411.4 3139999
561824.1 3113121
562461.4 3110266
527077.4 3111073
520430.6 3106908
507299 3105068
506659.4 3070195
485126 3070513
484622 3044953
402342 3114931
388768.3 3126468
445303.6 3192035
451403 3189852
454481.5 3188215
457304.5 3185982
461546.8 3182140
468298.2 3182908
ID 48307
807433 3200132
818096.9 3199555
818578.8 3141928
781082.7 3141532
769656.4 3157713
769492.3 3202597
775710 3201660
784375.5 3200735
802704.9 3201061
807433 3200132
ID 48005
1219031 3218984
1223252 3214672
1241041 3210843
1245272 3211688
1249053 3210308
1254194 3207846
1255450 3206625
1271976 3188169
1291489 3175310
1260619 3166326
1250567 3168640
1242651 3171474
1234307 3172915
1223291 3176989
1211034 3203060
1206531 3207181
1219031 3218984
ID 48145
1035406 3211031
1055917 3178273
1034203 3164807
1011608 3150850
990847.4 3182810
1035406 3211031
ID 48411
827474.5 3202253
827197.7 3200276
829815.8 3197168
848526.3 3191059
851468.5 3194083
864428.7 3183703
868403 3175996
868665.3 3174711
880765.4 3152620
880387 3140628
830807.2 3139895
818578.8 3141928
818096.9 3199555
827474.5 3202253
ID 48281
896064.6 3195786
904619.7 3201195
931502.1 3158022
931148 3154194
880765.4 3152620
868665.3 3174711
896064.6 3195786
ID 48243
388768.3 3126468
402342 3114931
366916.8 3087875
357273.2 3088144
254686.8 3115993
260864.3 3119567
340548.8 3165555
388768.3 3126468
ID 48455
1223291 3176989
1190903 3139687
1178563 3143005
1167343 3164539
1211034 3203060
1223291 3176989
ID 48395
1055917 3178273
1081813 3194288
1090808 3152061
1088834 3151021
1085024 3148321
1082264 3146257
1080756 3144831
1079630 3143235
1077204 3139173
1075216 3135024
1073490 3130551
1071052 3125911
1060687 3120149
1055389 3123882
1050344 3135174
1041722 3145313
1035507 3161267
1034203 3164807
1055917 3178273
ID 48027
977373.5 3186938
990847.4 3182810
1011608 3150850
993870.2 3139629
988890.5 3124275
958959 3136585
956106.2 3137163
939406.8 3140102
931148 3154194
931502.1 3158022
977373.5 3186938
ID 48105
503878 3159281
512260.3 3159024
562335.8 3157544
610172.2 3156986
640002 3157121
639918.3 3115393
639651.4 3069025
562908.9 3069762
564972.2 3073963
573948.2 3098834
574048.7 3099795
573105.1 3106794
569162.2 3109664
563855.7 3110484
562461.4 3110266
561824.1 3113121
552411.4 3139999
542363.4 3147563
536172.6 3149151
517151.6 3154062
503878 3159281
ID 48351
1341452 3186760
1345854 3188069
1347418 3152984
1345984 3145482
1333209 3119396
1332283 3115462
1332273 3115420
1332540 3115124
1335353 3112009
1336944 3105157
1336933 3104581
1336572 3103592
1333038 3100417
1332907 3100299
1336493 3082987
1318709 3081746
1318477 3128878
1317605 3159914
1311924 3182999
1341452 3186760
ID 48413
666089.6 3157458
720809.5 3157582
720794.1 3115720
639918.3 3115393
640002 3157121
666089.6 3157458
ID 48241
1299899 3179668
1311924 3182999
1317605 3159914
1318477 3128878
1318709 3081746
1297944 3080453
1298917 3081864
1300283 3092733
1299254 3093726
1298969 3093819
1297049 3097729
1296732 3099241
1297632 3103600
1298392 3106172
1300583 3112173
1299088 3114448
1297952 3117660
1298170 3118523
1300183 3122684
1299555 3127149
1292250 3140313
1291365 3141039
1289203 3141251
1288620 3141364
1288399 3141621
1281303 3160033
1281815 3163774
1281454 3164651
1280249 3165765
1275781 3167278
1270126 3166946
1260619 3166326
1291489 3175310
1299899 3179668
ID 48327
720809.5 3157582
769656.4 3157713
781082.7 3141532
781361.9 3116055
720794.1 3115720
720809.5 3157582
ID 48373
1250567 3168640
1241652 3162958
1255154 3109815
1237437 3104811
1226230 3104639
1222897 3110873
1197744 3133109
1190903 3139687
1223291 3176989
1234307 3172915
1242651 3171474
1250567 3168640
ID 48331
1034203 3164807
1035507 3161267
1041722 3145313
1050344 3135174
1055389 3123882
1023209 3103605
1005165 3092011
988890.5 3124275
993870.2 3139629
1011608 3150850
1034203 3164807
ID 48313
1090808 3152061
1097338 3154599
1105747 3160637
1115585 3166123
1135749 3167200
1150485 3149642
1127370 3141332
1098377 3135644
1090808 3152061
ID 48457
1260619 3166326
1270126 3166946
1275781 3167278
1280249 3165765
1281454 3164651
1281815 3163774
1281303 3160033
1288399 3141621
1288620 3141364
1289203 3141251
1291365 3141039
1292250 3140313
1299555 3127149
1300183 3122684
1298170 3118523
1297952 3117660
1299088 3114448
1300583 3112173
1255154 3109815
1241652 3162958
1250567 3168640
1260619 3166326
ID 48471
1167343 3164539
1178563 3143005
1177308 3103548
1170858 3103745
1164584 3103471
1154280 3103044
1131555 3115558
1127370 3141332
1150485 3149642
1167343 3164539
ID 48053
931148 3154194
939406.8 3140102
918893 3108389
912075.7 3086302
890413.5 3092501
888802.5 3102054
887158 3130982
880387 3140628
880765.4 3152620
931148 3154194
ID 48319
781082.7 3141532
818578.8 3141928
830807.2 3139895
831420.7 3093021
798806.1 3092818
781480.7 3092651
781361.9 3116055
781082.7 3141532
ID 48377
366916.8 3087875
366758.7 3075788
365738.8 3042178
364517.6 2986460
363720.3 2960467
347292.6 2964926
341915.7 2966692
341289 2966898
340889.5 2967184
337290.1 2969754
330070.9 2974918
295065.0 3004822
292984 3008884
280803.3 3035281
280368.6 3036389
279471.5 3047311
280542.3 3055432
280774.1 3065053
278939.2 3071378
259361.6 3112486
254141.7 3115437
254686.8 3115993
357273.2 3088144
366916.8 3087875
ID 48041
1098377 3135644
1097935 3123041
1097548 3111536
1102615 3096797
1103767 3094836
1104541 3093611
1108066 3091388
1101701 3081159
1101948 3085563
1099180 3088271
1097871 3088399
1097249 3087864
1095679 3085817
1090556 3083824
1089815 3084022
1088727 3084771
1087622 3086112
1085825 3094460
1074934 3108691
1066612 3112174
1057680 3113923
1057656 3114217
1060163 3119460
1060687 3120149
1071052 3125911
1073490 3130551
1075216 3135024
1077204 3139173
1079630 3143235
1080756 3144831
1082264 3146257
1085024 3148321
1088834 3151021
1090808 3152061
1098377 3135644
ID 48299
830807.2 3139895
880387 3140628
887158 3130982
888802.5 3102054
890413.5 3092501
867177.8 3093675
831420.7 3093021
830807.2 3139895
ID 48491
939406.8 3140102
956106.2 3137163
958959 3136585
988890.5 3124275
1005165 3092011
988120.6 3085494
984702.1 3087256
970812 3094174
964631.6 3095859
962706.7 3095780
953931.3 3091120
947535.7 3088552
945291.8 3088367
942235 3089273
938584.3 3092081
936529.6 3100156
931670 3106521
927811.6 3109030
918893 3108389
939406.8 3140102
ID 48043
402342 3114931
484622 3044953
508503.1 3024824
503694 3021410
491766.6 3015326
474406.3 3010209
472225 3008741
471996.8 3008588
459995.3 2986667
453061.4 2968126
428781.5 2927841
424719.2 2926564
424013.4 2926501
412559.8 2928794
402760.8 2932832
371018.7 2951502
370083.7 2952375
366008.9 2956183
363720.3 2960467
364517.6 2986460
365738.8 3042178
366758.7 3075788
366916.8 3087875
402342 3114931
ID 48185
1098377 3135644
1127370 3141332
1131555 3115558
1135774 3073060
1108046 3069674
1101701 3081159
1108066 3091388
1104541 3093611
1103767 3094836
1102615 3096797
1097548 3111536
1097935 3123041
1098377 3135644
ID 48407
1178563 3143005
1190903 3139687
1197744 3133109
1222897 3110873
1226230 3104639
1196648 3086731
1177308 3103548
1178563 3143005
ID 48443
562908.9 3069762
561936.7 3013119
560197.6 3013538
559487.3 3013709
550100.2 3015404
544186.1 3016073
534921.9 3014946
533994.4 3014407
527622.9 3015334
508503.1 3024824
484622 3044953
485126 3070513
506659.4 3070195
507299 3105068
520430.6 3106908
527077.4 3111073
562461.4 3110266
563855.7 3110484
569162.2 3109664
573105.1 3106794
574048.7 3099795
573948.2 3098834
564972.2 3073963
562908.9 3069762
ID 48435
720794.1 3115720
720863.1 3069154
664688.1 3068968
639651.4 3069025
639918.3 3115393
720794.1 3115720
ID 48267
781361.9 3116055
781480.7 3092651
798806.1 3092818
799218.3 3069192
755714.9 3069317
720863.1 3069154
720794.1 3115720
781361.9 3116055
ID 48051
1055389 3123882
1060687 3120149
1060163 3119460
1057656 3114217
1057680 3113923
1066612 3112174
1074934 3108691
1085825 3094460
1087622 3086112
1087155 3086438
1086306 3086537
1071960 3080674
1069180 3079790
1055154 3075741
1044064 3080254
1034854 3090038
1023209 3103605
1055389 3123882
ID 48453
912075.7 3086302
918893 3108389
927811.6 3109030
931670 3106521
936529.6 3100156
938584.3 3092081
942235 3089273
945291.8 3088367
947535.7 3088552
953931.3 3091120
962706.7 3095780
964631.6 3095859
970812 3094174
984702.1 3087256
973488 3063726
962673.7 3051829
958596.9 3047784
953015.8 3042652
907671.5 3078468
912075.7 3086302
ID 48339
1131555 3115558
1154280 3103044
1164584 3103471
1170858 3103745
1177308 3103548
1196648 3086731
1204220 3067360
1194873 3057835
1188804 3051664
1185957 3051232
1184246 3051528
1183141 3053685
1180267 3056198
1173097 3059686
1160695 3065675
1156279 3061522
1149599 3058070
1143289 3056545
1141186 3056250
1136577 3055836
1135774 3073060
1131555 3115558
ID 48287
1005165 3092011
1023209 3103605
1034854 3090038
1044064 3080254
1055154 3075741
1040832 3060172
1019055 3047401
1012851 3070277
1001280 3078647
988120.6 3085494
1005165 3092011
ID 48171
798806.1 3092818
831420.7 3093021
867177.8 3093675
868167.7 3053676
836158.5 3053147
799468.1 3052311
799218.3 3069192
798806.1 3092818
ID 48199
1255154 3109815
1300583 3112173
1298392 3106172
1297632 3103600
1296732 3099241
1297049 3097729
1298969 3093819
1299254 3093726
1300283 3092733
1298917 3081864
1297944 3080453
1298640 3071514
1297989 3072111
1290774 3074186
1289417 3073956
1283226 3071730
1283032 3071392
1282976 3070146
1283270 3068416
1283036 3067719
1281832 3065801
1281136 3065381
1271482 3062980
1269955 3063189
1267223 3064496
1252674 3063635
1237437 3104811
1255154 3109815
ID 48031
890413.5 3092501
912075.7 3086302
907671.5 3078468
896339 3042961
885304 3031630
868167.7 3053676
867177.8 3093675
890413.5 3092501
ID 48291
1226230 3104639
1237437 3104811
1252674 3063635
1267223 3064496
1268812 3039773
1216927 3036558
1204220 3067360
1196648 3086731
1226230 3104639
ID 48465
562908.9 3069762
639651.4 3069025
664688.1 3068968
664489.7 2995317
664460.8 2974952
663755 2966567
663327.3 2963862
659844.5 2954538
658709.8 2952654
658328.2 2952533
655300.5 2952937
631631.2 2972279
611463.5 2995022
611171.9 2995655
596442 3010578
591515.2 3012024
591088 3012030
577191.7 3012262
574983.2 3012300
561936.7 3013119
562908.9 3069762
ID 48021
988120.6 3085494
1001280 3078647
1012851 3070277
1019055 3047401
991764.1 3017247
958596.9 3047784
962673.7 3051829
973488 3063726
984702.1 3087256
988120.6 3085494
ID 48477
1087622 3086112
1088727 3084771
1089815 3084022
1090556 3083824
1095679 3085817
1097249 3087864
1097871 3088399
1099180 3088271
1101948 3085563
1101701 3081159
1108046 3069674
1103707 3052340
1102714 3051124
1100479 3051178
1095651 3052642
1091143 3054422
1089376 3054682
1061271 3050208
1057873 3047838
1057612 3050312
1056521 3054654
1054986 3058642
1051159 3060928
1049752 3060160
1046569 3058897
1043421 3058115
1040832 3060172
1055154 3075741
1069180 3079790
1071960 3080674
1086306 3086537
1087155 3086438
1087622 3086112
ID 48137
720863.1 3069154
755714.9 3069317
755502.5 3045315
747037.1 3045242
735256.8 3046141
730473.4 3024797
730126.3 3008728
730564.3 3001195
730913.9 2995258
721430 2995209
664489.7 2995317
664688.1 3068968
720863.1 3069154
ID 48209
907671.5 3078468
953015.8 3042652
947887.5 3037673
935671.1 3026701
935169.6 3023703
936066 3023618
937533.3 3023868
925771.7 3011878
922528.7 3022466
896339 3042961
907671.5 3078468
ID 48265
799218.3 3069192
799468.1 3052311
836158.5 3053147
836904.2 3013608
816859.3 3023491
811678.8 3025883
800420.8 3026855
770552.9 3026932
764103.5 3026999
762016.3 3030812
762036 3045338
755502.5 3045315
755714.9 3069317
799218.3 3069192
ID 48361
1336493 3082987
1337167 3061533
1326644 3045731
1326704 3048261
1326474 3049337
1326099 3050210
1324557 3052471
1323278 3052944
1315158 3054719
1301457 3062924
1301179 3063241
1298919 3070142
1298640 3071514
1297944 3080453
1318709 3081746
1336493 3082987
ID 48473
1108046 3069674
1135774 3073060
1136577 3055836
1131360 3056934
1126047 3059615
1124033 3061379
1121114 3063372
1122571 3059135
1135721 3022310
1116027 3014836
1103707 3052340
1108046 3069674
ID 48245
1267223 3064496
1269955 3063189
1271482 3062980
1281136 3065381
1281832 3065801
1283036 3067719
1283270 3068416
1282976 3070146
1283032 3071392
1283226 3071730
1289417 3073956
1290774 3074186
1297989 3072111
1298640 3071514
1298919 3070142
1301179 3063241
1301457 3062924
1315158 3054719
1323278 3052944
1324557 3052471
1326099 3050210
1326474 3049337
1326704 3048261
1326644 3045731
1328380 3021006
1319460 3019266
1317094 3019202
1312643 3019084
1307382 3017639
1300183 3014465
1279261 3003907
1279257 3005398
1276952 3039977
1268812 3039773
1267223 3064496
ID 48259
836158.5 3053147
868167.7 3053676
885304 3031630
863219.5 3009955
850409.5 3006961
836904.2 3013608
836158.5 3053147
ID 48201
1136577 3055836
1141186 3056250
1143289 3056545
1149599 3058070
1156279 3061522
1160695 3065675
1173097 3059686
1180267 3056198
1183141 3053685
1184246 3051528
1185957 3051232
1188804 3051664
1194873 3057835
1204220 3067360
1216927 3036558
1222710 3013648
1215011 2999913
1210123 2999954
1200622 2994629
1195804 2999124
1175587 3000913
1135721 3022310
1122571 3059135
1121114 3063372
1124033 3061379
1126047 3059615
1131360 3056934
1136577 3055836
ID 48149
1040832 3060172
1043421 3058115
1046569 3058897
1049752 3060160
1051159 3060928
1054986 3058642
1056521 3054654
1057612 3050312
1057873 3047838
1063212 3038832
1034980 3001444
1008948 3000153
991569.7 3017033
991764.1 3017247
1019055 3047401
1040832 3060172
ID 48385
755502.5 3045315
762036 3045338
762016.3 3030812
764103.5 3026999
770552.9 3026932
770727.7 2995855
730913.9 2995258
730564.3 3001195
730126.3 3008728
730473.4 3024797
735256.8 3046141
747037.1 3045242
755502.5 3045315
ID 48015
1057873 3047838
1061271 3050208
1089376 3054682
1091143 3054422
1095651 3052642
1100479 3051178
1102714 3051124
1103707 3052340
1116027 3014836
1111137 3000638
1102604 3003878
1100103 3006396
1080804 3023967
1079063 3024264
1078101 3024675
1071825 3028679
1070791 3029519
1066711 3032940
1063212 3038832
1057873 3047838
ID 48055
953015.8 3042652
958596.9 3047784
991764.1 3017247
991569.7 3017033
961458.5 3001319
937533.3 3023868
936066 3023618
935169.6 3023703
935671.1 3026701
947887.5 3037673
953015.8 3042652
ID 48091
896339 3042961
922528.7 3022466
925771.7 3011878
895960.6 2993784
891304.8 3005812
885165 3010325
872799.6 3011390
871991 3011413
863219.5 3009955
885304 3031630
896339 3042961
ID 48019
770552.9 3026932
800420.8 3026855
811678.8 3025883
816859.3 3023491
836904.2 3013608
850409.5 3006961
847784.3 3003680
836290.7 2989285
832018.9 2988078
831653.4 2988117
831242.6 2988463
830587 2989747
830485.9 2991950
831250.6 2993277
831522.3 2994496
831410.8 2995023
830720.3 2996002
789257.7 2996029
770727.7 2995855
770552.9 3026932
ID 48089
1063212 3038832
1066711 3032940
1070791 3029519
1071825 3028679
1078101 3024675
1079063 3024264
1080804 3023967
1100103 3006396
1102604 3003878
1092465 2992591
1088159 2982973
1086748 2978281
1062477 2961635
1059040 2959521
1057217 2961243
1066462 2969492
1043040 2995544
1037634 3000209
1035782 3001212
1034980 3001444
1063212 3038832
ID 48071
1268812 3039773
1276952 3039977
1279257 3005398
1279261 3003907
1277690 3003117
1262660 3002016
1242308 3004490
1244583 3009176
1245702 3016918
1245720 3017935
1245332 3020073
1242211 3025656
1241123 3026785
1240568 3026940
1235720 3024516
1233475 3023215
1222710 3013648
1216927 3036558
1268812 3039773
ID 48187
937533.3 3023868
961458.5 3001319
942071.6 2970575
918346.5 2970380
915618.8 2968740
914723.5 2970168
914319.2 2971549
913480.3 2977251
914423.1 2978337
914141 2981622
904649 2987392
899902.1 2988711
897072.3 2990755
895960.6 2993784
925771.7 3011878
937533.3 3023868
ID 48177
991569.7 3017033
1008948 3000153
1003207 2994725
1003605 2986630
1000322 2972891
964858 2941493
953341.8 2953638
942071.6 2970575
961458.5 3001319
991569.7 3017033
ID 48157
1116027 3014836
1135721 3022310
1175587 3000913
1172555 2985133
1160517 2972078
1157267 2970261
1148740 2970044
1144927 2971226
1140612 2969205
1136005 2963998
1132952 2964261
1125725 2971716
1119761 2981838
1111137 3000638
1116027 3014836
ID 48029
863219.5 3009955
871991 3011413
872799.6 3011390
885165 3010325
891304.8 3005812
895960.6 2993784
897072.3 2990755
899902.1 2988711
904649 2987392
914141 2981622
914423.1 2978337
913480.3 2977251
887529 2940396
848631.5 2954900
847784.3 3003680
850409.5 3006961
863219.5 3009955
ID 48325
847784.3 3003680
848631.5 2954900
848858.6 2937134
789549.2 2936581
789257.7 2996029
830720.3 2996002
831410.8 2995023
831522.3 2994496
831250.6 2993277
830485.9 2991950
830587 2989747
831242.6 2988463
831653.4 2988117
832018.9 2988078
836290.7 2989285
847784.3 3003680
ID 48271
664489.7 2995317
721430 2995209
721615.7 2935676
667355.8 2935479
655300.5 2952937
658328.2 2952533
658709.8 2952654
659844.5 2954538
663327.3 2963862
663755 2966567
664460.8 2974952
664489.7 2995317
ID 48463
721430 2995209
730913.9 2995258
770727.7 2995855
789257.7 2996029
789549.2 2936581
721615.7 2935676
721430 2995209
ID 48285
1008948 3000153
1034980 3001444
1035782 3001212
1037634 3000209
1043040 2995544
1066462 2969492
1057217 2961243
1030675 2938142
1026859 2942553
1000322 2972891
1003605 2986630
1003207 2994725
1008948 3000153
ID 48167
1215011 2999913
1219658 2995017
1236215 2978586
1244059 2976580
1238948 2971761
1237303 2970403
1228338 2963713
1217074 2955329
1216391 2954822
1215202 2953831
1211812 2951009
1211182 2950485
1210876 2950178
1209503 2948802
1208509 2947806
1207715 2946626
1206630 2947428
1213213 2960356
1206520 2970774
1194661 2989051
1195804 2999124
1200622 2994629
1210123 2999954
1215011 2999913
ID 48167
1277690 3003117
1274862 3001695
1266392 2997414
1265747 2997091
1265298 2996857
1257683 2992935
1256499 2992321
1253082 2990320
1252452 2989896
1250516 2988593
1249390 2987835
1249048 2987558
1247952 2986672
1247171 2986040
1246765 2985589
1246529 2985327
1245854 2984577
1245640 2984229
1244830 2982909
1244463 2982310
1244025 2981160
1243854 2980711
1240941 2979759
1239275 2979631
1238904 2979922
1238766 2981178
1240246 2983233
1248080 2992276
1248935 2992925
1256215 2996721
1261135 2998643
1262367 2998830
1263279 2999236
1262727 3000421
1262660 3002016
1277690 3003117
ID 48493
942071.6 2970575
953341.8 2953638
909087 2915048
887529 2940396
913480.3 2977251
914319.2 2971549
914723.5 2970168
915618.8 2968740
918346.5 2970380
942071.6 2970575
ID 48123
1000322 2972891
1026859 2942553
995505 2915027
993415.7 2917323
992086.1 2918441
987673.5 2920674
985055 2921547
984453.7 2921520
969420.3 2908720
951300.7 2929784
964858 2941493
1000322 2972891
ID 48013
848631.5 2954900
887529 2940396
909087 2915048
918343.3 2904650
895568 2884884
895503 2888336
849911.6 2886978
849930.6 2888023
848858.6 2937134
848631.5 2954900
ID 48255
953341.8 2953638
964858 2941493
951300.7 2929784
969420.3 2908720
949865.7 2892132
945201 2892567
942059.2 2893744
938556.6 2895482
937698.7 2896827
936417 2897534
927658 2894114
918343.3 2904650
909087 2915048
953341.8 2953638
ID 48323
721615.7 2935676
721426 2887081
721585 2837132
712174.9 2837012
711807.2 2837384
707421.8 2841831
704119.1 2845718
698661 2860342
682965.1 2897330
669309.2 2924337
667355.8 2935479
721615.7 2935676
ID 48507
789549.2 2936581
790437.8 2886598
721426 2887081
721615.7 2935676
789549.2 2936581
ID 48163
848858.6 2937134
849930.6 2888023
791737.4 2886633
790437.8 2886598
789549.2 2936581
848858.6 2937134
ID 48469
1026859 2942553
1030675 2938142
1040525 2934241
1041191 2933815
1048741 2920242
1060633 2900006
1060084 2899738
1054974 2896617
1040420 2890951
1033081 2885337
1035694 2879420
1037218 2876654
1010667 2880991
1009165 2906655
1007124 2911375
1005603 2914176
1002717 2915366
995505 2915027
1026859 2942553
ID 48297
918343.3 2904650
927658 2894114
919455.8 2890921
948143.7 2838329
947270.6 2837571
941143.7 2824132
906468.2 2823542
896743.2 2823344
895568 2884884
918343.3 2904650
ID 48025
949865.7 2892132
958227.8 2878322
972567.8 2870365
990096.4 2862121
974503.7 2836878
947270.6 2837571
948143.7 2838329
919455.8 2890921
927658 2894114
936417 2897534
937698.7 2896827
938556.6 2895482
942059.2 2893744
945201 2892567
949865.7 2892132
ID 48127
721426 2887081
790437.8 2886598
791737.4 2886633
792298.4 2838256
721585 2837132
721426 2887081
ID 48283
849930.6 2888023
849911.6 2886978
850587.7 2822576
792976.5 2818933
792298.4 2838256
791737.4 2886633
849930.6 2888023
ID 48311
849911.6 2886978
895503 2888336
895568 2884884
896743.2 2823344
850587.7 2822576
849911.6 2886978
ID 48479
712174.9 2837012
721585 2837132
792298.4 2838256
792976.5 2818933
850587.7 2822576
852157.3 2744520
836779.1 2734922
799179.6 2734944
795465.3 2740011
787222 2733906
785568.4 2733967
783390.7 2735189
783197.2 2735298
779704.7 2738431
779282.8 2738876
779116.6 2739051
779026.3 2739146
778891.8 2739538
778904.3 2739557
779335.2 2740198
781913.8 2744039
783285.7 2747832
783777.4 2749993
784454.3 2758421
780506.2 2768134
778278.8 2771693
776949.7 2772578
772421.7 2775598
770160.4 2775896
769883.3 2775707
769804.2 2775258
765944.2 2775225
748354 2790253
745110.8 2793759
733671.9 2814611
724579 2831171
724111 2831555
712174.9 2837012
ID 48131
850587.7 2822576
896743.2 2823344
906468.2 2823542
908434 2735275
879535.3 2735059
879535.8 2743738
876501.8 2745445
852157.3 2744520
850587.7 2822576
ID 48249
906468.2 2823542
941143.7 2824132
949624.9 2817524
936524.6 2804978
936846.2 2792975
936342.2 2777302
924715 2777051
925736.5 2735448
908434 2735275
906468.2 2823542
ID 48355
936342.2 2777302
936846.2 2792975
936524.6 2804978
949624.9 2817524
948673.5 2814882
949823.5 2810845
963116.1 2804591
965748.8 2803472
970876.5 2802551
977933.4 2802256
978672 2805184
994491.2 2806171
1001337 2806111
999550.2 2805725
993210.9 2802503
991391.8 2801042
990207.4 2798355
990147.9 2794907
990898.7 2793119
992730.1 2790400
994888.4 2788650
997941 2787319
1003020 2783673
1000200 2776419
997540 2770459
997530.7 2770456
947516.4 2768941
946664.9 2768962
943011.7 2773288
936342.2 2777302
ID 48355
1024280 2801853
1007695 2772442
1005124 2772943
1023716 2803253
1024280 2801853
ID 48273
936342.2 2777302
943011.7 2773288
946664.9 2768962
947516.4 2768941
997530.7 2770456
997540 2770459
993283.6 2752612
990602.5 2745250
990316.2 2744621
989534.4 2743639
988840 2743169
980231.4 2738256
967388 2738323
933019.4 2729835
925736.5 2735448
924715 2777051
936342.2 2777302
ID 48273
993651.5 2738930
1005124 2772943
1007695 2772442
996175.5 2738997
993651.5 2738930
ID 48247
852157.3 2744520
876501.8 2745445
879535.8 2743738
879535.3 2735059
882644.1 2731762
890436 2711939
890483.9 2681753
837486.3 2681209
836779.1 2734922
852157.3 2744520
ID 48505
787222 2733906
795465.3 2740011
799179.6 2734944
836779.1 2734922
837486.3 2681209
816044.7 2657012
814327 2662920
812234.1 2670124
812201.5 2670237
808751.8 2681175
806084.6 2687254
800719.3 2694272
794984.6 2697292
788199.5 2707066
787588.6 2711466
787712.3 2711922
788150.5 2712351
789790.6 2714999
790067.3 2724100
790065 2724112
788492.3 2732266
787404 2733826
787317.8 2733864
787222 2733906
ID 48047
879535.3 2735059
908434 2735275
925736.5 2735448
933019.4 2729835
934061.9 2682296
900647 2681882
890483.9 2681753
890436 2711939
882644.1 2731762
879535.3 2735059
ID 48261
933019.4 2729835
967388 2738323
967170.2 2737480
967319 2735505
967739.4 2734837
968356.2 2734400
976927 2733086
979193.5 2733369
980191.9 2733846
980835.3 2734371
981125.3 2734887
982596.5 2735632
986021 2737020
988616 2737257
988811.2 2736555
987099 2720797
983409.5 2707840
981408.9 2685908
985340.1 2681032
988364.6 2667197
988789.4 2663571
937263 2663569
934061.9 2682296
933019.4 2729835
ID 48261
993651.5 2738930
996175.5 2738997
995912 2737898
994793.5 2731455
994190.7 2725974
993766.5 2719282
993711.4 2713390
993950.3 2707273
994955.2 2698059
995596.6 2694263
995599 2694249
995665.6 2693855
997179 2686885
999226.9 2678925
1002757 2667785
1002906 2667370
1003070 2666916
1004142 2663928
1001080 2663855
993551.6 2688142
992975 2702035
992584.5 2713837
992435.4 2718487
992304.4 2725407
992500.7 2730764
992870.8 2733479
993651.5 2738930
ID 48427
837486.3 2681209
890483.9 2681753
900647 2681882
893367.3 2664226
884784 2645466
875039.3 2623036
870427.5 2622174
863089.9 2625080
828667.4 2639017
822810 2642484
816441.5 2655649
816220.9 2656407
816044.7 2657012
837486.3 2681209
ID 48215
900647 2681882
934061.9 2682296
937263 2663569
934747.4 2655159
933631.7 2650159
932966 2645351
942594.7 2644027
947267.4 2642709
947452.3 2634479
948160.8 2602591
947430 2602689
945458.5 2602956
936458.7 2602447
933459.6 2602278
933111.1 2601766
929864 2600269
917389.2 2602170
910002.8 2603302
907686.2 2604478
906231.3 2605394
895281.3 2612300
889950 2618229
887187.6 2619430
886978.4 2619492
875134.5 2623031
875047.2 2623035
875039.3 2623036
884784 2645466
893367.3 2664226
900647 2681882
ID 48489
937263 2663569
988789.4 2663571
995251 2642680
991555.5 2637612
981053 2629857
947452.3 2634479
947267.4 2642709
942594.7 2644027
932966 2645351
933631.7 2650159
934747.4 2655159
937263 2663569
ID 48489
1001080 2663855
1004142 2663928
1011135 2643129
1009422 2643079
1001080 2663855
ID 48061
947452.3 2634479
981053 2629857
991555.5 2637612
995251 2642680
995732.1 2642445
1000642 2636070
1000744 2626623
1004918 2609250
1012875 2596989
1013112 2596741
1012108 2592830
994287.5 2580947
985318 2583340
983859 2584126
982443.5 2585175
976540 2589549
967717.2 2598751
967338.4 2600014
955804.8 2601559
948160.8 2602591
947452.3 2634479
ID 48061
1009422 2643079
1011135 2643129
1014372 2631549
1015378 2627196
1016874 2618921
1019176 2605033
1018733 2605074
1018452 2605101
1017579 2606212
1016391 2613780
1016372 2617216
1015730 2621333
1014500 2627675
1012199 2636724
1010894 2640240
1009422 2643079
ID 48205
455140.9 3712152
534519 3710535
533754.4 3662915
453901.9 3663984
454236.3 3676980
455140.9 3712152
ID 48359
533754.4 3662915
533745.9 3662082
532515.8 3613494
490706.5 3614717
471316.6 3614750
452636.8 3615116
453901.9 3663984
533754.4 3662915
ID 48079
448500.3 3464205
488518 3463355
489442.4 3414853
446452.3 3415810
447323.1 3436016
448500.3 3464205
ID 48141
164954.1 3272561
163111.3 3228736
162676.8 3218224
165673.6 3214359
165834 3208251
161492.9 3204382
152010.7 3207993
148901.6 3209332
143764.7 3213036
142475.7 3213966
142397.1 3214049
142034.1 3214432
141903.4 3214570
141078.8 3215777
138108.1 3223462
129282.6 3241113
127181.5 3244547
123810.5 3246941
113544.4 3251050
105794.7 3258436
104804.7 3259578
104638.6 3260067
106291.2 3269730
106473.9 3270560
108219.1 3275409
108226.2 3275429
108269.5 3275429
108581.5 3275414
129198.9 3274352
164954.1 3272561
ID 48229
266865.2 3267660
266222.9 3252033
265466.7 3221818
262999.6 3148513
262430.1 3141926
261724.6 3138654
260864.3 3119567
254686.8 3115993
254141.7 3115437
248776.5 3122321
240964.3 3130005
233370.3 3135825
229658.9 3135928
228198.8 3136378
216137.5 3143177
201325.1 3158349
183791.4 3178663
170278.0 3194323
161492.9 3204382
165834 3208251
165673.6 3214359
162676.8 3218224
163111.3 3228736
164954.1 3272561
266865.2 3267660
ID 48109
273522.9 3267386
351260.5 3264465
340548.8 3165555
260864.3 3119567
261724.6 3138654
262430.1 3141926
262999.6 3148513
265466.7 3221818
266222.9 3252033
266865.2 3267660
273522.9 3267386
ID 48389
351260.5 3264465
355448.8 3264339
361611.4 3253177
375101.9 3235864
375884.3 3234955
378007.1 3234606
378862.9 3234666
379061.9 3234858
379153.1 3235102
380980.2 3235594
381939.1 3235448
386963.8 3228965
389205.8 3224647
396737.8 3223351
398405.1 3220983
399117.3 3218647
398777 3214809
398892.6 3208203
400097.3 3202699
401289.9 3200819
402570.9 3199645
429080.1 3192326
433982.6 3191496
436248.3 3191359
439751.9 3191474
445303.6 3192035
388768.3 3126468
340548.8 3165555
351260.5 3264465
ID 48301
355448.8 3264339
379753.2 3263581
417192 3262523
416052.7 3223847
389205.8 3224647
386963.8 3228965
381939.1 3235448
380980.2 3235594
379153.1 3235102
379061.9 3234858
378862.9 3234666
378007.1 3234606
375884.3 3234955
375101.9 3235864
361611.4 3253177
355448.8 3264339
ID 48481
1111137 3000638
1119761 2981838
1125725 2971716
1132952 2964261
1136005 2963998
1133583 2960245
1125084 2950715
1092361 2929110
1059040 2959521
1062477 2961635
1086748 2978281
1088159 2982973
1092465 2992591
1102604 3003878
1111137 3000638
ID 48039
1175587 3000913
1195804 2999124
1194661 2989051
1206520 2970774
1213213 2960356
1206630 2947428
1207715 2946626
1207192 2945424
1183628 2923126
1171154 2916845
1165259 2917188
1164888 2917350
1145109 2931797
1144844 2932119
1143940 2934848
1141094 2944400
1136557 2957596
1135958 2958139
1133583 2960245
1136005 2963998
1140612 2969205
1144927 2971226
1148740 2970044
1157267 2970261
1160517 2972078
1172555 2985133
1175587 3000913
ID 48239
1057217 2961243
1059040 2959521
1092361 2929110
1092110 2897175
1066905 2900529
1060633 2900006
1048741 2920242
1041191 2933815
1040525 2934241
1030675 2938142
1057217 2961243
ID 48321
1092361 2929110
1125084 2950715
1133583 2960245
1135958 2958139
1136557 2957596
1141094 2944400
1143940 2934848
1144844 2932119
1145109 2931797
1164888 2917350
1165259 2917188
1171154 2916845
1169336 2915557
1165396 2912764
1163590 2911610
1142107 2897911
1135257 2894100
1124045 2888677
1116628 2884882
1102948 2877190
1098172 2873681
1097812 2873412
1091372 2868485
1088558 2866200
1087797 2864883
1087522 2865677
1088076 2866643
1103397 2879173
1104964 2899729
1104498 2900220
1103843 2900421
1101864 2900065
1097428 2898829
1095560 2898140
1094016 2896785
1092308 2893438
1092110 2897175
1092361 2929110
ID 48175
995505 2915027
1002717 2915366
1005603 2914176
1007124 2911375
1009165 2906655
1010667 2880991
990096.4 2862121
972567.8 2870365
958227.8 2878322
949865.7 2892132
969420.3 2908720
984453.7 2921520
985055 2921547
987673.5 2920674
992086.1 2918441
993415.7 2917323
995505 2915027
ID 48057
1037218 2876654
1035694 2879420
1033081 2885337
1040420 2890951
1054974 2896617
1060084 2899738
1058701 2898386
1064335 2886262
1064643 2885990
1068952 2885345
1071754 2883576
1083519 2873761
1084448 2872890
1085286 2871790
1085162 2871051
1067079 2860995
1066242 2860628
1059223 2858304
1056701 2859012
1055981 2859667
1049417 2866181
1037218 2876654
ID 48057
1066905 2900529
1092110 2897175
1092308 2893438
1086374 2890354
1076904 2886069
1068795 2892907
1067762 2895470
1066905 2900529
ID 48057
1044571 2832999
1045704 2838163
1067190 2854284
1068339 2854904
1073376 2857328
1080963 2859204
1082200 2857250
1073016 2852238
1071720 2851532
1071586 2851442
1064632 2846731
1057623 2841218
1051548 2835999
1042805 2827736
1042617 2827524
1042404 2827285
1044571 2832999
ID 48391
1010667 2880991
1037218 2876654
1049417 2866181
1047659 2856097
1015200 2849973
1015478 2847710
1017773 2844825
1021638 2842717
1023767 2842494
1025831 2842528
1025287 2840823
1013242 2830871
1004626 2826227
1004320 2826268
1002321 2827744
974503.7 2836878
990096.4 2862121
1010667 2880991
ID 48007
1002321 2827744
1004320 2826268
1004626 2826227
1013242 2830871
1025287 2840823
1025831 2842528
1023767 2842494
1021638 2842717
1017773 2844825
1015478 2847710
1015200 2849973
1047659 2856097
1047028 2850925
1048273 2849081
1048293 2848461
1047085 2845541
1046183 2844746
1034230 2834013
1031480 2833873
1023356 2822388
1015265 2808855
1002321 2827744
ID 48007
1044571 2832999
1042404 2827285
1024280 2801853
1023716 2803253
1044571 2832999
ID 48409
947270.6 2837571
974503.7 2836878
1002321 2827744
1015265 2808855
1001337 2806111
994491.2 2806171
978672 2805184
977933.4 2802256
970876.5 2802551
965748.8 2803472
963116.1 2804591
949823.5 2810845
948673.5 2814882
949624.9 2817524
941143.7 2824132
947270.6 2837571
