ID 49
438782.3 2407558
444954.5 2407013
449466.8 2407025
499397.8 2407121
537579.3 2407444
537840.8 2360581
538013.2 2324129
538141.6 2295943
584088.5 2295959
622136.9 2296743
626155.6 2296837
626228.8 2296835
638389 2297081
650156.8 2297370
653436.4 2297459
692884.9 2298707
706118.9 2298969
707328.9 2260445
708418.7 2212606
710096.1 2150213
710578.7 2132146
710972.1 2117609
711698 2090787
712097.4 2070574
712157.8 2066304
712231.2 2045812
712860.5 2021407
715479.2 1982940
716303 1952765
717430.3 1908803
718720 1854820
633601.9 1852814
604164.5 1852403
589525.6 1852854
566767.1 1852555
507734.4 1852088
407296.0 1852534
375308.4 1852931
272748.6 1855205
274497.4 1922316
276445.7 1982676
277766.7 2029769
278120 2041359
281044.4 2137385
282243.9 2177700
282959.9 2201104
286122.1 2299105
289294.7 2409470
294884.8 2409027
301582.1 2408502
302560.8 2408490
309640.1 2408407
312256.4 2408379
339867.2 2408214
342299.5 2408202
375581.5 2408021
399744.0 2407886
421178.3 2407699
438728.4 2407563
438782.3 2407558
