ID 49003
289294.7 2409470
294884.8 2409027
301582.1 2408502
302560.8 2408490
309640.1 2408407
312256.4 2408379
339867.2 2408214
342299.5 2408202
375581.5 2408021
399744.0 2407886
421178.3 2407699
438728.4 2407563
438782.3 2407558
444954.5 2407013
448386.2 2399371
451391.3 2396587
454122.0 2392217
455955.7 2386063
455711.6 2381564
455773.1 2371986
458899.7 2357692
463124.8 2357592
463532.3 2357362
465416.2 2355010
466167.1 2351341
467768.7 2343511
461286.8 2336710
455761.3 2333575
438221.3 2333732
416508.2 2305060
390675.2 2296893
286122.1 2299105
289294.7 2409470
ID 49005
444954.5 2407013
449466.8 2407025
499397.8 2407121
502380.1 2399190
508159.5 2369271
508201.8 2368738
505583.3 2357575
499093.7 2343071
479301.5 2337187
477889.9 2337136
469174.8 2340401
468618.8 2341104
467768.7 2343511
466167.1 2351341
465416.2 2355010
463532.3 2357362
463124.8 2357592
458899.7 2357692
455773.1 2371986
455711.6 2381564
455955.7 2386063
454122.0 2392217
451391.3 2396587
448386.2 2399371
444954.5 2407013
ID 49033
537579.3 2407444
537840.8 2360581
538013.2 2324129
519746.9 2312121
521591.9 2314358
522391.4 2315762
522932.4 2317415
523103 2319480
514415.2 2334942
506648.8 2336216
499093.7 2343071
505583.3 2357575
508201.8 2368738
508159.5 2369271
502380.1 2399190
499397.8 2407121
537579.3 2407444
ID 49057
499093.7 2343071
506648.8 2336216
505126.5 2328825
504597.2 2327123
502433.6 2324054
499936.4 2321441
486783.9 2316739
484450 2316142
481790 2316811
480018.3 2318462
479185.5 2319929
476885.6 2320273
474870.6 2320197
470388.1 2318091
468711.4 2317011
468461.3 2315224
470076 2311609
455355.2 2313138
442107.5 2313262
436956.8 2311773
416508.2 2305060
438221.3 2333732
455761.3 2333575
461286.8 2336710
467768.7 2343511
468618.8 2341104
469174.8 2340401
477889.9 2337136
479301.5 2337187
499093.7 2343071
ID 49029
506648.8 2336216
514415.2 2334942
523103 2319480
522932.4 2317415
522391.4 2315762
521591.9 2314358
519746.9 2312121
510921.2 2309194
497978.3 2302310
496555.3 2301127
495326 2299600
492171.7 2295305
492116.8 2294566
492595.7 2292309
492949.8 2291784
493480.5 2291463
497728.6 2287633
501191 2281954
501716.2 2280343
498343.7 2272946
497225 2272190
495878.5 2271721
495139.6 2271701
488098.7 2273769
479884.2 2280669
470076 2311609
468461.3 2315224
468711.4 2317011
470388.1 2318091
474870.6 2320197
476885.6 2320273
479185.5 2319929
480018.3 2318462
481790 2316811
484450 2316142
486783.9 2316739
499936.4 2321441
502433.6 2324054
504597.2 2327123
505126.5 2328825
506648.8 2336216
ID 49045
286122.1 2299105
390675.2 2296893
416508.2 2305060
435541.1 2271188
442928.4 2237103
441445.3 2237258
439580.1 2236262
439404.3 2235486
440784.6 2219278
442150.8 2212924
444772.2 2206181
443842.1 2195098
441958.4 2186545
437032.9 2180860
435012.5 2178951
428016.3 2174739
395428 2175041
282243.9 2177700
282959.9 2201104
286122.1 2299105
ID 49011
470076 2311609
479884.2 2280669
478645.5 2279844
476435.7 2278850
468787.6 2276374
464889.8 2276391
462789.3 2276423
461365.6 2285562
461365.5 2287515
457323.9 2287514
445759.2 2279589
435541.1 2271188
416508.2 2305060
436956.8 2311773
442107.5 2313262
455355.2 2313138
470076 2311609
ID 49043
538013.2 2324129
538141.6 2295943
584088.5 2295959
622136.9 2296743
626155.6 2296837
626497.3 2276448
612410.1 2276103
596623.3 2274547
554968 2265750
550562.6 2260501
545474.3 2252379
544387.2 2251096
540733.6 2249856
528295.7 2246903
521355 2249410
511645.4 2254989
495505.8 2252692
488098.7 2273769
495139.6 2271701
495878.5 2271721
497225 2272190
498343.7 2272946
501716.2 2280343
501191 2281954
497728.6 2287633
493480.5 2291463
492949.8 2291784
492595.7 2292309
492116.8 2294566
492171.7 2295305
495326 2299600
496555.3 2301127
497978.3 2302310
510921.2 2309194
519746.9 2312121
538013.2 2324129
ID 49035
435541.1 2271188
445759.2 2279589
457323.9 2287514
461365.5 2287515
461365.6 2285562
462789.3 2276423
464889.8 2276391
468787.6 2276374
476435.7 2278850
478645.5 2279844
479884.2 2280669
488098.7 2273769
495505.8 2252692
492050.8 2249124
484318.6 2244045
462173.7 2232301
459086.5 2231118
448220.6 2234164
442928.4 2237103
435541.1 2271188
ID 49009
706118.9 2298969
707328.9 2260445
700967.7 2260293
697703.4 2263544
697487.9 2270833
697194.3 2274870
693639.6 2282860
677521.7 2282400
666655.9 2278530
640644.1 2271644
637800 2271105
628462.3 2276046
626497.3 2276448
626155.6 2296837
626228.8 2296835
638389 2297081
650156.8 2297370
653436.4 2297459
692884.9 2298707
706118.9 2298969
ID 49013
626497.3 2276448
628462.3 2276046
629737.3 2208359
630285.3 2189213
631207.4 2164615
584065.5 2164025
583508.6 2164393
582393 2164579
554985.6 2164503
552010 2174062
551859.8 2194380
550661.4 2233078
550562.6 2260501
554968 2265750
596623.3 2274547
612410.1 2276103
626497.3 2276448
ID 49047
628462.3 2276046
637800 2271105
640644.1 2271644
666655.9 2278530
677521.7 2282400
693639.6 2282860
697194.3 2274870
697487.9 2270833
697703.4 2263544
700967.7 2260293
707328.9 2260445
708418.7 2212606
710096.1 2150213
710578.7 2132146
705903.6 2128055
626997.5 2126317
626986.1 2127123
625951.7 2133097
625648.9 2138108
626327.5 2141735
630527 2154500
633794.6 2158345
638595.4 2162222
638938.7 2162207
639269.5 2162554
639101.4 2163322
638304.6 2164713
631207.4 2164615
630285.3 2189213
629737.3 2208359
628462.3 2276046
ID 49051
495505.8 2252692
511645.4 2254989
521355 2249410
528295.7 2246903
540733.6 2249856
544387.2 2251096
545474.3 2252379
550562.6 2260501
550661.4 2233078
551859.8 2194380
552010 2174062
535653.9 2174021
522396.4 2189286
521665 2190328
521392.9 2191204
523670.2 2199174
519983.6 2212018
518704 2213838
516161.9 2216751
515758.3 2216972
505279.7 2220658
495221.7 2224526
492190 2232504
491983.5 2236993
492050.8 2249124
495505.8 2252692
ID 49049
492050.8 2249124
491983.5 2236993
492190 2232504
495221.7 2224526
505279.7 2220658
515758.3 2216972
516161.9 2216751
518704 2213838
519983.6 2212018
523670.2 2199174
521392.9 2191204
521665 2190328
522396.4 2189286
535653.9 2174021
552010 2174062
554985.6 2164503
521618.7 2164312
487829.3 2164283
478530 2164201
479153.4 2168548
478905.4 2170512
475337.1 2176849
474811.6 2177419
472627.2 2178770
464976 2173395
460423.2 2166046
460398.3 2164701
459815.9 2163713
454999.1 2161044
452810.4 2160314
450456.5 2160628
449456.7 2160990
450604 2168887
451035.2 2170750
452171.7 2172602
452651.3 2173382
447384.6 2182287
443636.3 2186000
441958.4 2186545
443842.1 2195098
444772.2 2206181
442150.8 2212924
440784.6 2219278
439404.3 2235486
439580.1 2236262
441445.3 2237258
442928.4 2237103
448220.6 2234164
459086.5 2231118
462173.7 2232301
484318.6 2244045
492050.8 2249124
ID 49023
441958.4 2186545
443636.3 2186000
447384.6 2182287
452651.3 2173382
452171.7 2172602
451035.2 2170750
450604 2168887
449456.7 2160990
450456.5 2160628
452810.4 2160314
454999.1 2161044
459815.9 2163713
460398.3 2164701
460423.2 2166046
464976 2173395
472627.2 2178770
474811.6 2177419
475337.1 2176849
478905.4 2170512
479153.4 2168548
478530 2164201
487829.3 2164283
487761.9 2156130
481250.2 2151151
481669.2 2134885
481650.9 2125115
478714.1 2116544
463603.6 2116447
455547.7 2111532
455530.1 2109052
450665.7 2109133
440029.5 2110838
440484.9 2116329
440816.5 2128294
440455.4 2133499
440102.1 2134501
438465.6 2135772
419861.9 2135918
413993.5 2135820
301018.8 2137941
281044.4 2137385
282243.9 2177700
395428 2175041
428016.3 2174739
435012.5 2178951
437032.9 2180860
441958.4 2186545
ID 49027
281044.4 2137385
301018.8 2137941
413993.5 2135820
419861.9 2135918
438465.6 2135772
440102.1 2134501
440455.4 2133499
440816.5 2128294
440484.9 2116329
440029.5 2110838
450665.7 2109133
455530.1 2109052
455485.9 2079177
437463.7 2048101
425467.9 2039264
423993.3 2039287
417524.7 2039054
415883.2 2038257
414335.6 2035030
411519.9 2027036
386435.4 2027389
386439.1 2027615
376304.4 2027982
277766.7 2029769
278120 2041359
281044.4 2137385
ID 49039
521618.7 2164312
521662 2152268
521746.2 2125906
517104.2 2125911
517372.7 2077616
471057.6 2077738
469695 2079121
455485.9 2079177
455530.1 2109052
455547.7 2111532
463603.6 2116447
478714.1 2116544
481650.9 2125115
481669.2 2134885
481250.2 2151151
487761.9 2156130
487829.3 2164283
521618.7 2164312
ID 49007
521618.7 2164312
554985.6 2164503
582393 2164579
583508.6 2164393
584065.5 2164025
631207.4 2164615
638304.6 2164713
639101.4 2163322
639269.5 2162554
638938.7 2162207
638595.4 2162222
633794.6 2158345
630527 2154500
626327.5 2141735
625648.9 2138108
625951.7 2133097
626986.1 2127123
536360.6 2126230
533824.5 2133709
523637.2 2151029
522589.1 2151984
521662 2152268
521618.7 2164312
ID 49015
521662 2152268
522589.1 2151984
523637.2 2151029
533824.5 2133709
536360.6 2126230
626986.1 2127123
626997.5 2126317
628020.1 2120209
627551 2115321
624170.9 2104412
620827.1 2095688
620524.7 2095101
619647.3 2092255
617178.8 2079874
617131.6 2066473
620589 2044773
624659.6 2032055
625021.8 2031514
625392.6 2031280
626116.4 2031198
628401.6 2031660
630586.4 2032672
630946 2031704
631796.3 2026579
631333.2 2022412
628649 2019563
516938.4 2018520
516938.8 2019653
516786.4 2037649
517474 2037651
517508.5 2068569
517372.7 2077616
517104.2 2125911
521746.2 2125906
521662 2152268
ID 49019
710578.7 2132146
710972.1 2117609
711698 2090787
712097.4 2070574
712157.8 2066304
712231.2 2045812
712860.5 2021407
628649 2019563
631333.2 2022412
631796.3 2026579
630946 2031704
630586.4 2032672
628401.6 2031660
626116.4 2031198
625392.6 2031280
625021.8 2031514
624659.6 2032055
620589 2044773
617131.6 2066473
617178.8 2079874
619647.3 2092255
620524.7 2095101
620827.1 2095688
624170.9 2104412
627551 2115321
628020.1 2120209
626997.5 2126317
705903.6 2128055
710578.7 2132146
ID 49041
517372.7 2077616
517508.5 2068569
517474 2037651
516786.4 2037649
516938.8 2019653
476728.2 2018759
450924.9 2018875
450928.1 2019826
445414.6 2020043
411152.6 2020104
411519.9 2027036
414335.6 2035030
415883.2 2038257
417524.7 2039054
423993.3 2039287
425467.9 2039264
437463.7 2048101
455485.9 2079177
469695 2079121
471057.6 2077738
517372.7 2077616
ID 49001
277766.7 2029769
376304.4 2027982
386439.1 2027615
386435.4 2027389
411519.9 2027036
411152.6 2020104
411371.9 2016482
411609.4 2015529
416815.1 2011045
421389.3 2008603
426672 2001168
426944.1 2000299
425645.2 1994810
423066.5 1991457
417245.5 1980074
414185.8 1979818
276445.7 1982676
277766.7 2029769
ID 49031
411152.6 2020104
445414.6 2020043
450928.1 2019826
450924.9 2018875
476728.2 2018759
471737.1 2013824
469529.7 2010224
469974.3 1988979
469943.3 1979844
460422.8 1979298
457309.7 1979281
452980.2 1979434
450816.5 1979718
417245.5 1980074
423066.5 1991457
425645.2 1994810
426944.1 2000299
426672 2001168
421389.3 2008603
416815.1 2011045
411609.4 2015529
411371.9 2016482
411152.6 2020104
ID 49055
476728.2 2018759
516938.8 2019653
516938.4 2018520
628649 2019563
630575 2017772
630739 2017405
639014.5 1994236
639882.1 1989678
639924.5 1984043
637835.4 1981065
532531.6 1979954
507502.9 1979657
469943.3 1979844
469974.3 1988979
469529.7 2010224
471737.1 2013824
476728.2 2018759
ID 49021
276445.7 1982676
414185.8 1979818
415009.4 1960967
414798.2 1951286
411930.3 1951311
405087.9 1950474
395221.8 1942121
395130.3 1933536
395366.8 1912951
376032.3 1908403
363998.4 1908472
360746.2 1906733
354277.7 1905924
344790.4 1907011
325418 1915056
315524.1 1921252
274497.4 1922316
276445.7 1982676
ID 49037
712860.5 2021407
715479.2 1982940
716303 1952765
717430.3 1908803
718720 1854820
633601.9 1852814
604164.5 1852403
589525.6 1852854
566767.1 1852555
507734.4 1852088
510423 1852286
516824.8 1853193
545401.5 1864425
548183.8 1865891
553464.7 1872162
567830.5 1890679
568899.5 1893199
575490 1912383
591403.3 1938192
607449 1950515
620739.8 1964796
630135.3 1975852
630598.7 1976209
637835.4 1981065
639924.5 1984043
639882.1 1989678
639014.5 1994236
630739 2017405
630575 2017772
628649 2019563
712860.5 2021407
ID 49017
414185.8 1979818
417245.5 1980074
450816.5 1979718
452980.2 1979434
457309.7 1979281
460422.8 1979298
469943.3 1979844
507502.9 1979657
532531.6 1979954
637835.4 1981065
630598.7 1976209
630135.3 1975852
620739.8 1964796
607449 1950515
591403.3 1938192
575490 1912383
469859.9 1911950
469476.6 1911639
468734 1911474
423833.3 1911880
411648.6 1912694
395366.8 1912951
395130.3 1933536
395221.8 1942121
405087.9 1950474
411930.3 1951311
414798.2 1951286
415009.4 1960967
414185.8 1979818
ID 49053
274497.4 1922316
315524.1 1921252
325418 1915056
344790.4 1907011
354277.7 1905924
360746.2 1906733
363998.4 1908472
376032.3 1908403
375308.4 1852931
272748.6 1855205
274497.4 1922316
ID 49025
376032.3 1908403
395366.8 1912951
411648.6 1912694
423833.3 1911880
468734 1911474
469476.6 1911639
469859.9 1911950
575490 1912383
568899.5 1893199
567830.5 1890679
553464.7 1872162
548183.8 1865891
545401.5 1864425
516824.8 1853193
510423 1852286
507734.4 1852088
407296.0 1852534
375308.4 1852931
376032.3 1908403
