ID 51069
3513160 2199749
3523367 2191470
3540318 2177457
3530131 2152086
3516112 2148892
3496181 2154293
3499296 2157840
3500409 2158572
3503471 2160586
3505237 2162673
3507055 2165396
3507713 2167098
3511871 2187731
3513160 2199749
ID 51069
3527730 2171579
3526481 2171964
3525316 2169885
3524840 2168145
3525160 2163555
3527556 2160903
3532766 2168762
3529519 2171123
3527730 2171579
ID 51043
3540318 2177457
3558090 2162904
3546591 2149664
3542963 2145839
3530131 2152086
3540318 2177457
ID 51840
3527730 2171579
3529519 2171123
3532766 2168762
3527556 2160903
3525160 2163555
3524840 2168145
3525316 2169885
3526481 2171964
3527730 2171579
ID 51187
3530131 2152086
3542963 2145839
3532089 2132747
3518697 2121295
3509839 2129153
3516112 2148892
3530131 2152086
ID 51171
3516112 2148892
3509839 2129153
3502356 2120333
3499195 2117543
3495755 2118991
3492179 2113194
3487652 2104132
3467906 2121756
3473251 2132080
3475010 2135288
3475282 2135569
3475778 2136082
3480943 2139380
3481184 2138729
3481428 2138162
3481704 2138051
3491190 2144077
3495007 2149467
3495304 2150186
3496181 2154293
3516112 2148892
ID 51157
3518697 2121295
3532089 2132747
3535581 2129015
3541304 2120877
3542483 2117525
3542882 2116953
3543898 2115946
3547356 2114264
3549088 2114370
3539546 2106485
3528189 2094918
3523401 2096109
3514078 2106639
3518697 2121295
ID 51139
3509839 2129153
3518697 2121295
3514078 2106639
3504108 2089781
3501222 2083783
3496680 2084694
3495420 2085362
3489475 2089083
3483329 2093760
3487652 2104132
3492179 2113194
3495755 2118991
3499195 2117543
3502356 2120333
3509839 2129153
ID 51165
3451568 2121663
3467906 2121756
3487652 2104132
3483329 2093760
3489475 2089083
3495420 2085362
3496680 2084694
3501222 2083783
3485723 2067861
3478161 2059963
3464926 2070999
3452818 2078776
3436624 2090414
3451568 2121663
ID 51165
3467675 2091197
3467189 2090899
3464394 2087339
3463659 2085576
3463495 2080713
3463781 2080343
3466022 2080561
3471420 2083718
3471691 2085403
3470801 2087585
3467675 2091197
ID 51179
3577012 2078198
3575516 2082844
3584437 2099194
3604358 2093534
3606099 2076220
3602705 2064865
3598886 2064977
3592109 2069117
3592427 2072468
3591247 2074153
3589684 2074805
3587578 2075556
3586357 2075043
3584705 2074241
3584780 2071774
3577012 2078198
ID 51113
3514078 2106639
3523401 2096109
3535501 2071638
3518650 2067172
3504108 2089781
3514078 2106639
ID 51001
3752557 2040313
3785969 2045094
3781442 2037364
3772652 2027713
3770152 2027678
3769379 2027321
3769073 2027075
3768765 2026827
3768109 2026300
3767672 2025830
3767216 2025340
3766810 2024904
3765162 2022718
3762867 2018979
3758147 2007990
3757428 2005971
3750672 1982275
3750819 1981254
3746079 1980134
3738384 1980923
3737908 1981424
3737712 1982251
3737865 1982522
3738425 1982765
3739356 1983789
3739712 1988240
3735199 1991063
3726420 1990138
3726088 1991137
3726069 1991737
3727406 1995814
3728675 1998343
3737622 2014124
3742755 2019184
3744459 2020731
3745021 2021478
3747256 2025446
3747616 2026737
3748722 2035372
3752557 2040313
ID 51099
3606099 2076220
3631443 2068937
3626044 2055927
3621306 2054556
3602705 2064865
3606099 2076220
ID 51193
3631443 2068937
3634656 2061889
3642359 2057374
3645572 2056462
3653974 2055898
3663936 2055658
3665027 2055286
3665308 2055190
3671680 2047373
3672333 2046561
3673587 2043597
3673859 2042720
3663940 2034959
3654233 2038266
3652420 2038920
3648486 2044890
3642662 2051823
3642307 2052071
3637143 2047565
3637134 2046721
3626044 2055927
3631443 2068937
ID 51177
3577012 2078198
3584780 2071774
3588686 2068554
3592109 2069117
3598886 2064977
3575356 2036370
3571373 2038201
3547807 2050176
3569704 2077324
3577012 2078198
ID 51137
3518650 2067172
3535501 2071638
3544280 2075915
3551559 2078905
3556441 2079638
3564681 2080202
3568502 2078279
3569704 2077324
3547807 2050176
3525592 2051819
3511407 2057515
3518650 2067172
ID 51630
3592109 2069117
3588686 2068554
3584780 2071774
3584705 2074241
3586357 2075043
3587578 2075556
3589684 2074805
3591247 2074153
3592427 2072468
3592109 2069117
ID 51079
3501222 2083783
3504108 2089781
3518650 2067172
3511407 2057515
3485723 2067861
3501222 2083783
ID 51660
3467675 2091197
3470801 2087585
3471691 2085403
3471420 2083718
3466022 2080561
3463781 2080343
3463495 2080713
3463659 2085576
3464394 2087339
3467189 2090899
3467675 2091197
ID 51091
3429061 2083030
3428131 2082109
3421218 2069945
3420529 2068472
3420617 2067265
3418253 2062888
3411322 2057514
3406977 2059604
3394334 2062274
3390596 2064491
3386711 2067195
3385416 2071675
3385446 2071788
3385545 2072161
3392380 2079250
3396158 2086790
3398037 2094366
3399898 2103283
3408012 2099711
3409621 2098661
3410943 2096759
3414760 2088204
3429061 2083030
ID 51033
3602705 2064865
3621306 2054556
3625647 2034067
3615996 2025825
3601719 2014254
3575356 2036370
3598886 2064977
3602705 2064865
ID 51057
3626044 2055927
3637134 2046721
3652051 2024689
3660057 2012972
3654176 2008342
3653727 2010099
3650537 2014725
3649507 2015605
3646168 2015905
3641874 2015038
3638134 2015020
3632678 2019721
3629946 2024680
3625647 2034067
3621306 2054556
3626044 2055927
ID 51159
3637134 2046721
3637143 2047565
3642307 2052071
3642662 2051823
3648486 2044890
3652420 2038920
3654233 2038266
3663940 2034959
3675337 2021012
3663648 2015591
3652051 2024689
3637134 2046721
ID 51003
3485723 2067861
3511407 2057515
3525592 2051819
3516985 2037728
3500743 2014435
3500359 2011042
3500147 2010642
3499658 2010335
3499033 2010093
3494332 2010324
3490128 2009948
3487718 2008076
3487302 2007389
3470226 2042334
3473967 2044508
3475503 2046299
3475685 2047305
3475470 2051652
3477043 2057032
3478161 2059963
3485723 2067861
ID 51003
3501150 2045196
3498932 2043568
3498151 2042044
3497467 2040011
3497434 2039085
3497943 2037781
3499002 2037564
3502659 2037881
3504006 2039218
3505219 2042410
3504929 2043824
3503083 2045011
3501150 2045196
ID 51109
3525592 2051819
3547807 2050176
3571373 2038201
3561948 2007189
3550335 2017328
3548562 2020058
3542482 2025161
3538414 2026573
3516985 2037728
3525592 2051819
ID 51103
3663648 2015591
3675337 2021012
3692034 2003576
3695256 1998479
3696044 1996994
3695974 1996492
3688749 1995949
3677379 2001891
3673098 2005428
3663648 2015591
ID 51085
3571373 2038201
3575356 2036370
3601719 2014254
3603798 2008111
3606804 2006116
3617031 2000026
3621505 1996495
3612372 1986290
3610562 1986754
3601055 1991325
3596839 1993705
3585250 2003077
3576670 2004667
3561948 2007189
3571373 2038201
ID 51790
3452960 2058814
3453130 2059051
3454070 2058606
3454627 2057385
3455115 2055567
3454574 2053363
3453709 2051976
3451792 2050587
3448682 2051265
3446803 2052605
3446228 2054232
3446841 2056109
3447765 2057762
3452960 2058814
ID 51101
3615996 2025825
3617039 2026449
3618844 2024738
3624987 2011666
3639702 2003535
3650535 1992815
3652191 1988971
3652252 1988558
3651475 1985396
3650990 1984857
3645342 1990219
3627702 1993478
3621505 1996495
3617031 2000026
3606804 2006116
3603798 2008111
3601719 2014254
3615996 2025825
ID 51540
3501150 2045196
3503083 2045011
3504929 2043824
3505219 2042410
3504006 2039218
3502659 2037881
3499002 2037564
3497943 2037781
3497434 2039085
3497467 2040011
3498151 2042044
3498932 2043568
3501150 2045196
ID 51820
3463812 2048734
3464202 2048866
3466447 2048589
3467282 2046315
3467217 2045697
3466419 2043386
3465753 2042347
3461795 2042013
3459127 2043798
3458818 2045168
3458917 2045666
3460626 2047448
3462985 2048985
3463812 2048734
ID 51119
3660057 2012972
3669972 1999576
3672812 1996313
3673607 1995850
3683664 1994535
3694367 1990681
3694571 1990231
3694164 1989517
3691743 1987805
3690072 1987693
3682346 1985142
3663007 1994591
3654176 2008342
3660057 2012972
ID 51065
3516985 2037728
3538414 2026573
3530024 2009120
3522955 2002670
3500743 2014435
3516985 2037728
ID 51131
3726420 1990138
3735199 1991063
3739712 1988240
3739356 1983789
3738425 1982765
3737865 1982522
3737712 1982251
3737908 1981424
3738384 1980923
3746079 1980134
3750819 1981254
3751119 1980390
3750804 1978623
3739668 1951422
3738483 1950004
3737219 1948491
3737128 1948383
3732293 1943300
3732122 1943133
3731348 1942379
3730521 1941929
3730023 1942022
3724854 1943400
3720797 1951785
3719516 1957529
3719623 1961048
3719965 1964250
3720312 1965828
3722892 1977244
3724694 1984624
3725422 1987059
3726420 1990138
ID 51075
3576670 2004667
3574761 1988776
3569871 1991688
3559832 1995296
3549096 1996929
3548916 1996402
3548548 1995889
3547794 1995481
3546312 1995359
3545610 1995474
3538533 1998062
3537724 1999041
3530024 2009120
3538414 2026573
3542482 2025161
3548562 2020058
3550335 2017328
3561948 2007189
3576670 2004667
ID 51087
3576670 2004667
3585250 2003077
3596839 1993705
3601055 1991325
3610562 1986754
3612372 1986290
3616970 1981293
3610689 1969041
3595526 1976172
3597860 1982662
3598105 1986194
3596033 1990931
3593827 1992970
3592956 1993404
3590896 1992881
3585470 1991413
3579876 1988070
3574761 1988776
3576670 2004667
ID 51049
3522955 2002670
3530024 2009120
3537724 1999041
3532564 1976549
3523474 1966902
3503095 1963705
3513390 1981614
3522155 1996576
3522955 2002670
ID 51029
3522955 2002670
3522155 1996576
3513390 1981614
3503095 1963705
3491637 1970180
3471257 1987383
3487302 2007389
3487718 2008076
3490128 2009948
3494332 2010324
3499033 2010093
3499658 2010335
3500147 2010642
3500359 2011042
3500743 2014435
3522955 2002670
ID 51760
3595526 1976172
3586123 1975532
3581976 1982676
3579876 1988070
3585470 1991413
3590896 1992881
3592956 1993404
3593827 1992970
3596033 1990931
3598105 1986194
3597860 1982662
3595526 1976172
ID 51145
3574761 1988776
3557097 1972629
3555882 1975802
3553512 1978583
3553144 1978921
3550897 1979661
3545307 1980185
3541308 1978451
3537713 1976291
3535216 1975345
3533260 1975506
3532564 1976549
3537724 1999041
3538533 1998062
3545610 1995474
3546312 1995359
3547794 1995481
3548548 1995889
3548916 1996402
3549096 1996929
3559832 1995296
3569871 1991688
3574761 1988776
ID 51005
3363364 2032847
3368056 2033654
3373855 2032920
3374028 2032807
3377376 2026611
3377972 2026041
3395012 2020417
3398750 2023378
3396550 2011360
3384037 2015741
3381489 2013706
3381648 2013145
3380920 2011699
3379514 2010001
3375694 2006083
3367656 2000129
3365806 1998979
3364113 1999767
3354764 1993501
3349445 1995807
3348075 1997106
3341581 2004338
3363364 2032847
ID 51005
3367204 2017251
3365952 2011489
3366923 2010168
3368293 2008921
3371586 2010624
3371903 2015970
3371655 2016930
3368697 2018170
3367204 2017251
ID 51580
3367204 2017251
3368697 2018170
3371655 2016930
3371903 2015970
3371586 2010624
3368293 2008921
3366923 2010168
3365952 2011489
3367204 2017251
ID 51735
3687194 1939937
3686743 1946386
3687292 1948117
3687432 1949632
3687416 1950061
3692606 1949677
3696181 1944843
3696665 1941470
3687194 1939937
ID 51011
3491637 1970180
3483886 1953625
3471212 1948844
3454099 1973850
3467357 1986242
3471257 1987383
3491637 1970180
ID 51650
3687194 1939937
3696665 1941470
3700562 1931820
3695979 1926593
3687068 1925797
3683573 1938593
3687194 1939937
ID 51093
3640823 1894758
3646955 1926901
3662979 1942821
3679752 1919412
3675662 1918633
3675287 1918499
3643358 1887723
3642276 1888168
3640823 1894758
ID 51147
3523474 1966902
3523835 1958916
3523171 1939360
3505042 1934803
3483886 1953625
3491637 1970180
3503095 1963705
3523474 1966902
ID 51680
3448168 1969981
3437651 1961765
3432905 1965749
3432411 1977222
3439335 1977957
3448168 1969981
ID 51031
3448168 1969981
3454099 1973850
3471212 1948844
3463986 1928549
3447308 1932993
3445235 1935358
3432982 1941024
3425248 1940785
3422678 1938643
3416109 1932628
3432905 1965749
3437651 1961765
3448168 1969981
ID 51135
3523171 1939360
3523835 1958916
3562520 1947616
3554340 1924935
3544183 1928641
3523171 1939360
ID 51810
3706343 1920888
3719803 1921394
3721562 1921308
3722119 1921134
3723147 1920385
3723600 1919153
3733449 1888318
3735101 1883156
3735839 1879517
3735842 1879501
3712979 1878862
3702896 1910740
3706915 1912600
3706343 1920888
ID 51710
3706343 1920888
3706915 1912600
3702896 1910740
3697243 1908614
3692110 1919293
3706343 1920888
ID 51740
3686330 1916817
3692110 1919293
3697243 1908614
3688217 1906958
3685495 1913259
3686330 1916817
ID 51175
3640823 1894758
3638733 1894998
3636922 1895375
3635642 1894991
3635244 1893405
3635488 1890612
3637140 1887611
3642224 1887986
3642276 1888168
3643358 1887723
3641772 1876572
3619644 1876497
3607837 1876158
3595639 1894097
3637797 1920989
3646955 1926901
3640823 1894758
ID 51800
3686330 1916817
3685495 1913259
3679914 1878043
3675424 1877940
3641905 1876572
3641772 1876572
3643358 1887723
3675287 1918499
3675662 1918633
3679752 1919412
3686330 1916817
ID 51515
3407022 1965772
3407509 1966937
3411625 1967024
3413730 1965087
3411685 1960672
3407965 1960823
3406760 1961599
3405224 1964020
3405711 1966017
3407022 1965772
ID 51037
3471212 1948844
3483886 1953625
3505042 1934803
3500622 1913919
3486719 1892468
3485176 1893454
3482942 1897010
3482888 1897273
3484538 1907727
3479053 1920741
3463986 1928549
3471212 1948844
ID 51550
3697243 1908614
3702896 1910740
3712979 1878862
3695886 1878429
3679914 1878043
3685495 1913259
3688217 1906958
3697243 1908614
ID 51111
3523171 1939360
3544183 1928641
3542207 1901442
3500622 1913919
3505042 1934803
3523171 1939360
ID 51025
3544183 1928641
3554340 1924935
3575077 1914629
3575457 1894539
3565621 1875714
3553776 1875618
3540657 1875488
3542207 1901442
3544183 1928641
ID 51027
3193504 1991486
3196968 1988503
3195650 1988189
3191098 1985487
3190748 1984804
3191062 1983038
3196524 1971324
3202595 1963773
3202616 1963757
3203537 1963098
3212679 1957788
3210081 1953463
3200497 1949615
3197815 1947419
3189368 1945519
3188259 1944992
3187362 1943339
3186927 1941893
3186493 1939400
3185484 1938273
3181763 1936554
3176022 1936855
3175379 1937076
3162470 1966304
3193504 1991486
ID 51143
3416109 1932628
3422678 1938643
3425248 1940785
3432982 1941024
3445235 1935358
3447308 1932993
3435612 1875352
3424499 1875424
3427736 1878477
3428098 1878982
3427961 1879926
3424072 1885838
3412627 1886167
3409817 1883771
3408864 1882732
3408752 1882420
3411471 1880037
3413085 1875497
3409450 1875505
3391156 1875854
3398238 1910657
3402641 1931265
3416109 1932628
ID 51081
3595639 1894097
3607837 1876158
3565621 1875714
3575457 1894539
3575077 1914629
3578572 1912811
3584160 1909271
3590272 1895518
3595639 1894097
ID 51081
3588286 1894063
3587675 1894904
3586708 1895177
3582393 1894175
3581530 1892876
3581530 1892118
3582242 1888291
3584258 1887651
3588201 1889272
3588595 1890705
3588286 1894063
ID 51083
3447308 1932993
3463986 1928549
3479053 1920741
3484538 1907727
3482888 1897273
3482942 1897010
3485176 1893454
3486719 1892468
3479020 1875162
3473453 1875157
3442844 1875316
3435612 1875352
3447308 1932993
ID 51021
3258160 1955659
3280107 1961495
3290782 1945051
3285409 1936959
3274401 1934135
3266612 1932733
3257587 1934904
3251990 1931868
3243486 1924736
3238547 1931299
3242099 1936482
3254515 1948907
3258160 1955659
ID 51185
3246357 1967437
3258160 1955659
3254515 1948907
3242099 1936482
3238547 1931299
3231602 1930594
3226035 1929423
3214918 1926837
3207792 1926623
3197815 1947419
3200497 1949615
3210081 1953463
3212679 1957788
3217805 1953358
3228291 1953468
3228588 1953572
3233032 1956269
3233119 1956322
3241957 1961706
3246357 1967437
ID 51620
3640823 1894758
3642276 1888168
3642224 1887986
3637140 1887611
3635488 1890612
3635244 1893405
3635642 1894991
3636922 1895375
3638733 1894998
3640823 1894758
ID 51117
3542207 1901442
3540657 1875488
3515776 1875362
3503855 1875200
3479020 1875162
3486719 1892468
3500622 1913919
3542207 1901442
ID 51595
3588286 1894063
3588595 1890705
3588201 1889272
3584258 1887651
3582242 1888291
3581530 1892118
3581530 1892876
3582393 1894175
3586708 1895177
3587675 1894904
3588286 1894063
ID 51051
3162470 1966304
3175379 1937076
3159111 1929875
3157402 1928701
3155994 1928332
3146949 1936084
3145559 1938151
3140444 1947796
3140157 1956236
3144038 1957984
3158447 1962809
3162470 1966304
ID 51089
3391156 1875854
3363170 1876340
3360825 1876393
3361240 1883794
3360535 1888860
3360108 1890131
3359089 1891770
3357577 1896311
3357547 1902389
3357614 1902758
3358766 1903667
3362365 1904322
3368915 1907564
3383739 1903743
3388580 1904498
3398238 1910657
3391156 1875854
ID 51089
3376254 1895923
3375798 1895602
3373218 1891877
3374572 1889991
3379552 1886254
3381642 1886912
3382407 1888767
3381341 1894738
3376993 1896414
3376254 1895923
ID 51167
3197815 1947419
3207792 1926623
3202659 1923519
3191473 1916857
3177476 1913079
3157535 1900877
3151666 1919682
3159111 1929875
3175379 1937076
3176022 1936855
3181763 1936554
3185484 1938273
3186493 1939400
3186927 1941893
3187362 1943339
3188259 1944992
3189368 1945519
3197815 1947419
ID 51195
3140157 1956236
3140444 1947796
3145559 1938151
3146949 1936084
3155994 1928332
3157402 1928701
3159111 1929875
3151666 1919682
3139203 1920890
3132916 1921003
3131373 1920810
3120918 1916086
3118997 1913826
3118777 1912649
3109070 1924227
3110969 1932389
3139096 1955760
3140157 1956236
ID 51195
3133981 1932292
3132853 1932349
3130674 1931473
3128656 1929067
3127978 1927249
3130195 1924530
3133390 1924827
3136144 1928634
3136409 1930916
3135775 1931887
3134239 1933010
3133981 1932292
ID 51173
3243486 1924736
3253346 1903408
3222146 1890586
3220940 1890138
3214359 1907617
3202659 1923519
3207792 1926623
3214918 1926837
3226035 1929423
3231602 1930594
3238547 1931299
3243486 1924736
ID 51690
3376254 1895923
3376993 1896414
3381341 1894738
3382407 1888767
3381642 1886912
3379552 1886254
3374572 1889991
3373218 1891877
3375798 1895602
3376254 1895923
ID 51590
3424499 1875424
3413085 1875497
3411471 1880037
3408752 1882420
3408864 1882732
3409817 1883771
3412627 1886167
3424072 1885838
3427961 1879926
3428098 1878982
3427736 1878477
3424499 1875424
ID 51191
3202659 1923519
3214359 1907617
3220940 1890138
3222146 1890586
3218371 1887737
3202293 1888559
3193723 1889097
3192603 1886694
3173644 1887481
3177401 1891116
3178047 1893404
3177753 1895665
3176412 1896624
3174143 1896901
3170943 1895714
3164936 1887941
3160406 1888112
3157535 1900877
3177476 1913079
3191473 1916857
3202659 1923519
ID 51720
3133981 1932292
3134239 1933010
3135775 1931887
3136409 1930916
3136144 1928634
3133390 1924827
3130195 1924530
3127978 1927249
3128656 1929067
3130674 1931473
3132853 1932349
3133981 1932292
ID 51169
3118777 1912649
3118997 1913826
3120918 1916086
3131373 1920810
3132916 1921003
3139203 1920890
3151666 1919682
3157535 1900877
3160406 1888112
3132216 1889164
3112425 1890036
3098596 1890708
3102394 1899640
3106409 1902060
3118777 1912649
ID 51105
3118777 1912649
3106409 1902060
3102394 1899640
3098596 1890708
3055069 1893337
3036917 1894733
3056484 1900777
3066246 1903792
3086495 1910572
3106654 1921488
3109070 1924227
3118777 1912649
ID 51520
3173644 1887481
3164936 1887941
3170943 1895714
3174143 1896901
3176412 1896624
3177753 1895665
3178047 1893404
3177401 1891116
3173644 1887481
ID 51015
3429061 2083030
3436624 2090414
3452818 2078776
3464926 2070999
3478161 2059963
3477043 2057032
3475470 2051652
3475685 2047305
3475503 2046299
3473967 2044508
3470226 2042334
3461099 2030320
3457332 2026238
3450756 2027732
3449210 2027663
3448008 2027280
3442170 2025107
3439854 2027699
3426435 2037349
3413816 2047018
3411322 2057514
3418253 2062888
3420617 2067265
3420529 2068472
3421218 2069945
3428131 2082109
3429061 2083030
ID 51015
3452960 2058814
3447765 2057762
3446841 2056109
3446228 2054232
3446803 2052605
3448682 2051265
3451792 2050587
3453709 2051976
3454574 2053363
3455115 2055567
3454627 2057385
3454070 2058606
3453130 2059051
3452960 2058814
ID 51015
3463812 2048734
3462985 2048985
3460626 2047448
3458917 2045666
3458818 2045168
3459127 2043798
3461795 2042013
3465753 2042347
3466419 2043386
3467217 2045697
3467282 2046315
3466447 2048589
3464202 2048866
3463812 2048734
ID 51017
3386711 2067195
3390596 2064491
3394334 2062274
3406977 2059604
3411322 2057514
3413816 2047018
3398750 2023378
3395012 2020417
3377972 2026041
3377376 2026611
3374028 2032807
3373855 2032920
3368056 2033654
3363364 2032847
3371895 2045088
3386711 2067195
ID 51125
3470226 2042334
3487302 2007389
3471257 1987383
3467357 1986242
3464640 1986687
3458862 2000174
3457024 2003073
3449678 2012553
3449360 2012929
3443920 2016451
3440822 2015363
3442170 2025107
3448008 2027280
3449210 2027663
3450756 2027732
3457332 2026238
3461099 2030320
3470226 2042334
ID 51163
3413816 2047018
3426435 2037349
3439854 2027699
3442170 2025107
3440822 2015363
3435345 2016373
3434308 2015654
3431831 2012921
3430684 2011287
3428838 2007746
3425408 1999677
3423629 1998056
3420435 1995903
3418239 1994724
3417264 1994911
3411732 1985630
3396550 2011360
3398750 2023378
3413816 2047018
ID 51163
3418272 2014650
3419000 2016798
3415898 2018128
3413504 2017904
3411864 2016258
3412204 2013149
3413497 2011576
3415089 2012229
3418272 2014650
ID 51163
3420650 2011546
3419142 2011132
3418760 2010237
3418713 2005770
3419771 2003913
3421039 2003472
3422659 2004677
3423210 2005382
3425488 2009734
3425872 2012984
3423003 2013320
3420695 2011714
3420650 2011546
ID 51009
3440822 2015363
3443920 2016451
3449360 2012929
3449678 2012553
3457024 2003073
3458862 2000174
3464640 1986687
3467357 1986242
3454099 1973850
3448168 1969981
3439335 1977957
3417264 1994911
3418239 1994724
3420435 1995903
3423629 1998056
3425408 1999677
3428838 2007746
3430684 2011287
3431831 2012921
3434308 2015654
3435345 2016373
3440822 2015363
ID 51678
3418272 2014650
3415089 2012229
3413497 2011576
3412204 2013149
3411864 2016258
3413504 2017904
3415898 2018128
3419000 2016798
3418272 2014650
ID 51530
3420650 2011546
3420695 2011714
3423003 2013320
3425872 2012984
3425488 2009734
3423210 2005382
3422659 2004677
3421039 2003472
3419771 2003913
3418713 2005770
3418760 2010237
3419142 2011132
3420650 2011546
ID 51107
3567347 2183938
3570751 2183712
3589907 2172915
3585488 2168276
3584996 2167428
3584841 2166960
3584396 2165614
3584087 2164681
3584101 2164571
3584344 2162639
3584739 2161904
3584753 2161878
3585240 2161409
3590034 2156808
3590150 2156697
3593189 2155972
3597359 2155403
3601446 2155145
3583688 2131481
3573248 2141970
3546591 2149664
3558090 2162904
3567347 2183938
ID 51059
3601446 2155145
3619655 2141608
3611169 2138472
3611330 2138308
3607942 2136492
3610171 2132207
3615822 2133717
3619434 2130026
3616542 2125803
3621188 2123978
3626923 2125360
3623028 2116321
3619257 2108375
3611479 2108590
3583688 2131481
3601446 2155145
ID 51059
3599437 2133720
3598064 2132122
3597833 2130797
3600142 2128516
3603224 2128473
3605493 2129327
3605638 2132638
3605216 2133586
3602575 2134471
3599437 2133720
ID 51013
3619655 2141608
3622365 2138456
3625904 2136063
3627369 2131351
3620648 2131554
3619434 2130026
3615822 2133717
3611877 2137748
3611330 2138308
3611169 2138472
3619655 2141608
ID 51610
3615822 2133717
3610171 2132207
3607942 2136492
3611330 2138308
3611877 2137748
3615822 2133717
ID 51061
3546591 2149664
3573248 2141970
3568096 2130917
3568122 2129666
3581930 2103723
3584437 2099194
3575516 2082844
3567585 2083720
3566455 2084056
3565193 2084779
3564577 2085656
3559031 2096274
3555314 2105336
3549088 2114370
3547356 2114264
3543898 2115946
3542882 2116953
3542483 2117525
3541304 2120877
3535581 2129015
3532089 2132747
3542963 2145839
3546591 2149664
ID 51153
3573248 2141970
3583688 2131481
3611479 2108590
3604358 2093534
3584437 2099194
3581930 2103723
3568122 2129666
3568096 2130917
3573248 2141970
ID 51153
3587024 2123643
3586952 2123690
3584869 2122249
3582471 2118804
3582059 2117664
3582354 2115730
3584462 2114330
3589447 2117720
3589968 2121027
3589394 2121726
3590662 2122084
3591749 2122275
3592478 2123168
3592589 2123896
3592045 2124401
3589941 2125497
3588698 2125624
3588053 2124897
3587024 2123643
ID 51153
3591865 2120522
3593396 2119609
3594438 2121145
3594159 2122308
3593135 2122873
3592267 2122696
3591291 2121499
3591300 2120734
3591865 2120522
ID 51510
3627369 2131351
3626955 2125868
3626923 2125360
3621188 2123978
3616542 2125803
3619434 2130026
3620648 2131554
3627369 2131351
ID 51600
3599437 2133720
3602575 2134471
3605216 2133586
3605638 2132638
3605493 2129327
3603224 2128473
3600142 2128516
3597833 2130797
3598064 2132122
3599437 2133720
ID 51685
3587024 2123643
3588053 2124897
3588698 2125624
3589941 2125497
3592045 2124401
3592589 2123896
3592478 2123168
3591749 2122275
3590662 2122084
3589394 2121726
3588740 2122521
3587024 2123643
ID 51685
3591865 2120522
3591300 2120734
3591291 2121499
3592267 2122696
3593135 2122873
3594159 2122308
3594438 2121145
3593396 2119609
3591865 2120522
ID 51683
3587024 2123643
3588740 2122521
3589394 2121726
3589968 2121027
3589447 2117720
3584462 2114330
3582354 2115730
3582059 2117664
3582471 2118804
3584869 2122249
3586952 2123690
3587024 2123643
ID 51047
3549088 2114370
3555314 2105336
3559031 2096274
3564577 2085656
3565193 2084779
3566455 2084056
3567585 2083720
3575516 2082844
3577012 2078198
3569704 2077324
3568502 2078279
3564681 2080202
3556441 2079638
3551559 2078905
3544280 2075915
3535501 2071638
3523401 2096109
3528189 2094918
3539546 2106485
3549088 2114370
ID 51133
3673859 2042720
3675114 2041384
3683086 2035395
3685290 2034548
3688050 2033900
3688751 2033649
3689501 2033380
3689679 2033282
3696439 2029553
3699073 2027152
3697939 2020895
3693817 2004799
3692034 2003576
3675337 2021012
3663940 2034959
3673859 2042720
ID 51097
3615996 2025825
3625647 2034067
3629946 2024680
3632678 2019721
3638134 2015020
3641874 2015038
3646168 2015905
3649507 2015605
3650537 2014725
3653727 2010099
3654176 2008342
3663007 1994591
3661817 1986351
3661996 1985379
3663801 1982667
3664013 1981564
3663921 1981064
3663545 1980161
3662565 1978840
3658238 1975416
3655535 1979335
3650990 1984857
3651475 1985396
3652252 1988558
3652191 1988971
3650535 1992815
3639702 2003535
3624987 2011666
3618844 2024738
3617039 2026449
3615996 2025825
ID 51073
3682346 1985142
3685229 1972604
3684608 1972733
3682685 1970204
3682026 1968714
3682974 1967410
3687275 1962305
3690473 1959122
3690756 1958643
3689631 1958202
3683744 1956189
3677587 1954690
3663100 1969831
3658238 1975416
3662565 1978840
3663545 1980161
3663921 1981064
3664013 1981564
3663801 1982667
3661996 1985379
3661817 1986351
3663007 1994591
3682346 1985142
ID 51115
3682346 1985142
3690072 1987693
3695066 1985676
3695552 1985423
3696199 1984739
3697684 1981838
3698894 1978082
3699525 1973306
3699690 1971391
3699441 1970085
3696571 1963794
3693907 1965838
3685229 1972604
3682346 1985142
ID 51127
3621505 1996495
3627702 1993478
3645342 1990219
3650990 1984857
3655535 1979335
3641334 1969148
3616970 1981293
3612372 1986290
3621505 1996495
ID 51095
3655535 1979335
3658238 1975416
3663100 1969831
3657787 1962287
3657195 1963348
3655077 1962039
3655035 1956724
3655521 1955707
3656358 1954744
3658158 1954301
3661174 1954106
3662836 1954344
3663895 1954912
3663871 1955405
3669441 1951563
3667215 1948048
3657633 1951375
3643524 1952022
3641334 1969148
3655535 1979335
ID 51041
3574761 1988776
3579876 1988070
3581976 1982676
3586123 1975532
3595526 1976172
3610689 1969041
3608982 1962333
3607810 1961457
3603331 1961339
3599650 1953797
3599428 1953506
3599468 1956522
3599779 1957105
3599858 1958244
3598918 1959311
3596990 1959382
3595217 1957974
3594378 1957056
3594436 1955253
3595472 1952138
3593431 1951237
3575358 1955775
3573835 1958798
3570159 1959603
3569718 1959474
3567795 1957799
3567595 1956303
3567437 1956073
3566910 1955894
3565879 1956061
3565320 1956339
3555158 1966787
3555063 1968719
3555315 1972456
3555530 1972643
3557097 1972629
3574761 1988776
ID 51036
3616970 1981293
3641334 1969148
3643524 1952022
3635552 1954710
3608982 1962333
3610689 1969041
3616970 1981293
ID 51199
3657787 1962287
3663100 1969831
3677587 1954690
3677182 1953883
3678057 1952964
3680051 1951965
3686921 1953134
3687312 1952902
3687416 1950061
3687432 1949632
3687292 1948117
3686743 1946386
3687194 1939937
3683573 1938593
3669441 1951563
3663871 1955405
3663702 1958785
3661752 1961118
3660680 1961064
3658144 1961648
3657787 1962287
ID 51023
3396550 2011360
3411732 1985630
3409900 1982941
3404184 1976726
3403670 1976479
3403210 1976404
3400341 1977104
3399031 1978986
3397987 1980131
3397358 1980435
3395793 1980265
3394724 1979563
3385735 1972182
3385849 1965770
3380515 1961195
3360681 1974084
3363035 1976339
3370166 1987469
3365139 1996413
3364776 1998011
3365806 1998979
3367656 2000129
3375694 2006083
3379514 2010001
3380920 2011699
3381648 2013145
3381489 2013706
3384037 2015741
3396550 2011360
ID 51830
3663871 1955405
3663895 1954912
3662836 1954344
3661174 1954106
3658158 1954301
3656358 1954744
3655521 1955707
3655035 1956724
3655077 1962039
3657195 1963348
3657787 1962287
3658144 1961648
3660680 1961064
3661752 1961118
3663702 1958785
3663871 1955405
ID 51007
3532564 1976549
3533260 1975506
3535216 1975345
3537713 1976291
3541308 1978451
3545307 1980185
3550897 1979661
3553144 1978921
3553512 1978583
3555882 1975802
3557097 1972629
3555530 1972643
3555315 1972456
3555063 1968719
3555158 1966787
3565320 1956339
3565879 1956061
3566910 1955894
3567437 1956073
3567595 1956303
3567795 1957799
3569718 1959474
3570159 1959603
3573835 1958798
3575358 1955775
3562520 1947616
3523835 1958916
3523474 1966902
3532564 1976549
ID 51700
3669441 1951563
3683573 1938593
3687068 1925797
3686018 1923987
3685374 1924106
3684478 1924740
3667272 1940959
3666674 1941807
3667215 1948048
3669441 1951563
ID 51149
3607810 1961457
3608982 1962333
3635552 1954710
3619538 1939308
3598087 1925805
3597788 1945549
3601209 1943991
3603598 1948151
3603549 1950905
3599650 1953797
3603331 1961339
3604355 1956360
3606266 1954388
3610267 1956517
3611220 1958529
3610535 1959618
3608251 1961410
3607810 1961457
ID 51670
3603331 1961339
3607810 1961457
3608251 1961410
3610535 1959618
3611220 1958529
3610267 1956517
3606266 1954388
3604355 1956360
3603331 1961339
ID 51181
3643524 1952022
3657633 1951375
3662979 1942821
3646955 1926901
3637797 1920989
3636578 1927153
3629413 1934311
3629030 1933964
3626711 1934362
3620098 1938180
3619732 1938546
3619515 1939008
3619538 1939308
3635552 1954710
3643524 1952022
ID 51019
3417264 1994911
3439335 1977957
3432411 1977222
3432905 1965749
3416109 1932628
3402641 1931265
3380424 1951903
3380515 1961195
3385849 1965770
3385735 1972182
3394724 1979563
3395793 1980265
3397358 1980435
3397987 1980131
3399031 1978986
3400341 1977104
3403210 1976404
3403670 1976479
3404184 1976726
3409900 1982941
3411732 1985630
3417264 1994911
ID 51019
3407022 1965772
3405711 1966017
3405224 1964020
3406760 1961599
3407965 1960823
3411685 1960672
3413730 1965087
3411625 1967024
3407509 1966937
3407022 1965772
ID 51570
3595472 1952138
3594436 1955253
3594378 1957056
3595217 1957974
3596990 1959382
3598918 1959311
3599858 1958244
3599779 1957105
3599468 1956522
3599428 1953506
3599301 1953338
3598568 1953018
3598223 1953127
3597309 1952914
3596169 1952446
3595472 1952138
ID 51045
3365806 1998979
3364776 1998011
3365139 1996413
3370166 1987469
3363035 1976339
3360681 1974084
3355218 1970689
3349401 1969415
3344897 1966530
3343845 1965315
3328598 1962758
3325112 1974829
3328031 1976452
3339516 1983191
3339514 1983195
3338223 1987136
3341993 1992137
3348075 1997106
3349445 1995807
3354764 1993501
3364113 1999767
3365806 1998979
ID 51730
3599428 1953506
3599650 1953797
3603549 1950905
3603598 1948151
3601209 1943991
3597788 1945549
3594829 1945881
3592342 1948127
3593431 1951237
3595472 1952138
3596169 1952446
3597309 1952914
3598223 1953127
3598568 1953018
3599301 1953338
3599428 1953506
ID 51053
3575358 1955775
3593431 1951237
3592342 1948127
3594829 1945881
3597788 1945549
3598087 1925805
3578572 1912811
3575077 1914629
3554340 1924935
3562520 1947616
3575358 1955775
ID 51183
3619538 1939308
3619515 1939008
3619732 1938546
3620098 1938180
3626711 1934362
3629030 1933964
3629413 1934311
3636578 1927153
3637797 1920989
3595639 1894097
3590272 1895518
3584160 1909271
3578572 1912811
3598087 1925805
3619538 1939308
ID 51071
3291251 1976208
3298910 1969818
3311114 1975776
3312122 1976269
3322087 1981415
3325112 1974829
3328598 1962758
3313040 1955329
3290782 1945051
3280107 1961495
3291149 1976366
3291251 1976208
ID 51161
3360681 1974084
3380515 1961195
3380424 1951903
3374418 1945300
3370766 1942487
3370001 1942244
3368103 1942894
3363159 1945800
3355278 1940924
3350823 1939952
3350948 1941827
3349913 1953202
3345789 1959243
3343845 1965315
3344897 1966530
3349401 1969415
3355218 1970689
3360681 1974084
ID 51161
3365347 1961719
3359363 1961722
3358824 1956106
3364472 1954904
3364655 1954369
3370546 1950643
3371292 1950475
3373142 1951610
3375320 1954074
3377835 1959245
3377654 1960589
3377341 1961015
3375449 1962532
3369925 1964460
3365599 1962055
3365347 1961719
ID 51770
3365347 1961719
3365599 1962055
3369925 1964460
3375449 1962532
3377341 1961015
3377654 1960589
3377835 1959245
3375320 1954074
3373142 1951610
3371292 1950475
3370546 1950643
3364655 1954369
3364472 1954904
3364000 1956291
3365009 1961266
3365347 1961719
ID 51775
3365347 1961719
3365009 1961266
3364000 1956291
3364472 1954904
3358824 1956106
3359363 1961722
3365347 1961719
ID 51121
3343845 1965315
3345789 1959243
3349913 1953202
3350948 1941827
3350823 1939952
3341358 1936288
3336080 1930945
3335755 1930359
3331414 1928806
3324366 1927088
3317981 1926317
3315269 1937040
3317725 1938307
3321781 1941698
3322708 1942849
3322347 1945054
3320587 1945843
3319753 1945404
3319033 1945296
3318244 1945312
3313040 1955329
3328598 1962758
3343845 1965315
ID 51067
3380424 1951903
3402641 1931265
3398238 1910657
3388580 1904498
3383739 1903743
3368915 1907564
3362365 1904322
3345212 1913263
3355278 1940924
3363159 1945800
3368103 1942894
3370001 1942244
3370766 1942487
3374418 1945300
3380424 1951903
ID 51155
3313040 1955329
3318244 1945312
3317347 1945330
3315271 1944471
3313165 1942949
3312662 1941794
3312744 1940480
3313215 1939018
3314668 1936730
3315269 1937040
3317981 1926317
3309826 1920633
3300195 1915001
3285409 1936959
3290782 1945051
3313040 1955329
ID 51063
3355278 1940924
3345212 1913263
3324427 1895536
3309826 1920633
3317981 1926317
3324366 1927088
3331414 1928806
3335755 1930359
3336080 1930945
3341358 1936288
3350823 1939952
3355278 1940924
ID 51750
3315269 1937040
3314668 1936730
3313215 1939018
3312744 1940480
3312662 1941794
3313165 1942949
3315271 1944471
3317347 1945330
3318244 1945312
3319033 1945296
3319753 1945404
3320587 1945843
3322347 1945054
3322708 1942849
3321781 1941698
3317725 1938307
3315269 1937040
ID 51197
3300195 1915001
3273053 1907648
3253346 1903408
3243486 1924736
3251990 1931868
3257587 1934904
3266612 1932733
3274401 1934135
3285409 1936959
3300195 1915001
ID 51035
3309826 1920633
3324427 1895536
3320408 1889332
3318816 1888494
3317465 1888173
3316796 1888399
3314124 1890587
3313099 1890670
3312607 1890532
3310566 1886418
3309810 1884510
3310811 1879114
3290601 1879715
3284915 1888584
3285016 1889602
3287217 1892171
3288932 1895098
3286384 1896027
3283424 1895855
3282259 1894740
3281340 1894208
3281302 1894175
3273053 1907648
3300195 1915001
3309826 1920633
ID 51141
3345212 1913263
3362365 1904322
3358766 1903667
3357614 1902758
3357547 1902389
3357577 1896311
3359089 1891770
3360108 1890131
3360535 1888860
3361240 1883794
3360825 1876393
3326208 1877941
3310811 1879114
3309810 1884510
3310566 1886418
3312607 1890532
3313099 1890670
3314124 1890587
3316796 1888399
3317465 1888173
3318816 1888494
3320408 1889332
3324427 1895536
3345212 1913263
ID 51077
3273053 1907648
3281302 1894175
3280578 1893542
3279915 1891748
3279829 1890535
3280171 1889445
3281967 1886273
3283778 1886387
3284777 1887179
3284915 1888584
3290601 1879715
3284897 1880153
3244508 1882751
3215539 1885190
3218371 1887737
3222146 1890586
3253346 1903408
3273053 1907648
ID 51640
3281302 1894175
3281340 1894208
3282259 1894740
3283424 1895855
3286384 1896027
3288932 1895098
3287217 1892171
3285016 1889602
3284915 1888584
3284777 1887179
3283778 1886387
3281967 1886273
3280171 1889445
3279829 1890535
3279915 1891748
3280578 1893542
3281302 1894175
