ID 50
578629.6 279728.1
575885.7 276464.1
569104.1 250074.7
569286.5 248095.6
571437.9 244594.6
573834 239481.4
575136.3 236705.9
575339.2 236080.8
576528.6 232420.6
573135.6 223331.8
571661.5 221130.5
571632 221086.4
571127.7 220562.5
565718.3 214950.7
565296.2 214513.5
564675.3 214016.2
563302.8 212917.5
563005.9 212679.9
560143 211513.6
558582.8 212060.0
551861.6 206769.0
545712.1 204788.3
539697.6 202857.8
539185 202603.2
538913.5 202468.3
535208.8 198539.5
534690.9 197536.2
534507.8 196839.7
534835.3 187609.0
535748 185393.3
536777.2 184065.5
523693.5 141255.8
513756.5 122235.2
508422.2 113378.2
507786.2 95328.35
508343 90709.33
505636.1 81451.83
503895.4 73474.6
505444.5 68877.25
505480.5 68216.95
504585.1 56237.23
495406.5 40763.29
495448.3 39589.09
496500.7 34267.70
503397.2 25199.95
464767.4 26614.85
457184.9 26917.99
437370.4 27603.15
436807.8 49573.26
438766.1 90777.35
439597.1 113017.4
427272.4 119136.1
425001.7 120839.5
424797.6 121318.6
425646.6 127786.2
427152.5 132042.6
430684.8 139592.4
429252.2 145727.3
428547.9 148403.1
424912.7 171798.1
424877.7 172230.8
424874.2 172274.4
425571.3 175884.0
426481.1 179358.2
428801.6 188235.6
434266.7 196412.9
435061 210132.0
436616.7 214542.5
436820.6 215714.5
436809.7 215814.6
436362.3 219913.9
435845.6 222550.7
433359.9 227744.4
431497.7 229605.9
430552.4 230953.5
429346.2 235733.9
431230 259139
432961.1 277477.2
433537.2 279309
445456.4 279500.1
495651.6 279073.7
547507.4 278955
578629.6 279728.1
