ID 50009
547507.4 278955
578629.6 279728.1
575885.7 276464.1
569104.1 250074.7
569286.5 248095.6
571437.9 244594.6
573834 239481.4
575136.3 236705.9
575339.2 236080.8
576528.6 232420.6
573135.6 223331.8
571661.5 221130.5
571632 221086.4
571127.7 220562.5
565718.3 214950.7
565296.2 214513.5
564675.3 214016.2
563302.8 212917.5
563005.9 212679.9
560143 211513.6
558582.8 212060.0
551861.6 206769.0
545114.1 215816.7
547010.2 238511.7
552507.3 246483.4
544334.8 252244.7
541600.5 254169.7
545131.2 267615.7
547507.4 278955
ID 50019
547507.4 278955
545131.2 267615.7
541600.5 254169.7
544334.8 252244.7
539981.3 246230.0
537592.9 245176.4
530526.2 250007.7
523950.8 236758.4
518837 226928.7
509943.5 231552.5
508887.8 233247.1
504392.1 242887.1
505073 247676.8
493814.1 253489.2
495651.6 279073.7
547507.4 278955
ID 50011
495651.6 279073.7
493814.1 253489.2
491131 255715.8
480424.7 254026.3
472181.5 245711.1
466348.6 237069.1
442257.9 247220.4
445456.4 279500.1
495651.6 279073.7
ID 50013
445456.4 279500.1
442257.9 247220.4
431497.7 229605.9
430552.4 230953.5
429346.2 235733.9
431230 259139
432961.1 277477.2
433537.2 279309
445456.4 279500.1
ID 50005
544334.8 252244.7
552507.3 246483.4
547010.2 238511.7
545114.1 215816.7
551861.6 206769.0
545712.1 204788.3
539697.6 202857.8
539185 202603.2
538913.5 202468.3
535208.8 198539.5
534690.9 197536.2
534507.8 196839.7
534835.3 187609.0
535748 185393.3
536777.2 184065.5
526360.8 188032.4
515593.1 187008.7
510522.3 189321.7
521959.4 210650.2
522531.5 212355.8
522231.6 213530.6
521983.6 213863.3
505223.2 222876.7
509943.5 231552.5
518837 226928.7
523950.8 236758.4
530526.2 250007.7
537592.9 245176.4
539981.3 246230.0
544334.8 252244.7
ID 50015
493814.1 253489.2
505073 247676.8
504392.1 242887.1
508887.8 233247.1
509943.5 231552.5
505223.2 222876.7
500752.6 213940.3
487699.9 210899.6
475724.7 216872.6
466348.6 237069.1
472181.5 245711.1
480424.7 254026.3
491131 255715.8
493814.1 253489.2
ID 50007
442257.9 247220.4
466348.6 237069.1
475724.7 216872.6
472985.4 211514.1
467161.1 198030.4
468388.8 197414.9
463772.3 184669.8
462613.9 194493.4
458767.7 198402.7
438455.9 195831.8
434266.7 196412.9
435061 210132.0
436616.7 214542.5
436820.6 215714.5
436809.7 215814.6
436362.3 219913.9
435845.6 222550.7
433359.9 227744.4
431497.7 229605.9
442257.9 247220.4
ID 50023
505223.2 222876.7
521983.6 213863.3
522231.6 213530.6
522531.5 212355.8
521959.4 210650.2
510522.3 189321.7
506412.6 191196.7
492854.5 184453.3
489672.5 176498.5
485264.1 168094.4
480634.9 169947.8
463772.3 184669.8
468388.8 197414.9
467161.1 198030.4
472985.4 211514.1
475724.7 216872.6
487699.9 210899.6
500752.6 213940.3
505223.2 222876.7
ID 50017
536777.2 184065.5
523693.5 141255.8
513963 145178.9
491918.5 153444.2
483309.3 156704.3
477258.7 158787.2
476672.3 160653.1
476644.8 162422.5
480634.9 169947.8
485264.1 168094.4
489672.5 176498.5
492854.5 184453.3
506412.6 191196.7
510522.3 189321.7
515593.1 187008.7
526360.8 188032.4
536777.2 184065.5
ID 50001
434266.7 196412.9
438455.9 195831.8
458767.7 198402.7
462613.9 194493.4
463772.3 184669.8
480634.9 169947.8
476644.8 162422.5
473835.2 158116.2
469769.4 155819.8
462076.4 152122.7
462682.7 148938.3
463090.5 147481.0
457340 149765.6
447224 149373.2
442223.2 148795.5
443137.5 140960.6
430684.8 139592.4
429252.2 145727.3
428547.9 148403.1
424912.7 171798.1
424877.7 172230.8
424874.2 172274.4
425571.3 175884.0
426481.1 179358.2
428801.6 188235.6
434266.7 196412.9
ID 50027
476644.8 162422.5
476672.3 160653.1
477258.7 158787.2
483309.3 156704.3
491918.5 153444.2
513963 145178.9
523693.5 141255.8
513756.5 122235.2
508422.2 113378.2
507786.2 95328.35
508343 90709.33
505636.1 81451.83
495786.7 81730.31
484931.2 80266.61
474067.5 83975.07
470148.7 89017.62
473590.2 97840.9
479810.1 108277.9
483797.9 131421.0
477111.6 145955.1
476121.5 147733.9
469888.2 150946.0
463090.5 147481.0
462682.7 148938.3
462076.4 152122.7
469769.4 155819.8
473835.2 158116.2
476644.8 162422.5
ID 50021
430684.8 139592.4
443137.5 140960.6
442223.2 148795.5
447224 149373.2
457340 149765.6
463090.5 147481.0
469888.2 150946.0
476121.5 147733.9
477111.6 145955.1
483797.9 131421.0
479810.1 108277.9
473590.2 97840.9
470148.7 89017.62
438766.1 90777.35
439597.1 113017.4
427272.4 119136.1
425001.7 120839.5
424797.6 121318.6
425646.6 127786.2
427152.5 132042.6
430684.8 139592.4
ID 50025
474067.5 83975.07
484931.2 80266.61
495786.7 81730.31
505636.1 81451.83
503895.4 73474.6
505444.5 68877.25
505480.5 68216.95
504585.1 56237.23
495406.5 40763.29
495448.3 39589.09
496500.7 34267.70
503397.2 25199.95
464767.4 26614.85
465601 47495.57
458526.6 47900.69
459346.2 66534.35
459558.8 68892.3
469989.1 68179.99
470582.1 78389.73
471752.5 84760.87
474067.5 83975.07
ID 50003
474067.5 83975.07
471752.5 84760.87
470582.1 78389.73
469989.1 68179.99
459558.8 68892.3
459346.2 66534.35
458526.6 47900.69
465601 47495.57
464767.4 26614.85
457184.9 26917.99
437370.4 27603.15
436807.8 49573.26
438766.1 90777.35
470148.7 89017.62
474067.5 83975.07
