ID 53
344713.6 343621.6
345548.7 342435.4
350450.7 333990.2
351119.3 332818.3
351228.4 331739.8
351139.3 331442.1
349848.5 330120.5
349229.7 329796
347682 329732.3
347198.3 329806.0
346008.3 331266.1
345333.6 331627.1
344188.6 331692.6
342771.4 331269.4
342140.7 330711.3
340147.5 328104.8
338842.4 325418
338852.8 323565.3
346736.2 311739.1
349111 309114
350018.5 309202.1
351660.6 308793.7
358245.3 302214.3
360849.6 297688
360913.8 294367.8
360348.8 291676.3
358204.4 289045.0
355646.2 288724.2
345410.7 300606.8
342133.8 306735.9
339345.1 311564.3
332079.5 321732.7
332713.3 327753.8
339671.5 343299.6
340823 343612
341154.3 343701.9
342893.6 343418.2
343204.6 343831
343770 344307.7
344337.7 344108.1
344713.6 343621.6
ID 53
328814.0 345924.6
324216.8 345601.6
323506.4 345689.5
322216.1 346250.7
321722.8 350170.8
322212.5 354235.5
323326.1 356919.4
326716.9 357674.7
332104.2 359278.1
331692 356466.8
331541.0 355481.9
329477.9 346619.9
328814.0 345924.6
ID 53
316241.7 352237.8
314570.0 349578
312152.2 350630.7
306334.4 354446.7
304753.9 355914.8
304077.9 356901.9
303237.5 358665.6
300555.5 365510.8
300552.7 366174.9
301132.6 367365.9
302465.2 368997.1
304445.6 369105.1
308382.2 368819.9
309636.9 363146.4
313197 357759.5
316241.7 352237.8
ID 53
330602.7 363616.8
317400.5 358969.3
315546.6 362459.1
313126.4 367647.8
312690.8 369378.5
315004.6 372252.6
320160.2 377841.6
321958.5 378541.2
323704.5 378657.7
325068.2 378292.5
328173.6 376647.1
334691 372430.4
334758.2 372283.6
333768.5 371067.6
331597.5 369561.4
330981.5 369365.9
329646.2 367794.5
329689.9 367378.6
329921.5 365214.8
330165.8 364038.2
330602.7 363616.8
ID 53
315300.8 408120.4
314803.2 407762.6
310729.1 408139.2
310332.1 411029.4
310828.2 411015.6
314369.3 410918
314374.9 410901.3
315300.8 408120.4
ID 53
753862.9 413185.4
754548.8 396212.4
757831 307160.1
758148.6 299584.7
761280.3 231674.8
761788.4 219818.9
762447 205156.9
765304 140139.2
765868.9 127218.0
765546.5 122102.9
770482.3 113248.4
770699.8 112878.2
773002.8 107162.7
775979.1 98014.3
775081.8 87213.06
777547.6 79896.92
733875.2 78340.96
724345.1 78096.47
695338.3 77300.68
693855.7 77263.71
617181.2 75207.75
615564.8 72888.58
614152.7 71735.25
609077.8 68709.03
606546.3 67565.43
603192.6 66923.65
601173.1 66919.6
598821.2 67420.84
587178 65937.59
582846.3 65060.19
578535 64190.2
564468.1 58530.4
556477 57196.7
549090.2 56064.23
538901.1 53349.9
538795.1 53321.76
538773.4 53315.99
527895.7 48949.8
525637.4 47694.96
522516.8 43681.34
507480 40676.71
501373.8 40138.79
499543.4 40760.98
498289.7 41850.46
495371.9 45019.71
492905.7 45933.37
489497 45860.45
488048.8 44906.46
485255.5 42534.7
477496.1 39268.09
471159.8 36515.35
467575.9 34321.63
465394.5 36011.91
434758.7 41652.18
432046.2 41477.28
426705.8 40889.51
420410.4 44014.27
412301.2 42039.15
405961.7 40898.38
403799.4 40846.27
397888.3 42355.91
393512.7 40931.26
390766.6 38471.44
389134.6 36030.97
363418.4 25346.80
362182.3 24989.02
362026 24943.8
359823.3 24960.18
359753.1 24974.67
356977.5 25548.16
332773.1 32995.94
330373.2 33984.55
325535.6 37021.95
323574.2 38523.48
322815.1 41136.06
323032.4 43264.75
323918.0 46420.66
322505.9 60059.17
322599.1 61964.9
320654.6 72394.42
315527.3 83588.59
314087.7 86240.36
298090.2 98040.6
294207.0 98582.7
290545.9 96880.15
278819.3 94369.9
278218.1 94406.29
273777.6 98513.1
274221.8 103782.1
272768.1 106114.6
271199.8 107808.4
270743.6 108192.6
270514.1 108261.8
270027.6 108408.6
270026.7 108408.8
270026.3 108408.8
265097.4 107438.2
251356.1 111393.9
239749.5 106321.4
237174 107066.8
225617.2 116635.3
227035.8 135089.9
229261.7 131611.9
231146.9 131195.6
231979.5 131495.5
235650.8 132911.4
239471.3 137804.3
239727.7 139391.2
240325.9 155680.6
239016.0 162151.3
233418.1 158634.1
232175.2 158114.0
230760.1 158915.4
226417.5 162007.4
225850.1 162542.3
225596.5 162781.5
225288.5 163304.9
225390.8 168636.5
223950.4 178233.3
226311.3 180502.0
229856.3 179540.8
242519.3 184099.7
244197.2 184937.2
244287.0 184982.0
243132.9 186421.9
232055.5 194599.4
229110.4 195950.7
226041.8 196257.2
211557.3 231765.9
211266.6 233120.5
210575.1 238540.9
209937.8 251664.8
209830.3 253015.2
209195.3 257511.1
208329.5 262730.0
205690.1 274676.6
205332.5 275564.5
201296.5 283643.4
200711.0 284298.5
196145.7 289388.1
196051.1 289459
195898.8 289573.1
194284.2 290783
192594.4 291188.5
191292.2 293064.8
188722.9 302710.5
185944.4 321883.8
186553.4 347245.9
187025.5 347761.4
187705.8 348144.3
192424.5 347995.6
195419.7 346445.1
198231.3 344967.5
201643.4 342875.7
202712.0 342176.7
209631.1 337112.1
235945.7 322153.5
241062.1 320479.5
249515.8 319002.9
282234.1 313608.7
297711.2 314072.0
308922.9 312946.9
317355.5 310189.4
326315.1 313957.5
329996.5 314803.1
331755.5 314782
337074.7 310005.7
338986.7 289284.5
331591.1 276659
330719.2 271922.4
330636.0 270622.3
331149.2 270190.8
342240.0 282614.9
343625.3 289897.1
346836.9 289429.3
348404.3 287921.4
349350.2 285107.7
350471.1 274609.9
350029.6 252627.4
350344.7 244088.2
347674.5 231993.1
346602.5 227141.1
355004.2 222663.2
361194.9 224825.5
362127.4 225593.5
362170 230374.4
361989.6 231390.6
359718.6 240429.8
357074 263626.7
357869.4 273443.2
357825.7 273652.7
358046 276272.4
365000.7 292327.5
367185.5 293101.0
369361.7 293385
370805.5 294622.4
371095.2 295227.8
371295.0 299696.4
370821.4 301180.7
367192.7 303477.2
362683.3 308902.8
361218.0 311863.1
361130.9 312075.6
361222.8 314908.5
361377.7 317478.6
359144.8 323545.7
358470.8 326219.4
360604.5 331205.5
358422.1 334458.8
351978.7 349582.6
354142.9 350622.8
354309.5 350781.4
357936.1 364863
356271.0 367475.1
353565.8 369761.2
351332.1 377669.1
342156.8 385916.7
332441.9 398394.3
329816.3 403673.9
329766.8 404069.7
330186.8 405288.7
331738.6 407365.1
333445.9 409098.4
334672.2 410323.5
360441.4 409630
382963.0 409119.3
408368.3 408131.9
454141.3 408033.8
474339.4 407884.1
474339.4 407884.1
558494.6 408019.5
600167.5 408592.3
621781.5 409001.8
668644.6 410167.5
724800 412065.8
753862.9 413185.4
