ID 53073
310332.1 411029.4
310828.2 411015.6
314369.3 410918
314374.9 410901.3
315300.8 408120.4
314803.2 407762.6
310729.1 408139.2
310332.1 411029.4
ID 53073
474339.4 407884.1
477917.2 402551.3
480114.4 398292.9
487498 377993.7
487626.2 376697.9
482544.5 370297.9
481422.4 369614.0
473636.8 369022.8
469728.2 367815.9
444606.5 368007.6
380697.4 369541.8
355154.3 370014.5
353565.8 369761.2
351332.1 377669.1
342156.8 385916.7
332441.9 398394.3
329816.3 403673.9
329766.8 404069.7
330186.8 405288.7
331738.6 407365.1
333445.9 409098.4
334672.2 410323.5
360441.4 409630
382963.0 409119.3
408368.3 408131.9
454141.3 408033.8
474339.4 407884.1
ID 53009
192594.4 291188.5
191292.2 293064.8
188722.9 302710.5
185944.4 321883.8
186553.4 347245.9
187025.5 347761.4
187705.8 348144.3
192424.5 347995.6
195419.7 346445.1
198231.3 344967.5
201643.4 342875.7
202712.0 342176.7
209631.1 337112.1
235945.7 322153.5
241062.1 320479.5
249515.8 319002.9
282234.1 313608.7
297711.2 314072.0
308922.9 312946.9
317355.5 310189.4
316792 284509.3
274823.6 285916.2
268842 287226.9
256842.7 288285.7
228812.1 289431.7
210133.9 290390.9
205487.8 290792.7
192594.4 291188.5
ID 53055
331597.5 369561.4
330981.5 369365.9
329646.2 367794.5
329689.9 367378.6
329921.5 365214.8
330165.8 364038.2
330602.7 363616.8
317400.5 358969.3
315546.6 362459.1
313126.4 367647.8
312690.8 369378.5
315004.6 372252.6
320160.2 377841.6
321958.5 378541.2
323704.5 378657.7
325068.2 378292.5
328173.6 376647.1
334691 372430.4
334758.2 372283.6
333768.5 371067.6
331597.5 369561.4
ID 53055
308382.2 368819.9
309636.9 363146.4
313197 357759.5
316241.7 352237.8
314570.0 349578
312152.2 350630.7
306334.4 354446.7
304753.9 355914.8
304077.9 356901.9
303237.5 358665.6
300555.5 365510.8
300552.7 366174.9
301132.6 367365.9
302465.2 368997.1
304445.6 369105.1
308382.2 368819.9
ID 53055
322216.1 346250.7
321722.8 350170.8
322212.5 354235.5
323326.1 356919.4
326716.9 357674.7
332104.2 359278.1
331692 356466.8
331541.0 355481.9
329477.9 346619.9
328814.0 345924.6
324216.8 345601.6
323506.4 345689.5
322216.1 346250.7
ID 53047
474339.4 407884.1
558494.6 408019.5
600167.5 408592.3
621781.5 409001.8
622097.8 399046.2
621661.8 379978.1
620179.4 370387.9
620584 351287.1
622628.6 342603.7
623549.7 293673.9
623101.3 293020.1
614055 291267.8
613351.2 293306.4
614690.1 295993.6
615465 298278.3
615582.1 299658.7
609449.1 310293.7
608597.5 311332.5
607030.9 312805.8
601949.8 314117.8
600395.8 313519.7
593031.7 308631.6
586426.7 302581.6
566666 298141.1
560633.7 301355.4
560655.3 307098.3
553916 307962.6
548886.2 305140.0
545589.1 302954.4
545297.1 302635.5
545219.2 302279.1
545995.3 293658.3
546153.8 293259.5
547036.2 292215.6
539185.5 292177.8
532124.4 293378.3
511080.9 318078.8
494900.5 338304.2
488511.2 354528.2
487886.4 355797.2
485106.5 355593.5
481422.4 369614.0
482544.5 370297.9
487626.2 376697.9
487498 377993.7
480114.4 398292.9
477917.2 402551.3
474339.4 407884.1
ID 53057
481422.4 369614.0
485106.5 355593.5
473361.8 357125.5
466753.2 355487.5
459441.1 350667.8
458902.7 349837
458414 347693.3
457990.6 332759.1
462782.7 329430.7
425685.9 329826.9
420047.4 330067.9
400831.8 330426.5
360604.5 331205.5
358422.1 334458.8
351978.7 349582.6
354142.9 350622.8
354309.5 350781.4
357936.1 364863
356271.0 367475.1
353565.8 369761.2
355154.3 370014.5
380697.4 369541.8
444606.5 368007.6
469728.2 367815.9
473636.8 369022.8
481422.4 369614.0
ID 53029
342893.6 343418.2
343204.6 343831
343770 344307.7
344337.7 344108.1
344713.6 343621.6
345548.7 342435.4
350450.7 333990.2
351119.3 332818.3
351228.4 331739.8
351139.3 331442.1
349848.5 330120.5
349229.7 329796
347682 329732.3
347198.3 329806.0
346008.3 331266.1
345333.6 331627.1
344188.6 331692.6
342771.4 331269.4
342140.7 330711.3
340147.5 328104.8
338842.4 325418
338852.8 323565.3
346736.2 311739.1
349111 309114
350018.5 309202.1
351660.6 308793.7
358245.3 302214.3
360849.6 297688
360913.8 294367.8
360348.8 291676.3
358204.4 289045.0
355646.2 288724.2
345410.7 300606.8
342133.8 306735.9
339345.1 311564.3
332079.5 321732.7
332713.3 327753.8
339671.5 343299.6
340823 343612
341154.3 343701.9
342893.6 343418.2
ID 53019
621781.5 409001.8
668644.6 410167.5
667653.6 408535.2
666954.2 406884
667098.2 403019
667798 396687.7
669243.2 392774.4
670441.9 392148.3
673963.1 385271.8
674945.3 382226.7
676593.3 370984.9
675237 328868.9
674718.1 326338.3
669049.3 308690.3
661093.9 304180.6
659646.5 304103.9
656888.6 302055.4
656527.6 301600.8
656540 301133.8
661458.7 286905.3
660411.5 281003.4
659540.3 279988.1
658470.4 279701
657780.2 279718.2
654602.6 280718.9
649540.5 284305.0
646960.6 287284
633822.4 287922.9
633715.6 287206.8
631943.9 286846.2
625906.2 289114.9
625104.8 289873.5
623101.3 293020.1
623549.7 293673.9
622628.6 342603.7
620584 351287.1
620179.4 370387.9
621661.8 379978.1
622097.8 399046.2
621781.5 409001.8
ID 53031
192594.4 291188.5
205487.8 290792.7
210133.9 290390.9
228812.1 289431.7
256842.7 288285.7
268842 287226.9
274823.6 285916.2
316792 284509.3
317355.5 310189.4
326315.1 313957.5
329996.5 314803.1
331755.5 314782
337074.7 310005.7
338986.7 289284.5
331591.1 276659
330719.2 271922.4
330636.0 270622.3
331149.2 270190.8
315761.5 255517.8
274137.1 257040.5
273759 247107.3
232917.5 248861.3
227038.8 250862.4
209937.8 251664.8
209830.3 253015.2
209195.3 257511.1
208329.5 262730.0
205690.1 274676.6
205332.5 275564.5
201296.5 283643.4
200711.0 284298.5
196145.7 289388.1
196051.1 289459
195898.8 289573.1
194284.2 290783
192594.4 291188.5
ID 53061
360604.5 331205.5
400831.8 330426.5
420047.4 330067.9
425685.9 329826.9
462782.7 329430.7
466082.6 319866.5
466351.6 313613.8
466264.7 308831.3
460840.7 305294.4
460393.3 305275
455158 303381.8
452380.7 301514.7
449715.6 289039.9
451101.1 279441.8
453604.4 272148.8
431045.2 272397.8
428366.7 272222.3
418718.1 272168.9
382003.8 272677.4
357869.4 273443.2
357825.7 273652.7
358046 276272.4
365000.7 292327.5
367185.5 293101.0
369361.7 293385
370805.5 294622.4
371095.2 295227.8
371295.0 299696.4
370821.4 301180.7
367192.7 303477.2
362683.3 308902.8
361218.0 311863.1
361130.9 312075.6
361222.8 314908.5
361377.7 317478.6
359144.8 323545.7
358470.8 326219.4
360604.5 331205.5
ID 53007
485106.5 355593.5
487886.4 355797.2
488511.2 354528.2
494900.5 338304.2
511080.9 318078.8
532124.4 293378.3
539185.5 292177.8
547036.2 292215.6
547642.1 290986.2
547842.5 290177.3
544229 283058.1
537853.2 272245.8
530941.7 270187.9
530422.4 270226.9
529870.3 270765.7
528679 271481.1
527665.4 271661.0
523291.2 269830.6
522338.6 269111.0
521794.4 268495.5
521060.9 267027.7
514842.9 243089
513834.6 237748.5
513725.4 236069.3
514410.5 233447.0
515612.5 229827.7
516116.4 228977.8
518645.7 227709.4
519900.3 227392.6
527980.2 226035.4
531264.1 223015.5
531496.5 222432.9
531283.5 218961.1
531026.9 216140.7
530691.2 214475.1
508398.5 214257.4
505903.2 215832.9
503843.7 217910.2
498522 221640.9
482402.1 229018.9
475128.4 232347.3
468129.9 235191.4
459674.1 244695.4
453851.3 251819.9
452956.1 258454.1
452789.5 260178.9
452876.1 260689.7
456188.6 265835.0
456525.5 267680.4
453604.4 272148.8
451101.1 279441.8
449715.6 289039.9
452380.7 301514.7
455158 303381.8
460393.3 305275
460840.7 305294.4
466264.7 308831.3
466351.6 313613.8
466082.6 319866.5
462782.7 329430.7
457990.6 332759.1
458414 347693.3
458902.7 349837
459441.1 350667.8
466753.2 355487.5
473361.8 357125.5
485106.5 355593.5
ID 53065
724800 412065.8
725081.9 403512.9
720204.3 399413
716218.5 393555.4
711205.3 382902
711576.8 373246.9
721118.3 373644.3
722824.6 328262.7
727950.5 315839.3
728374 306124.9
721058 305918.5
722067.8 277827.7
718927 277546.4
702793.2 278893.5
702003.1 279115.7
700603.5 280406.5
686445.5 278422.5
680944.9 278029.2
679931.5 280070.0
676704.3 285244.5
671271 292650.2
670960.4 292849.5
667447.6 291845.9
663310.7 288695.4
661458.7 286905.3
656540 301133.8
656527.6 301600.8
656888.6 302055.4
659646.5 304103.9
661093.9 304180.6
669049.3 308690.3
674718.1 326338.3
675237 328868.9
676593.3 370984.9
674945.3 382226.7
673963.1 385271.8
670441.9 392148.3
669243.2 392774.4
667798 396687.7
667098.2 403019
666954.2 406884
667653.6 408535.2
668644.6 410167.5
724800 412065.8
ID 53051
753862.9 413185.4
754548.8 396212.4
757831 307160.1
728374 306124.9
727950.5 315839.3
722824.6 328262.7
721118.3 373644.3
711576.8 373246.9
711205.3 382902
716218.5 393555.4
720204.3 399413
725081.9 403512.9
724800 412065.8
753862.9 413185.4
ID 53035
331149.2 270190.8
342240.0 282614.9
343625.3 289897.1
346836.9 289429.3
348404.3 287921.4
349350.2 285107.7
350471.1 274609.9
350029.6 252627.4
350344.7 244088.2
347674.5 231993.1
326306.4 232702.6
326787.4 245605.9
315497.5 246207.6
312202.3 246050.5
308892.8 246162.3
309609.4 247596.6
313928.6 254316.2
314307.0 254719.0
315761.5 255517.8
331149.2 270190.8
ID 53027
209937.8 251664.8
227038.8 250862.4
232917.5 248861.3
273759 247107.3
272536.9 218261.6
273074.9 198749.4
273504.7 198693.7
294867.3 198204.5
296922.4 165716.4
280882.1 166165.3
262849.8 167052.4
243820.9 167530.8
225390.8 168636.5
223950.4 178233.3
226311.3 180502.0
229856.3 179540.8
242519.3 184099.7
244197.2 184937.2
244287.0 184982.0
243132.9 186421.9
232055.5 194599.4
229110.4 195950.7
226041.8 196257.2
211557.3 231765.9
211266.6 233120.5
210575.1 238540.9
209937.8 251664.8
ID 53045
273759 247107.3
274137.1 257040.5
315761.5 255517.8
314307.0 254719.0
313928.6 254316.2
309609.4 247596.6
308892.8 246162.3
312202.3 246050.5
315497.5 246207.6
326787.4 245605.9
326306.4 232702.6
326115 227695.9
325823.9 224196.9
325104.6 222104.7
323983.7 220524.9
322701.8 219150.3
322205.4 218241.9
321939 216670.5
321958.3 216047.1
324112.9 209431.6
321492.6 206838.2
319549.1 205411.5
304500.7 197838.8
294867.3 198204.5
273504.7 198693.7
273074.9 198749.4
272536.9 218261.6
273759 247107.3
ID 53033
453604.4 272148.8
456525.5 267680.4
456188.6 265835.0
452876.1 260689.7
452789.5 260178.9
452956.1 258454.1
453851.3 251819.9
446031.7 248805.7
434354.2 236740.1
427053.1 226711.5
427181.7 225368.7
432143.7 200205.4
433208.7 195270.9
430410.9 195512.6
420339.9 199472.0
414267.3 202932.6
403166.4 205292.9
402181.3 205342.4
401748.6 205301.4
401234.1 204923.7
399111.7 203050.8
398960.2 202654.4
389697.9 203576.9
382706.1 205449.7
361109.0 216253.6
355004.2 222663.2
361194.9 224825.5
362127.4 225593.5
362170 230374.4
361989.6 231390.6
359718.6 240429.8
357074 263626.7
357869.4 273443.2
382003.8 272677.4
418718.1 272168.9
428366.7 272222.3
431045.2 272397.8
453604.4 272148.8
ID 53017
613351.2 293306.4
604266.8 293110.1
596327.4 284728.1
596418 278968.6
588649.7 255597.9
572891.4 234762.1
547083.4 234061.1
539075.4 221006.6
537335.3 209832.7
530691.2 214475.1
531026.9 216140.7
531283.5 218961.1
531496.5 222432.9
531264.1 223015.5
527980.2 226035.4
519900.3 227392.6
518645.7 227709.4
516116.4 228977.8
515612.5 229827.7
514410.5 233447.0
513725.4 236069.3
513834.6 237748.5
514842.9 243089
521060.9 267027.7
521794.4 268495.5
522338.6 269111.0
523291.2 269830.6
527665.4 271661.0
528679 271481.1
529870.3 270765.7
530422.4 270226.9
530941.7 270187.9
537853.2 272245.8
544229 283058.1
547842.5 290177.3
547642.1 290986.2
547036.2 292215.6
546153.8 293259.5
545995.3 293658.3
545219.2 302279.1
545297.1 302635.5
545589.1 302954.4
548886.2 305140.0
553916 307962.6
560655.3 307098.3
560633.7 301355.4
566666 298141.1
586426.7 302581.6
593031.7 308631.6
600395.8 313519.7
601949.8 314117.8
607030.9 312805.8
608597.5 311332.5
609449.1 310293.7
615582.1 299658.7
615465 298278.3
614690.1 295993.6
613351.2 293306.4
ID 53053
326306.4 232702.6
347674.5 231993.1
346602.5 227141.1
355004.2 222663.2
361109.0 216253.6
382706.1 205449.7
389697.9 203576.9
398960.2 202654.4
399111.7 203050.8
401234.1 204923.7
401748.6 205301.4
402181.3 205342.4
403166.4 205292.9
414267.3 202932.6
420339.9 199472.0
430410.9 195512.6
433208.7 195270.9
433231 191647.3
425001.4 176087.1
427632.8 163037.2
427597.2 162615.2
427051.2 161654.5
403885.7 161950.1
402493.4 161195.9
401662.8 160457.6
399125.3 157748.0
398260.4 156314.0
382579.8 157765.2
369946 160270.6
356641.9 169125.3
354294.2 169566.8
351251.9 171009.0
348423.2 173500
337593.8 185752.0
334765.4 189363.4
332525.6 195883.1
324112.9 209431.6
321958.3 216047.1
321939 216670.5
322205.4 218241.9
322701.8 219150.3
323983.7 220524.9
325104.6 222104.7
325823.9 224196.9
326115 227695.9
326306.4 232702.6
ID 53025
613351.2 293306.4
614055 291267.8
615067.2 215429.3
615587.2 176507.2
596669.2 176287.7
586172.7 176139.9
586382.9 156668.6
580080 150129.4
580357.6 150622.5
580123.5 151300.5
577404.4 154341.7
576350.5 155132.6
575237.3 155420.0
574732 155018.8
572328.8 151879.0
570625.7 149349.1
568636 147376.3
566894 146160.2
565102.1 145650.2
551362 143814.0
548640.9 143970.1
547931 144157.3
540272.7 156171.6
542663 160596.8
543675 162901
543835.9 164451.2
540682.3 179007.5
535673.8 191190.3
536228.7 197430.2
537607.8 202156.5
537692.8 208715.9
537575 209387.6
537335.3 209832.7
539075.4 221006.6
547083.4 234061.1
572891.4 234762.1
588649.7 255597.9
596418 278968.6
596327.4 284728.1
604266.8 293110.1
613351.2 293306.4
ID 53037
433208.7 195270.9
432143.7 200205.4
427181.7 225368.7
427053.1 226711.5
434354.2 236740.1
446031.7 248805.7
453851.3 251819.9
459674.1 244695.4
468129.9 235191.4
475128.4 232347.3
482402.1 229018.9
498522 221640.9
503843.7 217910.2
505903.2 215832.9
508398.5 214257.4
530691.2 214475.1
537335.3 209832.7
537575 209387.6
537692.8 208715.9
537607.8 202156.5
536228.7 197430.2
535673.8 191190.3
540682.3 179007.5
543835.9 164451.2
543675 162901
542663 160596.8
540272.7 156171.6
526874.4 155906.6
499265 156141.9
491931.2 165911.1
489725.2 175479.1
459894.1 175531.4
458691.1 176740.0
455112.7 182012.6
454294.1 184440.1
454164.3 184761.2
450722 188235.7
442522.8 194651.1
440663.7 195432.5
433208.7 195270.9
ID 53043
614055 291267.8
623101.3 293020.1
625104.8 289873.5
625906.2 289114.9
631943.9 286846.2
633715.6 287206.8
633822.4 287922.9
646960.6 287284
649540.5 284305.0
654602.6 280718.9
657780.2 279718.2
658470.4 279701
659540.3 279988.1
660411.5 281003.4
661458.7 286905.3
663310.7 288695.4
667447.6 291845.9
670960.4 292849.5
671271 292650.2
676704.3 285244.5
679931.5 280070.0
680944.9 278029.2
686445.5 278422.5
700603.5 280406.5
702516 217635.2
692194.4 217301.7
615067.2 215429.3
614055 291267.8
ID 53067
294867.3 198204.5
304500.7 197838.8
319549.1 205411.5
321492.6 206838.2
324112.9 209431.6
332525.6 195883.1
334765.4 189363.4
337593.8 185752.0
348423.2 173500
351251.9 171009.0
354294.2 169566.8
356641.9 169125.3
369946 160270.6
314419.2 161868.0
296793.3 162482
296922.4 165716.4
294867.3 198204.5
ID 53063
728374 306124.9
757831 307160.1
758148.6 299584.7
761280.3 231674.8
761788.4 219818.9
702516 217635.2
700603.5 280406.5
702003.1 279115.7
702793.2 278893.5
718927 277546.4
722067.8 277827.7
721058 305918.5
728374 306124.9
ID 53049
225390.8 168636.5
243820.9 167530.8
262849.8 167052.4
280882.1 166165.3
280605.8 147534.6
280786.4 139431.6
280650.9 131294.2
280193.9 120789.2
269198.2 121113.6
251929.4 122035.5
251356.1 111393.9
239749.5 106321.4
237174 107066.8
225617.2 116635.3
227035.8 135089.9
229261.7 131611.9
231146.9 131195.6
231979.5 131495.5
235650.8 132911.4
239471.3 137804.3
239727.7 139391.2
240325.9 155680.6
239016.0 162151.3
233418.1 158634.1
232175.2 158114.0
230760.1 158915.4
226417.5 162007.4
225850.1 162542.3
225596.5 162781.5
225288.5 163304.9
225390.8 168636.5
ID 53041
280882.1 166165.3
296922.4 165716.4
296793.3 162482
314419.2 161868.0
369946 160270.6
382579.8 157765.2
398260.4 156314.0
399125.3 157748.0
401662.8 160457.6
402493.4 161195.9
403885.7 161950.1
427051.2 161654.5
431536.6 155290.6
432706.9 152164.8
431841.1 120120.8
431248.2 117814.4
430977.5 117640.1
430422 117633.1
421270.2 117762.3
366043.5 118403.7
352137.4 118954.3
306837.9 120304.9
300687.3 120492.7
290990.5 120507.7
280193.9 120789.2
280650.9 131294.2
280786.4 139431.6
280605.8 147534.6
280882.1 166165.3
ID 53077
433208.7 195270.9
440663.7 195432.5
442522.8 194651.1
450722 188235.7
454164.3 184761.2
454294.1 184440.1
455112.7 182012.6
458691.1 176740.0
459894.1 175531.4
489725.2 175479.1
491931.2 165911.1
499265 156141.9
526874.4 155906.6
540272.7 156171.6
547931 144157.3
548310.5 98117.23
548886.7 95075.6
549042.6 87678.38
549052.7 78816.6
492810.1 78626.77
455846.4 78991.83
449345.8 79284.95
428368.9 79469.15
420750.8 79510.28
421270.2 117762.3
430422 117633.1
430977.5 117640.1
431248.2 117814.4
431841.1 120120.8
432706.9 152164.8
431536.6 155290.6
427051.2 161654.5
427597.2 162615.2
427632.8 163037.2
425001.4 176087.1
433231 191647.3
433208.7 195270.9
ID 53069
251356.1 111393.9
251929.4 122035.5
269198.2 121113.6
280193.9 120789.2
290990.5 120507.7
290545.9 96880.15
278819.3 94369.9
278218.1 94406.29
273777.6 98513.1
274221.8 103782.1
272768.1 106114.6
271199.8 107808.4
270743.6 108192.6
270514.1 108261.8
270027.6 108408.6
270026.7 108408.8
270026.3 108408.8
265097.4 107438.2
251356.1 111393.9
ID 53001
692194.4 217301.7
693529.2 178908.5
692789 173588
690916.5 168562.7
689474.2 165672.0
687441 162452.1
672798.6 158691.3
632023.1 157287.2
600135.1 156977.0
586382.9 156668.6
586172.7 176139.9
596669.2 176287.7
615587.2 176507.2
615067.2 215429.3
692194.4 217301.7
ID 53015
366043.5 118403.7
364925.7 81589.2
358898.9 77130.62
352880.3 72813.68
350386.3 73294.6
348737 74300.04
346835 74695.87
343268.5 74341.48
332430.2 68889.65
322505.9 60059.17
322599.1 61964.9
320654.6 72394.42
315527.3 83588.59
314087.7 86240.36
298090.2 98040.6
294207.0 98582.7
290545.9 96880.15
290990.5 120507.7
300687.3 120492.7
306837.9 120304.9
352137.4 118954.3
366043.5 118403.7
ID 53075
702516 217635.2
761788.4 219818.9
762447 205156.9
765304 140139.2
765868.9 127218.0
751179 130694.8
750725.4 135392.0
748881.4 139807.4
738056.2 151280.1
733606.7 153260.9
729533.3 154433.3
717591.5 155962.2
715510.3 156165.4
711072.9 155051.7
710221 154460.3
702758.5 146947.2
700749.5 144911.6
683194.9 138942.3
682580.4 138742.6
679264.2 138414
678433.2 138637.1
675026.4 142093.3
672798.6 158691.3
687441 162452.1
689474.2 165672.0
690916.5 168562.7
692789 173588
693529.2 178908.5
692194.4 217301.7
702516 217635.2
ID 53059
421270.2 117762.3
420750.8 79510.28
413896.4 79580.1
413606.2 60798.26
413764.8 50540.49
420926.6 50066.93
420410.4 44014.27
412301.2 42039.15
405961.7 40898.38
403799.4 40846.27
397888.3 42355.91
393512.7 40931.26
390766.6 38471.44
389134.6 36030.97
363418.4 25346.80
363878.9 47804.47
364611.1 65320.5
364925.7 81589.2
366043.5 118403.7
421270.2 117762.3
ID 53005
547931 144157.3
548640.9 143970.1
551362 143814.0
565102.1 145650.2
566894 146160.2
568636 147376.3
570625.7 149349.1
572328.8 151879.0
574732 155018.8
575237.3 155420.0
576350.5 155132.6
577404.4 154341.7
580123.5 151300.5
580357.6 150622.5
580080 150129.4
580339 148809.4
583837.1 143031.2
586533.8 139655.2
590963.6 135955.6
594409.2 132691.2
595323.2 129253.0
595011.8 106759.7
594873.7 105734.8
595113.9 105160.5
599913.5 101124.5
602457.1 100333.0
604766 100216.7
606664.2 99771.59
612580 96576.5
617181.2 75207.75
615564.8 72888.58
614152.7 71735.25
609077.8 68709.03
606546.3 67565.43
603192.6 66923.65
601173.1 66919.6
598821.2 67420.84
587178 65937.59
582846.3 65060.19
578535 64190.2
564468.1 58530.4
556477 57196.7
549090.2 56064.23
549052.7 78816.6
549042.6 87678.38
548886.7 95075.6
548310.5 98117.23
547931 144157.3
ID 53021
586382.9 156668.6
600135.1 156977.0
632023.1 157287.2
672798.6 158691.3
675026.4 142093.3
673995 142584.1
672798.3 143342.2
667432.9 143856.6
655719.3 142638.2
655393.5 142483.6
649658 137743.1
646335.5 134318.2
644614 131907.0
644308.8 130841.8
643078.8 123962.4
641610.4 120699.1
638748.1 116402.3
630888.4 107808.5
626178.4 103350.4
618731.7 101815.3
616970.5 101108.8
613919.7 99247.23
613283 98212.6
612580 96576.5
606664.2 99771.59
604766 100216.7
602457.1 100333.0
599913.5 101124.5
595113.9 105160.5
594873.7 105734.8
595011.8 106759.7
595323.2 129253.0
594409.2 132691.2
590963.6 135955.6
586533.8 139655.2
583837.1 143031.2
580339 148809.4
580080 150129.4
586382.9 156668.6
ID 53011
322505.9 60059.17
332430.2 68889.65
343268.5 74341.48
346835 74695.87
348737 74300.04
350386.3 73294.6
352880.3 72813.68
358898.9 77130.62
364925.7 81589.2
364611.1 65320.5
363878.9 47804.47
363418.4 25346.80
362182.3 24989.02
362026 24943.8
359823.3 24960.18
359753.1 24974.67
356977.5 25548.16
332773.1 32995.94
330373.2 33984.55
325535.6 37021.95
323574.2 38523.48
322815.1 41136.06
323032.4 43264.75
323918.0 46420.66
322505.9 60059.17
ID 53039
549052.7 78816.6
549090.2 56064.23
538901.1 53349.9
538795.1 53321.76
538773.4 53315.99
527895.7 48949.8
525637.4 47694.96
522516.8 43681.34
507480 40676.71
501373.8 40138.79
499543.4 40760.98
498289.7 41850.46
495371.9 45019.71
492905.7 45933.37
489497 45860.45
488048.8 44906.46
485255.5 42534.7
477496.1 39268.09
471159.8 36515.35
467575.9 34321.63
465394.5 36011.91
434758.7 41652.18
432046.2 41477.28
426705.8 40889.51
420410.4 44014.27
420926.6 50066.93
413764.8 50540.49
413606.2 60798.26
413896.4 79580.1
420750.8 79510.28
428368.9 79469.15
449345.8 79284.95
455846.4 78991.83
492810.1 78626.77
549052.7 78816.6
ID 53071
673995 142584.1
673064.2 138861.5
673973.6 109387.5
683901.8 99987.81
693558.9 100279.7
694054.6 81094.77
693855.7 77263.71
617181.2 75207.75
612580 96576.5
613283 98212.6
613919.7 99247.23
616970.5 101108.8
618731.7 101815.3
626178.4 103350.4
630888.4 107808.5
638748.1 116402.3
641610.4 120699.1
643078.8 123962.4
644308.8 130841.8
644614 131907.0
646335.5 134318.2
649658 137743.1
655393.5 142483.6
655719.3 142638.2
667432.9 143856.6
672798.3 143342.2
673995 142584.1
ID 53023
702758.5 146947.2
710221 154460.3
711072.9 155051.7
715510.3 156165.4
717591.5 155962.2
729533.3 154433.3
733606.7 153260.9
738056.2 151280.1
748881.4 139807.4
750725.4 135392.0
751179 130694.8
751424.7 125029.0
741636.5 124729.8
738442.9 123019.2
736897.6 121330.0
737036.5 114866.8
738020.9 92299.64
733351.6 92127
733875.2 78340.96
724345.1 78096.47
723813 91682.9
722293.3 115793.6
712122.2 130207.0
702456.1 129828.1
702225.9 139733.6
702758.5 146947.2
ID 53013
673995 142584.1
675026.4 142093.3
678433.2 138637.1
679264.2 138414
682580.4 138742.6
683194.9 138942.3
700749.5 144911.6
702758.5 146947.2
702225.9 139733.6
702456.1 129828.1
712122.2 130207.0
722293.3 115793.6
723813 91682.9
724345.1 78096.47
695338.3 77300.68
693855.7 77263.71
694054.6 81094.77
693558.9 100279.7
683901.8 99987.81
673973.6 109387.5
673064.2 138861.5
673995 142584.1
ID 53003
751179 130694.8
765868.9 127218.0
765546.5 122102.9
770482.3 113248.4
770699.8 112878.2
773002.8 107162.7
775979.1 98014.3
775081.8 87213.06
777547.6 79896.92
733875.2 78340.96
733351.6 92127
738020.9 92299.64
737036.5 114866.8
736897.6 121330.0
738442.9 123019.2
741636.5 124729.8
751424.7 125029.0
751179 130694.8
