ID 55
533770.7 326131.3
527064.7 307989.8
527065.1 307590.8
527785.7 306624.4
528896.6 306246
529593.2 306008.8
530240.6 305960.7
530567 306048.4
539106.9 310565.1
541002.1 311790.9
542154.4 312910.2
551892.3 310330.5
557859.6 305872.5
567929.7 303805.5
576378.6 298463.1
590720.8 278239
597727.2 276289.3
605459.3 274148.1
660256.9 259227.8
664368.8 258106.7
667604.5 257213.8
672759.8 255094.7
678049.4 252083.6
682590 249506.3
701964.3 243235.7
703362.4 240318.3
717026.7 240912.3
739391.2 236720.6
739550.9 236684.2
741474 236245.9
744315.5 234646.5
746082.6 233330.6
747219 232484.9
749307.7 229091.3
749532.6 228726.1
749605.1 228323
748429.1 226505.9
747085.5 224830.2
746500 224462.9
745032.9 222787.5
745006 222719.3
744851.4 222327.6
745315.5 221336.6
745384.7 221273.3
748188.7 218711.6
748206.8 218695.1
748826.3 218493.7
749855.8 218159.2
749928 218135.7
751003.3 218212.4
769031.5 212206.6
770463.6 210889.1
770546.1 210813.2
770744.3 210631
772878.4 207612.9
772491.8 187546.3
777411.7 154131.8
777427.6 154065.8
777985.4 151742.5
778308.6 151131.6
784063.9 144312.2
784125.1 144239.7
786145.3 143800.5
789651.7 143039.7
776643.2 128303.1
776149 128200.2
772545.8 126852.5
772039 126516.0
770557.9 124320.8
759741.7 100530.1
759341.3 96783.81
759350.3 95817
758422.8 94254.96
755566.8 84020.09
755486.6 83352.14
758491.3 80382.73
761282.2 79459.97
763421.4 79447.21
764579.6 80176.92
765498.6 81545.4
766695.6 83891.81
766862.4 84475.25
766460.6 85263.23
766650.6 85626.88
769303.4 88351.45
773827.2 91573.7
777463 92556.46
779454.8 96231.18
780525.8 101563.7
786872.7 111642.0
788929.5 114460.2
810967 136918.6
826888.6 162239.2
831246.6 165608.1
833909.6 167191.8
835711.3 167125.6
836565.6 166857.8
837022 166353.8
837654.7 165017.4
837578.3 161449.6
837207 159315.5
832314.6 143766.0
829787 140336.2
822047.2 125202.9
810427.2 101881.2
808217.3 96923.11
803385.2 88963.27
801141.3 82984.45
800041.9 78439.92
795947.8 57865.26
799037.3 47093.97
799181.5 45001.07
798804.6 42989.02
798308.6 41535.53
796755.6 39244.89
794949 37467.86
791974.7 35989.68
790390.7 34853.64
788405.8 32883.64
785730.3 23407.22
784853.4 19985.44
782313.3 9198.021
785172 -4709.882
785204 -5370.968
785226.7 -13574.34
784968.3 -14476.99
778277.7 -29828.36
778515.6 -35417.50
777433 -38965
775931.6 -41927.66
773727.8 -45255.52
772997.9 -46594.44
772432.8 -48098.05
772064 -49324.23
771713 -51238.4
769620.5 -62597.89
769800 -64205.16
771032.7 -68486.74
771400.5 -69059.26
777679.9 -107679.1
779998.2 -126985.9
780943 -146635.1
748058.2 -146989.6
739464.1 -147312.8
706342.5 -148054.1
700655.5 -148094.0
687172 -148169.5
652151.9 -147953.5
649239.6 -147957.9
613356.8 -147558.0
606047.1 -147541.4
564928.9 -147310.7
547282.8 -147056.5
547616.1 -146514.4
547637.3 -145903.1
546927.9 -143074
542322.2 -133402.3
541791.1 -132806.0
540892.5 -132277.9
536859 -131053.0
526399.7 -128384.5
522157.2 -127103.3
519948.7 -125918.4
513662.1 -121143.9
512775.3 -119016.4
506404.9 -102176.6
505129.6 -93595.7
504095.8 -82994.96
506736 -75012.26
513673.1 -65018.88
514068 -63667.96
511869.6 -59581.74
510150.5 -57138.37
501890 -50527.61
502353.6 -44879
501498.3 -36241.59
497798.6 -11165.52
496733.9 2342.396
486060.2 17774.94
475010.1 22378.99
451083.4 41674.36
434035.2 65781.33
421583 71458.63
415922.9 81261.75
415671.1 81705.54
414969.2 82387.61
414106 82899.11
412746 83294.97
402094 84449.42
398741.6 85039.24
397530.8 85702.5
392157.7 91789.65
392037.4 92879.62
391251.1 94021.73
383543.5 101500.1
378118.8 105150.4
381785.7 118033.4
382938.2 126348.1
381789.3 134250.1
380152.6 138496.1
380146.5 142142.4
382761.7 156628
384641.3 166180.1
385634.5 166973.4
385734 167052.9
387995.6 169457.0
391427.3 176769.6
390425.4 184701.6
387079.1 192234.8
381172.5 195929.6
379615.5 195809.4
375914.1 196678.5
374957 197591.2
374825.2 199753.3
374825.5 202730.1
374825.6 203478.6
375079.2 205222.7
378888.5 214640.2
387730.5 229694.4
388791 231404.6
389873.8 232602.5
393930.6 235712.8
393982.3 235752.4
410787.3 245257.2
422530.1 251557.4
422692.8 255939.9
422815.8 260774.9
423696.9 289657.5
424520.4 317003.4
426187.7 315698.1
428281.2 315340.7
430587.7 315355.3
430999.5 315566.6
431376.3 315901.2
432573.2 318527.8
432591.3 319778.3
432514.3 319883.4
432174.6 320347.7
432154.6 320418.1
431955.5 321121.1
432074 321955.1
432574.2 322822.3
438208.1 326132.8
440280.8 326145.9
444410.1 321557.4
445444.3 320986.5
445833.4 321247.1
447891.7 319668.9
448984 318941.4
449853.4 318486.5
451292.7 318162.7
460727.5 319082.8
463025.8 319532.2
481454.4 325934.6
482509.7 325820.0
484505.2 326079.0
515654.5 336719.5
516341.3 337145.1
519694 339302.7
520704.3 340169.1
523386.6 343135.8
525816.6 345898.5
526226.5 346183.5
533658.5 348014.8
534821.3 348125.2
536198.5 347577.5
540133.8 344088.9
542471.1 340934.1
542747.3 340349.3
542728.9 339785.2
539005 332610.6
533770.7 326131.3
