ID 55007
528896.6 306246
528566.6 258389.2
480157.3 259385.7
480712.7 289933.2
480740.7 299444.9
481454.4 325934.6
482509.7 325820.0
484505.2 326079.0
515654.5 336719.5
516341.3 337145.1
519694 339302.7
520704.3 340169.1
523386.6 343135.8
525816.6 345898.5
526226.5 346183.5
533658.5 348014.8
534821.3 348125.2
536198.5 347577.5
540133.8 344088.9
542471.1 340934.1
542747.3 340349.3
542728.9 339785.2
539005 332610.6
533770.7 326131.3
527064.7 307989.8
527065.1 307590.8
527785.7 306624.4
528896.6 306246
ID 55031
424520.4 317003.4
426187.7 315698.1
428281.2 315340.7
430587.7 315355.3
430999.5 315566.6
431376.3 315901.2
432573.2 318527.8
432591.3 319778.3
432514.3 319883.4
432174.6 320347.7
432154.6 320418.1
431955.5 321121.1
432074 321955.1
432574.2 322822.3
438208.1 326132.8
440280.8 326145.9
444410.1 321557.4
445444.3 320986.5
445833.4 321247.1
447891.7 319668.9
448984 318941.4
449853.4 318486.5
451292.7 318162.7
460727.5 319082.8
463025.8 319532.2
481454.4 325934.6
480740.7 299444.9
480712.7 289933.2
480157.3 259385.7
441664.6 260314.2
422815.8 260774.9
423696.9 289657.5
424520.4 317003.4
ID 55003
528896.6 306246
529593.2 306008.8
530240.6 305960.7
530567 306048.4
539106.9 310565.1
541002.1 311790.9
542154.4 312910.2
551892.3 310330.5
557859.6 305872.5
557886.7 296509.4
557749.5 280604.9
557403 267703.2
567138.3 267599.9
576584.2 258040.5
576765.1 248378.8
576590.4 238752.3
547536.3 238950.2
528300.9 239084.5
528233.9 240686.0
528566.6 258389.2
528896.6 306246
ID 55051
567929.7 303805.5
576378.6 298463.1
590720.8 278239
597727.2 276289.3
605459.3 274148.1
605515.4 238779.3
596593.3 238776.2
576590.4 238752.3
576765.1 248378.8
576584.2 258040.5
567138.3 267599.9
557403 267703.2
557749.5 280604.9
557886.7 296509.4
557859.6 305872.5
567929.7 303805.5
ID 55125
605459.3 274148.1
660256.9 259227.8
664368.8 258106.7
667604.5 257213.8
672759.8 255094.7
678049.4 252083.6
682590 249506.3
682644.2 239334.7
673810.4 239232.5
673930.1 229583.7
664028.4 225525.1
649485.8 229720.0
596673.9 229349.9
596593.3 238776.2
605515.4 238779.3
605459.3 274148.1
ID 55041
682590 249506.3
701964.3 243235.7
702725.3 239494.8
703074.4 210813.1
722584.4 211115.9
723113.4 172728.1
703553.5 172565.4
684115.7 172273.6
684220.3 181889.3
674582.5 181727.1
673930.1 229583.7
673810.4 239232.5
682644.2 239334.7
682590 249506.3
ID 55113
480157.3 259385.7
528566.6 258389.2
528233.9 240686.0
528300.9 239084.5
547536.3 238950.2
547079.4 200794.0
479910.9 201638.5
480157.3 259385.7
ID 55129
441664.6 260314.2
480157.3 259385.7
479910.9 201638.5
441651.2 202738.3
442436.3 240961.8
441100.6 241001.1
441664.6 260314.2
ID 55013
422815.8 260774.9
441664.6 260314.2
441100.6 241001.1
442436.3 240961.8
441651.2 202738.3
432010 202966.1
432297.9 212506.7
403212.8 213689.2
402851.8 204072.9
375079.2 205222.7
378888.5 214640.2
387730.5 229694.4
388791 231404.6
389873.8 232602.5
393930.6 235712.8
393982.3 235752.4
410787.3 245257.2
422530.1 251557.4
422692.8 255939.9
422815.8 260774.9
ID 55037
701964.3 243235.7
703362.4 240318.3
717026.7 240912.3
739391.2 236720.6
739550.9 236684.2
741474 236245.9
744315.5 234646.5
746082.6 233330.6
747219 232484.9
749307.7 229091.3
749532.6 228726.1
749605.1 228323
748429.1 226505.9
747085.5 224830.2
746500 224462.9
745032.9 222787.5
745006 222719.3
744851.4 222327.6
745315.5 221336.6
745384.7 221273.3
748188.7 218711.6
748206.8 218695.1
748826.3 218493.7
749855.8 218159.2
749928 218135.7
751003.3 218212.4
751105.2 210692.4
741849 211036.8
722584.4 211115.9
703074.4 210813.1
702725.3 239494.8
701964.3 243235.7
ID 55099
576590.4 238752.3
596593.3 238776.2
596673.9 229349.9
596606.8 191325.3
596689.2 172077.1
590198.9 172167.1
574621.2 171968.2
564114 171626.0
546838.1 171843.1
547079.4 200794.0
547536.3 238950.2
576590.4 238752.3
ID 55085
673930.1 229583.7
674582.5 181727.1
644980 181725.7
644642.6 191514.8
625557.7 191447.9
596606.8 191325.3
596673.9 229349.9
649485.8 229720.0
664028.4 225525.1
673930.1 229583.7
ID 55075
751003.3 218212.4
769031.5 212206.6
770463.6 210889.1
770546.1 210813.2
770744.3 210631
772878.4 207612.9
772491.8 187546.3
777411.7 154131.8
777427.6 154065.8
777985.4 151742.5
778308.6 151131.6
784063.9 144312.2
784125.1 144239.7
786145.3 143800.5
789651.7 143039.7
776643.2 128303.1
762070.5 130909.4
748054.5 133979.5
748007.3 143612.0
732695.6 172650.0
723113.4 172728.1
722584.4 211115.9
741849 211036.8
751105.2 210692.4
751003.3 218212.4
ID 55095
432010 202966.1
430614.3 155168.9
382761.7 156628
384641.3 166180.1
385634.5 166973.4
385734 167052.9
387995.6 169457.0
391427.3 176769.6
390425.4 184701.6
387079.1 192234.8
381172.5 195929.6
379615.5 195809.4
375914.1 196678.5
374957 197591.2
374825.2 199753.3
374825.5 202730.1
374825.6 203478.6
375079.2 205222.7
402851.8 204072.9
403212.8 213689.2
432297.9 212506.7
432010 202966.1
ID 55107
547079.4 200794.0
546838.1 171843.1
527421.2 162516.0
479101.8 163238.0
479910.9 201638.5
547079.4 200794.0
ID 55069
644980 181725.7
645153.8 143043.3
596547.5 143007.5
596689.2 172077.1
596606.8 191325.3
625557.7 191447.9
644642.6 191514.8
644980 181725.7
ID 55005
441651.2 202738.3
479910.9 201638.5
479101.8 163238.0
469154.8 154088.8
430614.3 155168.9
432010 202966.1
441651.2 202738.3
ID 55067
644980 181725.7
674582.5 181727.1
684220.3 181889.3
684115.7 172273.6
703553.5 172565.4
703691.8 153262.5
706982.8 153296.9
706911 143573.9
680082.2 143256.2
680248 133337.1
661162.4 133181.4
645153.8 143043.3
644980 181725.7
ID 55029
779454.8 96231.18
780525.8 101563.7
786872.7 111642.0
788929.5 114460.2
810967 136918.6
826888.6 162239.2
831246.6 165608.1
833909.6 167191.8
835711.3 167125.6
836565.6 166857.8
837022 166353.8
837654.7 165017.4
837578.3 161449.6
837207 159315.5
832314.6 143766.0
829787 140336.2
822047.2 125202.9
810427.2 101881.2
808217.3 96923.11
779454.8 96231.18
ID 55083
723113.4 172728.1
732695.6 172650.0
748007.3 143612.0
748054.5 133979.5
762070.5 130909.4
776643.2 128303.1
776149 128200.2
772545.8 126852.5
772039 126516.0
770557.9 124320.8
759741.7 100530.1
759341.3 96783.81
759350.3 95817
739297.6 95546.17
738437 114749.4
719410.8 114675.7
719270.3 126525.1
719296.7 143742.2
706911 143573.9
706982.8 153296.9
703691.8 153262.5
703553.5 172565.4
723113.4 172728.1
ID 55119
596689.2 172077.1
596547.5 143007.5
588947.3 143025.6
584450.2 139806.2
584437.8 133394.3
575192.7 133446.4
527240.7 133527.4
527421.2 162516.0
546838.1 171843.1
564114 171626.0
574621.2 171968.2
590198.9 172167.1
596689.2 172077.1
ID 55017
479101.8 163238.0
527421.2 162516.0
527240.7 133527.4
527109.4 114196.7
469554.9 114978.3
469154.8 154088.8
479101.8 163238.0
ID 55078
680248 133337.1
680082.2 143256.2
706911 143573.9
719296.7 143742.2
719270.3 126525.1
719410.8 114675.7
699885.4 114456.3
699786.6 124101.7
680383.9 123791.5
680248 133337.1
ID 55073
596547.5 143007.5
645153.8 143043.3
661162.4 133181.4
661538.9 94530.26
612292.9 94641.23
574934.6 94706.07
575192.7 133446.4
584437.8 133394.3
584450.2 139806.2
588947.3 143025.6
596547.5 143007.5
ID 55033
469154.8 154088.8
469554.9 114978.3
469181.1 95810.38
430752.9 96790.06
431154 116052.1
430614.3 155168.9
469154.8 154088.8
ID 55109
430614.3 155168.9
431154 116052.1
381785.7 118033.4
382938.2 126348.1
381789.3 134250.1
380152.6 138496.1
380146.5 142142.4
382761.7 156628
430614.3 155168.9
ID 55115
680248 133337.1
680383.9 123791.5
699786.6 124101.7
699885.4 114456.3
719410.8 114675.7
738437 114749.4
739297.6 95546.17
739338.6 85006.06
710675.3 85086.44
710581.2 94844.07
661538.9 94530.26
661162.4 133181.4
680248 133337.1
ID 55019
527240.7 133527.4
575192.7 133446.4
574934.6 94706.07
574833.1 65757.48
565242.8 65565.56
536127.6 65789.83
526602.7 75588.68
526771.6 85208.89
527109.4 114196.7
527240.7 133527.4
ID 55035
527109.4 114196.7
526771.6 85208.89
507460.3 85510.51
478604.3 85910.88
468988.7 86149.38
469181.1 95810.38
469554.9 114978.3
527109.4 114196.7
ID 55061
779454.8 96231.18
808217.3 96923.11
803385.2 88963.27
801141.3 82984.45
800041.9 78439.92
795947.8 57865.26
778154.3 57326.24
777463 92556.46
779454.8 96231.18
ID 55009
739297.6 95546.17
759350.3 95817
758422.8 94254.96
755566.8 84020.09
755486.6 83352.14
758491.3 80382.73
761282.2 79459.97
763421.4 79447.21
764579.6 80176.92
765498.6 81545.4
766695.6 83891.81
766862.4 84475.25
766460.6 85263.23
766650.6 85626.88
769303.4 88351.45
773827.2 91573.7
777463 92556.46
778154.3 57326.24
773304.3 57228.4
768462.2 57117.28
768683.1 47425.22
756288.6 47176.34
744362.2 47015.69
744355.9 53395.26
743668.3 85323.39
739338.6 85006.06
739297.6 95546.17
ID 55093
381785.7 118033.4
431154 116052.1
430752.9 96790.06
415922.9 81261.75
415671.1 81705.54
414969.2 82387.61
414106 82899.12
412746 83294.97
402094 84449.42
398741.6 85039.24
397530.8 85702.5
392157.7 91789.65
392037.4 92879.62
391251.1 94021.73
383543.5 101500.1
378118.8 105150.4
381785.7 118033.4
ID 55135
661538.9 94530.26
710581.2 94844.07
710675.3 85086.44
700302.2 84921.6
700509.4 71310.44
700654.5 46336.75
688918.7 46079.67
661912.7 45877.67
661538.9 94530.26
ID 55097
612292.9 94641.23
661538.9 94530.26
661912.7 45877.67
632111 45903.79
621973.6 46075.98
621941.1 60222.5
621739.7 75358.77
612372 75367.36
612292.9 94641.23
ID 55141
574934.6 94706.07
612292.9 94641.23
612372 75367.36
621739.7 75358.77
621941.1 60222.5
621973.6 46075.98
607782.1 46245.11
575077.7 46209.21
574833.1 65757.48
574934.6 94706.07
ID 55087
710675.3 85086.44
739338.6 85006.06
743668.3 85323.39
744355.9 53395.26
744362.2 47015.69
727474 46917.14
700654.5 46336.75
700509.4 71310.44
700302.2 84921.6
710675.3 85086.44
ID 55091
430752.9 96790.06
469181.1 95810.38
468988.7 86149.38
440978.3 86800.15
439401.8 86137.3
438882.7 85680.41
438253.7 83668.73
434507.1 68859.55
434035.2 65781.33
421583 71458.63
415922.9 81261.75
430752.9 96790.06
ID 55053
507460.3 85510.51
526771.6 85208.89
526602.7 75588.68
536127.6 65789.83
565242.8 65565.56
574833.1 65757.48
575077.7 46209.21
574994.6 35822.88
564468.2 36502.75
536591 36487.16
528127.7 36507.72
524174.3 35329.63
521896.5 33425.59
522042.6 26851.30
507738.5 28025.5
507844.5 46685.16
506889.4 46682.02
507460.3 85510.51
ID 55121
507460.3 85510.51
506889.4 46682.02
507844.5 46685.16
507738.5 28025.5
504930.4 28693.16
495245.4 26575.3
492717.2 23469.43
492577.6 23105.44
492299.9 20975.82
492747.4 20100.15
493450.8 19455.81
493943.6 18212.29
493926.5 17656.90
486060.2 17774.94
475010.1 22378.99
476076.8 31598.02
477822.1 47092.04
477864.3 47890.77
478604.3 85910.88
507460.3 85510.51
ID 55011
478604.3 85910.88
477864.3 47890.77
477822.1 47092.04
476076.8 31598.02
475010.1 22378.99
451083.4 41674.36
434035.2 65781.33
434507.1 68859.55
438253.7 83668.73
438882.7 85680.41
439401.8 86137.3
440978.3 86800.15
468988.7 86149.38
478604.3 85910.88
ID 55071
778154.3 57326.24
795947.8 57865.26
799037.3 47093.97
799181.5 45001.07
798804.6 42989.02
798308.6 41535.53
796755.6 39244.89
794949 37467.86
791974.7 35989.68
790390.7 34853.64
788405.8 32883.64
785730.3 23407.22
784853.4 19985.44
782313.3 9198.021
757344.1 8382.063
756288.6 47176.34
768683.1 47425.22
768462.2 57117.28
773304.3 57228.4
778154.3 57326.24
ID 55015
744362.2 47015.69
756288.6 47176.34
757344.1 8382.063
747679.7 8134.677
728206.2 12934.11
727474 46917.14
744362.2 47015.69
ID 55139
727474 46917.14
728206.2 12934.11
728326.5 7867.003
689518.1 7497.828
689361.8 17275.09
688918.7 46079.67
700654.5 46336.75
727474 46917.14
ID 55137
688918.7 46079.67
689361.8 17275.09
666729.5 16954.40
632255.7 16626.07
632111 45903.79
661912.7 45877.67
688918.7 46079.67
ID 55001
632111 45903.79
632255.7 16626.07
632281.3 -21115.66
617285.6 -21344.28
609834.2 -4737.06
603023.8 3476.731
601471.4 8653.382
597692.9 28546.74
599098.4 31920.37
607782.1 46245.11
621973.6 46075.98
632111 45903.79
ID 55057
575077.7 46209.21
607782.1 46245.11
599098.4 31920.37
597692.9 28546.74
601471.4 8653.382
603023.8 3476.731
609834.2 -4737.06
617285.6 -21344.28
574788.4 -21325.36
574843.9 -11288.40
574994.6 35822.88
575077.7 46209.21
ID 55081
522042.6 26851.30
521896.5 33425.59
524174.3 35329.63
528127.7 36507.72
536591 36487.16
564468.2 36502.75
574994.6 35822.88
574843.9 -11288.40
526630.1 -11588.84
526870.6 10970.18
526845.7 26864.3
522042.6 26851.30
ID 55047
689361.8 17275.09
689518.1 7497.828
689906 -21578.95
680158.6 -21787.67
670435.2 -22024.96
670440.5 -20730.23
660891.6 -20885.82
660762.1 -7168.97
664509.5 -1976.906
666865.1 5135.855
666729.5 16954.40
689361.8 17275.09
ID 55063
507738.5 28025.5
522042.6 26851.30
526845.7 26864.3
526870.6 10970.18
526630.1 -11588.84
497798.6 -11165.52
496733.9 2342.396
486060.2 17774.94
493926.5 17656.90
493943.6 18212.29
493450.8 19455.81
492747.4 20100.15
492299.9 20975.82
492577.6 23105.44
492717.2 23469.43
495245.4 26575.3
504930.4 28693.16
507738.5 28025.5
ID 55077
666729.5 16954.40
666865.1 5135.855
664509.5 -1976.906
660762.1 -7168.97
660891.6 -20885.82
632281.3 -21115.66
632255.7 16626.07
666729.5 16954.40
ID 55039
747679.7 8134.677
748635.1 -30572.24
729298.5 -30941.02
729237.6 -28512.97
729051.4 -21227.42
699639.5 -21484.21
689906 -21578.95
689518.1 7497.828
728326.5 7867.003
728206.2 12934.11
747679.7 8134.677
ID 55117
782313.3 9198.021
785172 -4709.882
785204 -5370.968
785226.7 -13574.34
784968.3 -14476.99
778277.7 -29828.36
758373.6 -30422.59
748635.1 -30572.24
747679.7 8134.677
757344.1 8382.063
782313.3 9198.021
ID 55123
574843.9 -11288.40
574788.4 -21325.36
574867.7 -30998.52
545715.9 -30930.49
545847 -45375.91
502353.6 -44879
501498.3 -36241.59
497798.6 -11165.52
526630.1 -11588.84
574843.9 -11288.40
ID 55027
689906 -21578.95
699639.5 -21484.21
729051.4 -21227.42
729237.6 -28512.97
729298.5 -30941.02
729552.5 -50218.71
728195.7 -50234.61
728605 -69705.81
719045.5 -69748.28
680581.3 -70147.86
680459 -60461.62
680158.6 -21787.67
689906 -21578.95
ID 55021
660891.6 -20885.82
670440.5 -20730.23
670435.2 -22024.96
680158.6 -21787.67
680459 -60461.62
672614 -60812.1
651710.8 -61158.56
651691 -59731.6
622706 -60014.19
622144.6 -59085.13
622426.9 -57623.2
626006.8 -52527.48
626730 -52347.78
627913.6 -52560.13
628787.2 -52327.44
630769.6 -51514.54
632365.3 -50296.54
632378.3 -30531.82
631856.2 -30013.41
621130.2 -26122.29
617285.6 -21344.28
632281.3 -21115.66
660891.6 -20885.82
ID 55089
758373.6 -30422.59
778277.7 -29828.36
778515.6 -35417.50
777433 -38965
775931.6 -41927.66
773727.8 -45255.52
772997.9 -46594.44
772432.8 -48098.05
772064 -49324.23
771713 -51238.4
769620.5 -62597.89
769800 -64205.16
771032.7 -68486.74
771400.5 -69059.26
757446.8 -69380.74
757065.6 -49930.59
758625.1 -41806.11
758373.6 -30422.59
ID 55111
574788.4 -21325.36
617285.6 -21344.28
621130.2 -26122.29
631856.2 -30013.41
632378.3 -30531.82
632365.3 -50296.54
630769.6 -51514.54
628787.2 -52327.44
627913.6 -52560.13
626730 -52347.78
626006.8 -52527.48
622426.9 -57623.2
622144.6 -59085.13
622706 -60014.19
613159.2 -69694.61
584235.3 -74313.46
584347.9 -74052.33
584485.5 -30911.40
574867.7 -30998.52
574788.4 -21325.36
ID 55131
748635.1 -30572.24
758373.6 -30422.59
758625.1 -41806.11
757065.6 -49930.59
757446.8 -69380.74
728605 -69705.81
728195.7 -50234.61
729552.5 -50218.71
729298.5 -30941.02
748635.1 -30572.24
ID 55103
574867.7 -30998.52
584485.5 -30911.40
584347.9 -74052.33
584235.3 -74313.46
565053.6 -70183.92
545761.5 -73294.72
545847 -45375.91
545715.9 -30930.49
574867.7 -30998.52
ID 55023
502353.6 -44879
545847 -45375.91
545761.5 -73294.72
539557.5 -78595.98
513742.2 -92705.14
513087 -92919.9
505129.6 -93595.7
504095.8 -82994.96
506736 -75012.26
513673.1 -65018.88
514068 -63667.96
511869.6 -59581.74
510150.5 -57138.37
501890 -50527.61
502353.6 -44879
ID 55025
680459 -60461.62
680581.3 -70147.86
680683 -109086.1
651608.3 -109632.5
613233.8 -108445.9
613159.2 -69694.61
622706 -60014.19
651691 -59731.6
651710.8 -61158.56
672614 -60812.1
680459 -60461.62
ID 55079
771400.5 -69059.26
777679.9 -107679.1
757854.4 -108148.6
757446.8 -69380.74
771400.5 -69059.26
ID 55133
757446.8 -69380.74
757854.4 -108148.6
738520.1 -108713.7
719289.8 -108996.6
719045.5 -69748.28
728605 -69705.81
757446.8 -69380.74
ID 55055
680581.3 -70147.86
719045.5 -69748.28
719289.8 -108996.6
700020.9 -109316.0
680683 -109086.1
680581.3 -70147.86
ID 55049
613159.2 -69694.61
613233.8 -108445.9
613223.6 -113292.0
565056.6 -113317.6
565053.6 -70183.92
584235.3 -74313.46
613159.2 -69694.61
ID 55043
545761.5 -73294.72
565053.6 -70183.92
565056.6 -113317.6
564928.9 -147310.7
547282.8 -147056.5
547616.1 -146514.4
547637.3 -145903.1
546927.9 -143074
542322.2 -133402.3
541791.1 -132806.0
540892.5 -132277.9
536859 -131053.0
526399.7 -128384.5
522157.2 -127103.3
519948.7 -125918.4
513662.1 -121143.9
512775.3 -119016.4
506404.9 -102176.6
505129.6 -93595.7
513087 -92919.9
513742.2 -92705.14
539557.5 -78595.98
545761.5 -73294.72
ID 55101
757854.4 -108148.6
777679.9 -107679.1
779998.2 -126985.9
763853.1 -127255.8
748637.7 -127663.6
748773.5 -134159.5
739096.5 -134417.3
738520.1 -108713.7
757854.4 -108148.6
ID 55127
719289.8 -108996.6
738520.1 -108713.7
739096.5 -134417.3
739464.1 -147312.8
706342.5 -148054.1
700655.5 -148094.0
700020.9 -109316.0
719289.8 -108996.6
ID 55105
700020.9 -109316.0
700655.5 -148094.0
687172 -148169.5
652151.9 -147953.5
651608.3 -109632.5
680683 -109086.1
700020.9 -109316.0
ID 55045
613233.8 -108445.9
651608.3 -109632.5
652151.9 -147953.5
649239.6 -147957.9
613356.8 -147558.0
613223.6 -113292.0
613233.8 -108445.9
ID 55065
565056.6 -113317.6
613223.6 -113292.0
613356.8 -147558.0
606047.1 -147541.4
564928.9 -147310.7
565056.6 -113317.6
ID 55059
739096.5 -134417.3
748773.5 -134159.5
748637.7 -127663.6
763853.1 -127255.8
779998.2 -126985.9
780943 -146635.1
748058.2 -146989.6
739464.1 -147312.8
739096.5 -134417.3
