ID 54
564311.1 135612.0
577385.2 135560.8
602000.9 135561.4
601133.8 78373.63
617880.4 92318.82
636935.8 108214.9
645709 104662.2
662922.2 120986.2
672412 115262.2
688682.5 113389.8
700147.7 126721.6
704484.7 125099.1
705509 125021.1
709456.8 129920.3
712264.2 132957.7
712972.3 133506.3
713497 133609.2
716348.8 133034.9
719420 132163.1
722298.2 130492.6
725666 127108.5
726808.1 125311
744047.9 111693.4
753562.3 92680.8
744544 71544.24
726609.7 85895.41
709504.2 99716.56
699206 107880.2
698052.1 95849.27
694124.9 75172.08
693485.5 73462.7
691698.1 70720.2
689955.1 68613.14
686916.1 66565.39
685811.6 65821.69
682735.5 62239.35
681904.8 58123.71
681615.8 57400.92
677858.4 51968.34
668439.3 45837.24
668162 45945.96
667912.4 46509.62
667664 47158.28
662535.7 43802.95
662044.8 43284.48
661775.7 43000.32
660052.2 39773.06
654821.6 29389.32
638484 29116.53
623881.2 -2298.934
616398.3 -9766.524
602039.4 -4748.326
598127.9 3765.81
596785.6 5653.473
595164.6 6686.788
587010.9 10170.75
585246.9 1232.337
583449.9 -6365.037
579752.9 -13946.78
572994.1 -21111.29
572898.5 -21485.16
572869.6 -21598.48
574213.2 -26065.62
559633.5 -48337.55
551231.8 -60674.17
529747.2 -89426.46
536321.7 -96591.08
530290.6 -101627.5
526572.6 -106671.1
527906.4 -110600.1
527907.7 -110603.8
516490.3 -117468.7
513587.4 -119123.4
510490.9 -112567.0
500576.4 -117821.0
499573.3 -118325.2
487426.2 -124414.9
479695.9 -118103.4
479592.4 -117946.4
468703 -132941.1
446806.4 -139010.3
434874.1 -127350.5
430531.5 -133130.5
421745.6 -138608.9
421659 -138662.8
417240.8 -141407.0
416944.2 -141515.1
406454.3 -141733.8
401279.4 -137354.2
392078.5 -132136.9
391150.3 -131486.4
391129 -131471.5
384976.8 -123978.9
379391.2 -112315.7
379058.7 -110552.3
379402 -109865.9
383927.9 -107115.6
385244 -106787.6
381747.3 -103839.4
378199.5 -104234.4
374634.4 -104387.3
368742.6 -101068.1
368709.4 -101049.5
353207.1 -86396.41
350842.6 -80931.16
350801.6 -80372.55
350827.6 -80300.25
344008.5 -66847.39
336497.6 -57167.85
339452.2 -53782.83
339508.9 -53428.55
339550.9 -53166.4
339522.9 -53100.7
339444.2 -52915.71
339438.5 -52902.39
328119.7 -37787.86
327905 -37673.68
326298.1 -37074.84
325013.4 -35405.73
325001.8 -35347.6
324594.8 -33311.43
324395.7 -32314.85
324410.9 -32279.79
328258.3 -23359.92
329849.2 -4028.901
337404 -5586.163
352004.4 -2634.906
352916.2 -2269.148
353485.8 -1757.465
353833.6 -1185.466
354122.1 -464.7391
354429.4 302.9227
356223.9 7972.446
356279.2 8209.097
357183.8 12955.77
363129.9 13763.39
364785.7 13831.86
365324.3 13854.21
365560.8 14003.84
366073.9 14328.68
366377.8 14521.08
366801.7 14997.13
367000.0 15513.24
367163.2 16148.51
367260.8 16528.91
367305.7 16703.68
367327.8 17447.17
366696.9 26662.13
366687 26728.25
370966 44042.33
374752 54072.02
374934.2 54555.37
375301.7 55530.2
380427.7 61436.42
382034.8 61902.08
383334.5 61624.75
383352.3 61620.93
389005.3 57203.37
390314.0 54835.16
391885.0 51369.94
392045.2 50469.66
391011 44817.62
393950.0 45040.76
404038.3 49739.42
404394.8 50587.43
403919.4 59676.01
403205.4 60904.5
401475.2 62522.52
400626.2 63357.7
399941.9 64696.8
399765.3 66244.97
399945.6 67195.38
405613.7 68528.49
405640.1 77915.81
407752.6 80884.37
410470.2 84786.09
423984.7 96684.12
430536.8 102190.0
431549 102778.7
432378.2 102882.8
433312.2 102651.6
435254.3 101071.4
435757.1 100335.9
438698.4 95162.66
458219.3 106528.7
467744.1 116643
476018.5 123884.0
486093.9 136374.9
487761.5 151136.8
494847.5 170933.2
497511.3 184681.1
499022.1 187954.5
505117.8 210904.8
501111.1 231852.9
513794.2 237952.0
513616.2 220024.7
513576.8 211307.8
513181.1 184750.1
512999.3 168844.3
512922.9 162850.7
512608.7 136093.0
521006 135978.5
564311.1 135612.0
