ID 54029
513794.2 237952.0
513616.2 220024.7
513576.8 211307.8
505117.8 210904.8
501111.1 231852.9
513794.2 237952.0
ID 54009
513576.8 211307.8
513181.1 184750.1
499022.1 187954.5
505117.8 210904.8
513576.8 211307.8
ID 54069
499022.1 187954.5
513181.1 184750.1
512999.3 168844.3
494847.5 170933.2
497511.3 184681.1
499022.1 187954.5
ID 54051
512999.3 168844.3
512922.9 162850.7
512608.7 136093.0
486093.9 136374.9
487761.5 151136.8
494847.5 170933.2
512999.3 168844.3
ID 54065
700147.7 126721.6
704484.7 125099.1
705509 125021.1
709456.8 129920.3
712264.2 132957.7
712972.3 133506.3
713497 133609.2
716348.8 133034.9
719420 132163.1
722298.2 130492.6
725666 127108.5
726808.1 125311
716900.8 122315.6
716609.2 121829.3
713411 111849.3
709504.2 99716.56
699206 107880.2
688682.5 113389.8
700147.7 126721.6
ID 54003
726808.1 125311
744047.9 111693.4
742236.8 106736.8
741224.8 105327.5
735505.5 99342.53
733705.8 98568.64
732964.1 97530.46
727244.5 88163.07
726972 87569.58
726609.7 85895.41
709504.2 99716.56
713411 111849.3
716609.2 121829.3
716900.8 122315.6
726808.1 125311
ID 54037
744047.9 111693.4
753562.3 92680.8
744544 71544.24
726609.7 85895.41
726972 87569.58
727244.5 88163.07
732964.1 97530.46
733705.8 98568.64
735505.5 99342.53
741224.8 105327.5
742236.8 106736.8
744047.9 111693.4
ID 54077
602000.9 135561.4
601133.8 78373.63
601107.9 77146.34
599337.5 79514.15
583839 85655.39
573257.6 81146.75
565898.4 88829.47
566022.2 103940.6
565609.8 109088.4
575164 124799
577377 132906.6
577385.2 135560.8
602000.9 135561.4
ID 54057
672412 115262.2
644901.6 82018.62
617880.4 92318.82
636935.8 108214.9
645709 104662.2
662922.2 120986.2
672412 115262.2
ID 54061
577385.2 135560.8
577377 132906.6
575164 124799
565609.8 109088.4
566022.2 103940.6
562224 105833.5
553125.7 112996.9
549588.5 117351.0
543880.4 123480.5
527228.5 123757.1
523106 126648.5
521006 135978.5
564311.1 135612.0
577385.2 135560.8
ID 54027
672412 115262.2
688682.5 113389.8
699206 107880.2
698052.1 95849.27
694124.9 75172.08
693485.5 73462.7
691698.1 70720.2
689955.1 68613.14
686916.1 66565.39
685811.6 65821.69
683168.7 68740.81
681163.8 70525.04
678079.9 71344.18
677260.6 70947.64
671783.3 71043.07
664310.2 73181.44
651916 77759.88
644901.6 82018.62
672412 115262.2
ID 54103
521006 135978.5
523106 126648.5
514464.6 108115.1
510072.8 103670.7
503722.3 106107.0
476018.5 123884.0
486093.9 136374.9
512608.7 136093.0
521006 135978.5
ID 54049
523106 126648.5
527228.5 123757.1
543880.4 123480.5
549588.5 117351.0
553125.7 112996.9
562224 105833.5
539948.5 99385.17
514464.6 108115.1
523106 126648.5
ID 54095
476018.5 123884.0
503722.3 106107.0
480207.9 89106.29
470041.6 95557.33
458219.3 106528.7
467744.1 116643
476018.5 123884.0
ID 54091
562224 105833.5
566022.2 103940.6
565898.4 88829.47
542473.3 82619.22
539948.5 99385.17
562224 105833.5
ID 54023
617880.4 92318.82
644901.6 82018.62
644221.8 80950.6
640353.4 72499.64
635527.2 59831.49
636151.9 55826.78
636591.9 44272.2
631761.7 34852.88
613013.4 50802.39
612336.1 51578.4
614732.1 54112.72
616257.4 57653.05
616980.4 60740.72
617466 63655.74
614620.1 72197.74
609263 77240.6
601107.9 77146.34
601133.8 78373.63
617880.4 92318.82
ID 54033
514464.6 108115.1
539948.5 99385.17
542473.3 82619.22
537109.7 68284.86
530793.6 67350.92
505275.2 74633.81
510072.8 103670.7
514464.6 108115.1
ID 54031
644901.6 82018.62
651916 77759.88
664310.2 73181.44
671783.3 71043.07
677260.6 70947.64
678079.9 71344.18
681163.8 70525.04
683168.7 68740.81
685811.6 65821.69
682735.5 62239.35
681904.8 58123.71
681615.8 57400.92
677858.4 51968.34
668439.3 45837.24
668162 45945.96
667912.4 46509.62
667664 47158.28
662535.7 43802.95
662044.8 43284.48
661775.7 43000.32
660052.2 39773.06
654821.6 29389.32
638484 29116.53
631761.7 34852.88
636591.9 44272.2
636151.9 55826.78
635527.2 59831.49
640353.4 72499.64
644221.8 80950.6
644901.6 82018.62
ID 54017
503722.3 106107.0
510072.8 103670.7
505275.2 74633.81
493743.1 66856.95
486443.7 68483.7
480207.9 89106.29
503722.3 106107.0
ID 54001
573257.6 81146.75
571885 68415.47
569757.1 66103.22
569304.4 65383.39
566679.8 56590.7
566042.5 53451.69
565635.8 52624.62
549276 49815.68
537109.7 68284.86
542473.3 82619.22
565898.4 88829.47
573257.6 81146.75
ID 54093
573257.6 81146.75
583839 85655.39
599337.5 79514.15
601107.9 77146.34
609263 77240.6
614620.1 72197.74
617466 63655.74
616980.4 60740.72
616257.4 57653.05
614732.1 54112.72
612336.1 51578.4
600418.3 52995.63
575569 59988.22
571885 68415.47
573257.6 81146.75
ID 54073
470041.6 95557.33
463488.9 93306.51
451852.3 91081.9
451210.2 90439.08
450596.9 89051.82
449901.5 86750.47
438698.4 95162.66
458219.3 106528.7
470041.6 95557.33
ID 54107
438698.4 95162.66
449901.5 86750.47
444690.3 77643.74
419775.2 60502.86
405613.7 68528.49
405640.1 77915.81
407752.6 80884.37
410470.2 84786.09
423984.7 96684.12
430536.8 102190.0
431549 102778.7
432378.2 102882.8
433312.2 102651.6
435254.3 101071.4
435757.1 100335.9
438698.4 95162.66
ID 54085
470041.6 95557.33
480207.9 89106.29
486443.7 68483.7
467171.6 57706.45
456058.6 60238.51
444690.3 77643.74
449901.5 86750.47
450596.9 89051.82
451210.2 90439.08
451852.3 91081.9
463488.9 93306.51
470041.6 95557.33
ID 54083
612336.1 51578.4
613013.4 50802.39
604261.1 45908.1
599117.1 41499.66
596650.9 38070.04
596607.4 37903.53
597639.8 34872.41
598262.4 34474.36
599376.8 33229.03
599481 32607.44
599081.2 31142.06
597020.4 27501.22
591186.9 19989.85
588965.4 18238.7
588941.4 19870.59
577854.1 26011
576038.7 26660.26
575542.3 26406.46
571052.4 16163.81
570444.7 14323.28
568331.4 5706.069
553873.4 -4397.778
544244.9 -4330.793
534855.8 -12113.39
540353 3045.411
532133 21928.59
535938.4 27325.18
545565.5 27484.74
548046.4 37980.13
549276 49815.68
565635.8 52624.62
566042.5 53451.69
566679.8 56590.7
569304.4 65383.39
569757.1 66103.22
571885 68415.47
575569 59988.22
600418.3 52995.63
612336.1 51578.4
ID 54041
505275.2 74633.81
530793.6 67350.92
530322.9 62644.66
528684.1 50840.54
526448.8 46494.22
524254.6 43414.65
523664.3 43401.98
523292.4 43138.96
523027.4 41990.28
520945.8 30183.26
522352.3 25612.89
516765.9 27002.81
517340.1 28203.31
517448.8 30289.62
515443.3 37452.75
510717.2 40573.1
505945.4 40416.04
505129.1 41665.84
504080.1 45460.06
493743.1 66856.95
505275.2 74633.81
ID 54097
530793.6 67350.92
537109.7 68284.86
549276 49815.68
548046.4 37980.13
545565.5 27484.74
535938.4 27325.18
532133 21928.59
522352.3 25612.89
520945.8 30183.26
523027.4 41990.28
523292.4 43138.96
523664.3 43401.98
524254.6 43414.65
526448.8 46494.22
528684.1 50840.54
530322.9 62644.66
530793.6 67350.92
ID 54071
613013.4 50802.39
631761.7 34852.88
638484 29116.53
623881.2 -2298.934
616398.3 -9766.524
602039.4 -4748.326
598127.9 3765.81
596785.6 5653.473
595164.6 6686.788
587010.9 10170.75
588965.4 18238.7
591186.9 19989.85
597020.4 27501.22
599081.2 31142.06
599481 32607.44
599376.8 33229.03
598262.4 34474.36
597639.8 34872.41
596607.4 37903.53
596650.9 38070.04
599117.1 41499.66
604261.1 45908.1
613013.4 50802.39
ID 54105
444690.3 77643.74
456058.6 60238.51
445791.2 47590.17
440042 45563.93
433928 48478.08
426324.5 48307.33
419775.2 60502.86
444690.3 77643.74
ID 54021
486443.7 68483.7
493743.1 66856.95
504080.1 45460.06
503818.6 45554.65
502854.7 45299.04
498293.5 43885.82
495712.5 42757.82
480533.3 31910.17
470852.3 25258.17
469546.5 39547.62
469692.2 52268.38
469368 53066.13
467171.6 57706.45
486443.7 68483.7
ID 54013
467171.6 57706.45
469368 53066.13
469692.2 52268.38
469546.5 39547.62
470852.3 25258.17
466694.1 19769.78
462056.7 13648.11
455601.6 17324.33
450783.1 34557.99
450609 39602.61
445791.2 47590.17
456058.6 60238.51
467171.6 57706.45
ID 54035
419775.2 60502.86
426324.5 48307.33
423874.2 14499.33
408743.4 16373.91
402236.5 22578.83
400781.8 28419.43
391468.7 43124.42
390833.5 44545.85
391011 44817.62
393950.0 45040.76
404038.3 49739.42
404394.8 50587.43
403919.4 59676.01
403205.4 60904.5
401475.2 62522.52
400626.2 63357.7
399941.9 64696.8
399765.3 66244.97
399945.6 67195.38
405613.7 68528.49
419775.2 60502.86
ID 54007
504080.1 45460.06
505129.1 41665.84
505945.4 40416.04
510717.2 40573.1
515443.3 37452.75
517448.8 30289.62
517340.1 28203.31
516765.9 27002.81
499641.1 3594.823
479512.2 1708.397
466694.1 19769.78
470852.3 25258.17
480533.3 31910.17
495712.5 42757.82
498293.5 43885.82
502854.7 45299.04
503818.6 45554.65
504080.1 45460.06
ID 54053
391011 44817.62
390833.5 44545.85
391468.7 43124.42
400781.8 28419.43
402236.5 22578.83
386251.7 20391.89
376629.2 15176.93
377029.5 345.2332
363129.9 13763.39
364785.7 13831.86
365324.3 13854.21
365560.8 14003.84
366073.9 14328.68
366377.8 14521.08
366801.7 14997.13
367000.0 15513.24
367163.2 16148.51
367260.8 16528.91
367305.7 16703.68
367327.8 17447.17
366696.9 26662.13
366687 26728.25
370966 44042.33
374752 54072.02
374934.2 54555.37
375301.7 55530.2
380427.7 61436.42
382034.8 61902.08
383334.5 61624.75
383352.3 61620.93
389005.3 57203.37
390314.0 54835.16
391885.0 51369.94
392045.2 50469.66
391011 44817.62
ID 54075
588965.4 18238.7
587010.9 10170.75
585246.9 1232.337
583449.9 -6365.037
579752.9 -13946.78
572994.1 -21111.29
572898.5 -21485.16
572869.6 -21598.48
574213.2 -26065.62
559633.5 -48337.55
546719.5 -49132.72
541250.1 -51283.94
537591.6 -51138.37
532858.7 -50050.21
524272.1 -42455.05
524675.5 -30077.11
525491.2 -16817.64
527403 -17896.97
534855.8 -12113.39
544244.9 -4330.793
553873.4 -4397.778
568331.4 5706.069
570444.7 14323.28
571052.4 16163.81
575542.3 26406.46
576038.7 26660.26
577854.1 26011
588941.4 19870.59
588965.4 18238.7
ID 54087
426324.5 48307.33
433928 48478.08
440042 45563.93
445791.2 47590.17
450609 39602.61
450783.1 34557.99
455601.6 17324.33
462056.7 13648.11
452264.9 4460.94
449967.8 4971.749
428598.9 7225.936
423874.2 14499.33
426324.5 48307.33
ID 54101
516765.9 27002.81
522352.3 25612.89
532133 21928.59
540353 3045.411
534855.8 -12113.39
527403 -17896.97
525491.2 -16817.64
524675.5 -30077.11
518026.7 -25404.03
503012.9 -15095.51
499711.8 -8242.35
497428.1 682.7473
499641.1 3594.823
516765.9 27002.81
ID 54015
462056.7 13648.11
466694.1 19769.78
479512.2 1708.397
484371.3 226.1849
485031.5 -1537.956
476723.3 -8492.322
448446.1 -24772.60
446673.6 -12369.30
444313.4 -1561.687
452264.9 4460.94
462056.7 13648.11
ID 54079
408743.4 16373.91
403538.7 11361.79
390318.4 -8459.457
388792.8 -16523.41
377412.2 -10792.88
377029.5 345.2332
376629.2 15176.93
386251.7 20391.89
402236.5 22578.83
408743.4 16373.91
ID 54067
499641.1 3594.823
497428.1 682.7473
499711.8 -8242.35
503012.9 -15095.51
518026.7 -25404.03
509523.8 -32943.16
495522.6 -44649.05
493636.2 -46009.95
478782.1 -43100.29
473471.7 -32989.48
471290.9 -30513.07
470021.2 -29719.45
465039.3 -29193.62
462902.6 -30802.01
462731.6 -32282.03
462326.9 -32545.69
461705 -32435.06
455123.1 -29075.66
448414.1 -24811.3
448446.1 -24772.60
476723.3 -8492.322
485031.5 -1537.956
484371.3 226.1849
479512.2 1708.397
499641.1 3594.823
ID 54039
408743.4 16373.91
423874.2 14499.33
428598.9 7225.936
449967.8 4971.749
452264.9 4460.94
444313.4 -1561.687
446673.6 -12369.30
448446.1 -24772.60
448414.1 -24811.3
434686.5 -57212.74
428068.9 -55050.3
427218.4 -50983.8
422522.4 -40653.49
409454.4 -28590.11
407692.3 -28164.52
405354.2 -28385.22
395606.0 -29594.35
388792.8 -16523.41
390318.4 -8459.457
403538.7 11361.79
408743.4 16373.91
ID 54011
363129.9 13763.39
377029.5 345.2332
377412.2 -10792.88
357895.7 -26339.47
337404 -5586.163
352004.4 -2634.906
352916.2 -2269.148
353485.8 -1757.465
353833.6 -1185.466
354122.1 -464.7391
354429.4 302.9226
356223.9 7972.446
356279.2 8209.097
357183.8 12955.77
363129.9 13763.39
ID 54025
524675.5 -30077.11
524272.1 -42455.05
532858.7 -50050.21
537591.6 -51138.37
541250.1 -51283.94
546719.5 -49132.72
559633.5 -48337.55
551231.8 -60674.17
529747.2 -89426.46
497402.7 -84641.29
485016.6 -69232.55
478782.1 -43100.29
493636.2 -46009.95
495522.6 -44649.05
509523.8 -32943.16
518026.7 -25404.03
524675.5 -30077.11
ID 54043
377412.2 -10792.88
388792.8 -16523.41
395606.0 -29594.35
386376.9 -49805.67
363544.3 -54772.61
353268.9 -57917.18
361336.9 -49676.69
359974.8 -43248.14
357565.7 -39671.5
357282.5 -39052.37
356645.9 -29332.61
357895.7 -26339.47
377412.2 -10792.88
ID 54099
337404 -5586.163
357895.7 -26339.47
356645.9 -29332.61
357282.5 -39052.37
357565.7 -39671.5
359974.8 -43248.14
361336.9 -49676.69
353268.9 -57917.18
344008.5 -66847.39
336497.6 -57167.85
339452.2 -53782.83
339508.9 -53428.55
339550.9 -53166.4
339522.9 -53100.7
339444.2 -52915.71
339438.5 -52902.39
328119.7 -37787.86
327905 -37673.68
326298.1 -37074.84
325013.4 -35405.73
325001.8 -35347.6
324594.8 -33311.43
324395.7 -32314.85
324410.9 -32279.79
328258.3 -23359.92
329849.2 -4028.901
337404 -5586.163
ID 54019
478782.1 -43100.29
485016.6 -69232.55
472713.6 -74573.9
461367.5 -69837.78
442041.1 -66225.58
441574.7 -65783.11
434686.5 -57212.74
448414.1 -24811.3
455123.1 -29075.66
461705 -32435.06
462326.9 -32545.69
462731.6 -32282.03
462902.6 -30802.01
465039.3 -29193.62
470021.2 -29719.45
471290.9 -30513.07
473471.7 -32989.48
478782.1 -43100.29
ID 54005
428068.9 -55050.3
422520.5 -76707.14
414294.2 -76796.29
413407.2 -75531.41
409954.9 -71750.63
399350.1 -60548.35
396054.1 -58728.74
392417.7 -58525.46
382290.5 -54476.43
382057.1 -54014.57
382152.5 -53435.28
383771.1 -51776.34
386376.9 -49805.67
395606.0 -29594.35
405354.2 -28385.22
407692.3 -28164.52
409454.4 -28590.11
422522.4 -40653.49
427218.4 -50983.8
428068.9 -55050.3
ID 54081
428068.9 -55050.3
434686.5 -57212.74
441574.7 -65783.11
442041.1 -66225.58
461367.5 -69837.78
472713.6 -74573.9
473397.6 -74829.42
474350.1 -75642.98
477080.7 -79589.14
478412 -88769.07
478419.1 -89491.73
478254.1 -89815.5
477004.9 -90471.46
476491.3 -90251.24
476673.4 -89030.97
475950.4 -88010.48
473313.1 -86389.6
472429 -86083.77
469735.4 -86102.92
461482.1 -94221.34
460969.9 -95147.89
459113.8 -99958.47
447657.8 -108418.5
437454.6 -95487.3
430036.7 -81521.34
427546.7 -77828.97
422520.5 -76707.14
428068.9 -55050.3
ID 54045
386376.9 -49805.67
383771.1 -51776.34
382152.5 -53435.28
382057.1 -54014.57
382290.5 -54476.43
392417.7 -58525.46
396054.1 -58728.74
399350.1 -60548.35
409954.9 -71750.63
413407.2 -75531.41
414294.2 -76796.29
403032.8 -79445.48
401622.6 -81881.77
405757.6 -86288.45
401562.6 -88506.11
396714.8 -90605.05
390447.6 -89142.17
384722.9 -88588.96
381560.1 -89349.7
379239.0 -89920.74
370292.5 -79884.74
367032.4 -69919.35
362932 -56096.37
363544.3 -54772.61
386376.9 -49805.67
ID 54089
485016.6 -69232.55
497402.7 -84641.29
497634.1 -86546.98
496697 -88377.56
487660.9 -103753.8
479695.9 -118103.4
479592.4 -117946.4
459113.8 -99958.47
460969.9 -95147.89
461482.1 -94221.34
469735.4 -86102.92
472429 -86083.77
473313.1 -86389.6
475950.4 -88010.48
476673.4 -89030.97
476491.3 -90251.24
477004.9 -90471.46
478254.1 -89815.5
478419.1 -89491.73
478412 -88769.07
477080.7 -79589.14
474350.1 -75642.98
473397.6 -74829.42
472713.6 -74573.9
485016.6 -69232.55
ID 54059
353268.9 -57917.18
363544.3 -54772.61
362932 -56096.37
367032.4 -69919.35
370292.5 -79884.74
379239.0 -89920.74
381560.1 -89349.7
384722.9 -88588.96
390447.6 -89142.17
396714.8 -90605.05
391712.3 -102872.5
385244 -106787.6
381747.3 -103839.4
378199.5 -104234.4
374634.4 -104387.3
368742.6 -101068.1
368709.4 -101049.5
353207.1 -86396.41
350842.6 -80931.16
350801.6 -80372.55
350827.6 -80300.25
344008.5 -66847.39
353268.9 -57917.18
ID 54063
497402.7 -84641.29
529747.2 -89426.46
536321.7 -96591.08
530290.6 -101627.5
526572.6 -106671.1
527906.4 -110600.1
527907.7 -110603.8
516490.3 -117468.7
513587.4 -119123.4
510490.9 -112567.0
500576.4 -117821.0
499573.3 -118325.2
487426.2 -124414.9
479695.9 -118103.4
487660.9 -103753.8
496697 -88377.56
497634.1 -86546.98
497402.7 -84641.29
ID 54109
414294.2 -76796.29
422520.5 -76707.14
427546.7 -77828.97
430036.7 -81521.34
437454.6 -95487.3
447657.8 -108418.5
439586.3 -117802.2
426866.9 -112489
414010.6 -109624.3
402849 -109075.2
395378 -107533.7
391712.3 -102872.5
396714.8 -90605.05
401562.6 -88506.11
405757.6 -86288.45
401622.6 -81881.77
403032.8 -79445.48
414294.2 -76796.29
ID 54055
459113.8 -99958.47
479592.4 -117946.4
468703 -132941.1
446806.4 -139010.3
434874.1 -127350.5
439586.3 -117802.2
447657.8 -108418.5
459113.8 -99958.47
ID 54047
391712.3 -102872.5
395378 -107533.7
402849 -109075.2
414010.6 -109624.3
426866.9 -112489
439586.3 -117802.2
434874.1 -127350.5
430531.5 -133130.5
421745.6 -138608.9
421659 -138662.8
417240.8 -141407.0
416944.2 -141515.1
406454.3 -141733.8
401279.4 -137354.2
392078.5 -132136.9
391150.3 -131486.4
391129 -131471.5
384976.8 -123978.9
379391.2 -112315.7
379058.7 -110552.3
379402 -109865.9
383927.9 -107115.6
385244 -106787.6
391712.3 -102872.5
