ID 56
146165.6 604045.9
172288.5 603498.9
181089.0 604051
187691.1 603801.3
205634.1 603065.4
247379.2 602275.2
262051.2 601310.7
263687.0 601277
274062.8 601090
298453.9 600716.8
327779.2 600212.4
354457.8 600132.1
378359 600004.3
415701.6 599895.8
419925.2 599538.9
435052.5 599503.3
484350 599730.8
503177.4 599996
511513.5 600590
517100.6 600981.8
576914.6 602353.4
580935.5 602465.7
658269 604801.9
660324.8 557406.8
662173.6 514021.9
662341.9 509654.9
663570 477697.1
665135.8 438765.3
665247 435958.7
667462.3 382943.3
669174.3 339728.6
671794.1 271976.5
673074.1 238234.7
673663.7 223386.4
674405.9 204396.4
675968.6 160862.8
601081.1 158072.2
572997.6 157355.1
496144.7 155934.3
485155.4 155917.2
440047.8 155972.3
401307.2 155849.6
350778 155912.1
322826.0 155939.1
255569.0 157014.1
242335.8 157375.1
202863.7 157988.1
199582.5 158054.2
187809.9 158320.8
175646.7 158650.8
175573.5 158655.4
171553.1 158751.7
133487.8 159772.7
87552.35 161941.8
88770 190128.8
90347.33 226578.4
92349.61 273427.8
94866.62 330268.5
97518.4 386569
98938.56 419420.6
99808.63 440008.1
101979.8 493618.5
104380.2 548143.7
104836.4 569523.6
107428.9 606718.3
120717.4 606206.9
130553.2 605321.6
134114.2 604546.2
145961.7 604054.2
146165.6 604045.9
