ID 56019
414917.9 507172.9
415022 524766.2
412980.5 532080.6
410248.5 538266.2
397117.2 550953.9
471855.1 551011.1
471850.1 551466.5
491659.3 552039
505148.3 552266
504888.4 542868.4
504933.9 531256.4
505281.8 510139.9
505437.3 509016.2
505720 508457.9
505996.9 499361.2
506390.4 475932.6
505839.8 469757.6
506084.4 447922.7
506433.8 433481.6
501525 433350.4
460347.8 432550.1
417989.2 432374.6
418001.9 433255.0
416549.2 468322.5
416375.4 507179.2
414917.9 507172.9
ID 56043
302491.2 498292.2
302653.2 508186.4
396617.5 507403
414917.9 507172.9
416375.4 507179.2
416549.2 468322.5
418001.9 433255.0
383699.6 433370.2
378830.6 433387.6
378877.1 449500
369182.5 459194.1
351739.2 459310
349827.7 462865.6
345003.6 468816.4
332297.3 468980.3
321493.0 472171.5
311938.3 478595.9
312269.6 488448.1
307337.8 498262
302491.2 498292.2
ID 56013
378830.6 433387.6
383699.6 433370.2
385137.4 430178.0
385192.6 410992.1
385077.8 391884.8
386236.9 390009.5
386246 353391
383960.6 340547.5
382828.9 314843
384400.6 314839.3
384374.4 295668.0
258874.6 297281.8
259259.6 316160.5
257462.2 345075.9
252693.6 350062.4
237690.4 363926.2
219085.5 381437.3
211215.3 400051.8
209645.3 404232.1
209289.9 408622.9
209541.9 411008.6
210251.4 413734.6
210260.6 414608.3
208652.0 420948.7
204056.7 431959.8
180039.5 432877.4
181891.6 493238.6
188217.9 487205.3
197546.5 473720.5
211991.4 476792.9
213558.3 481049.1
214615.7 482761.8
221888.4 486763.8
222719.1 486828.3
226825.3 485075.3
228415.7 484171.5
232919.2 480770.6
240040.3 471683.9
240734.1 469910.7
246858.1 464276.3
251837.3 456979.7
251657.8 448930.6
261642.0 447912.7
270794.1 447683.1
280441.3 445958.4
286803.8 442051
289932.1 437683.5
299495 434311.3
318708.1 429219.4
325765.1 429112.4
330860.1 429471.9
333414.2 430265
378818.1 430150.5
378830.6 433387.6
ID 56017
302491.2 498292.2
307337.8 498262
312269.6 488448.1
311938.3 478595.9
321493.0 472171.5
332297.3 468980.3
345003.6 468816.4
349827.7 462865.6
351739.2 459310
369182.5 459194.1
378877.1 449500
378830.6 433387.6
378818.1 430150.5
333414.2 430265
330860.1 429471.9
325765.1 429112.4
318708.1 429219.4
299495 434311.3
289932.1 437683.5
286803.8 442051
280441.3 445958.4
270794.1 447683.1
261642.0 447912.7
251657.8 448930.6
251837.3 456979.7
246858.1 464276.3
240734.1 469910.7
243991.9 470147.8
258504.2 469832.6
258655.3 479641.4
273123.2 479379.9
273049.4 488951.1
283147.1 498630.2
302491.2 498292.2
ID 56025
383699.6 433370.2
418001.9 433255.0
417989.2 432374.6
460347.8 432550.1
501525 433350.4
501920.1 428834.4
502331.7 406199
502694.7 377743.1
503042.5 344569.8
503467.9 315461.6
455834.2 314682.6
431060.8 314789.3
384400.6 314839.3
382828.9 314843
383960.6 340547.5
386246 353391
386236.9 390009.5
385077.8 391884.8
385192.6 410992.1
385137.4 430178.0
383699.6 433370.2
ID 56009
506433.8 433481.6
582254.4 435494.1
596796.7 436036.7
597438.6 419921.5
598885.8 368843.1
599639 356425.2
600283.2 337103.0
583661.3 336597.6
567955.4 335899.1
568637.3 316529.1
564628.4 316400.6
563105.8 313451.3
562375.1 310258.9
562560 305507.5
561458.6 300659.8
551185 300410.9
542978.1 301080.9
541771.3 301825.6
541542.1 309930.7
544755.6 309983.1
546290.9 313230.6
546246.1 315933.4
503669.4 315466.6
503467.9 315461.6
503042.5 344569.8
502694.7 377743.1
502331.7 406199
501920.1 428834.4
501525 433350.4
506433.8 433481.6
ID 56031
600283.2 337103.0
619712.6 337749.8
623238.9 231511.1
571172.2 230485.7
571480.5 239980.8
570858.8 265452.9
570393.7 278496.4
568637.3 316529.1
567955.4 335899.1
583661.3 336597.6
600283.2 337103.0
ID 56029
205634.1 603065.4
247379.2 602275.2
262051.2 601310.7
263687.0 601277
274062.8 601090
298453.9 600716.8
298293.7 586389
300454.2 583213.1
300589.8 559326.2
301417.6 547364.9
300795.0 508215.6
302653.2 508186.4
302491.2 498292.2
283147.1 498630.2
273049.4 488951.1
273123.2 479379.9
258655.3 479641.4
258504.2 469832.6
243991.9 470147.8
240734.1 469910.7
240040.3 471683.9
232919.2 480770.6
228415.7 484171.5
226825.3 485075.3
222719.1 486828.3
221888.4 486763.8
214615.7 482761.8
213558.3 481049.1
211991.4 476792.9
197546.5 473720.5
188217.9 487205.3
181891.6 493238.6
182334.8 507084.2
177580.9 514771.3
171044.6 528598
166922.7 538332.3
165811.6 548751.8
165958.3 550331.5
164973.6 553255
164001.7 554298
158427.9 558032.4
135193.2 558916
135575.5 568194.3
104836.4 569523.6
107428.9 606718.3
120717.4 606206.9
130553.2 605321.6
134114.2 604546.2
145961.7 604054.2
146165.6 604045.9
172288.5 603498.9
181089.0 604051
187691.1 603801.3
205634.1 603065.4
ID 56003
298453.9 600716.8
327779.2 600212.4
354457.8 600132.1
356164.2 599000
356757.8 598394.9
359143 589185.2
362057.5 576564.4
368192.5 568260.9
372239.9 565667.4
374423.6 564891.2
375756.5 565598.5
377899.6 566336.8
382527 564188.8
395695.9 554914
396611.7 553312.2
397117.2 550953.9
410248.5 538266.2
412980.5 532080.6
415022 524766.2
414917.9 507172.9
396617.5 507403
302653.2 508186.4
300795.0 508215.6
301417.6 547364.9
300589.8 559326.2
300454.2 583213.1
298293.7 586389
298453.9 600716.8
ID 56033
484350 599730.8
503177.4 599996
503536.6 586122.4
504396.8 572927.6
504950.5 559991.7
505148.3 552266
491659.3 552039
471850.1 551466.5
471855.1 551011.1
397117.2 550953.9
396611.7 553312.2
395695.9 554914
382527 564188.8
377899.6 566336.8
375756.5 565598.5
374423.6 564891.2
372239.9 565667.4
368192.5 568260.9
362057.5 576564.4
359143 589185.2
356757.8 598394.9
356164.2 599000
354457.8 600132.1
378359 600004.3
415701.6 599895.8
419925.2 599538.9
435052.5 599503.3
484350 599730.8
ID 56039
104836.4 569523.6
135575.5 568194.3
135193.2 558916
158427.9 558032.4
164001.7 554298
164973.6 553255
165958.3 550331.5
165811.6 548751.8
166922.7 538332.3
171044.6 528598
177580.9 514771.3
182334.8 507084.2
181891.6 493238.6
180039.5 432877.4
179258.9 423225.1
156008.3 424041.6
155681.2 414402.4
136658.5 415168.1
136392.5 408901.1
117275.1 409665.5
117569.2 416817.3
108408.4 419032.6
98938.56 419420.6
99808.63 440008.1
101979.8 493618.5
104380.2 548143.7
104836.4 569523.6
ID 56005
503177.4 599996
511513.5 600590
517100.6 600981.8
576914.6 602353.4
577279.8 589042.5
577962.8 575291.9
579705.5 515278.6
580011.4 510788.6
580243.3 510795.7
582254.4 435494.1
506433.8 433481.6
506084.4 447922.7
505839.8 469757.6
506390.4 475932.6
505996.9 499361.2
505720 508457.9
505437.3 509016.2
505281.8 510139.9
504933.9 531256.4
504888.4 542868.4
505148.3 552266
504950.5 559991.7
504396.8 572927.6
503536.6 586122.4
503177.4 599996
ID 56011
576914.6 602353.4
580935.5 602465.7
658269 604801.9
660324.8 557406.8
662173.6 514021.9
634485.9 513082.7
580243.3 510795.7
580011.4 510788.6
579705.5 515278.6
577962.8 575291.9
577279.8 589042.5
576914.6 602353.4
ID 56045
580243.3 510795.7
634485.9 513082.7
662173.6 514021.9
662341.9 509654.9
663570 477697.1
665135.8 438765.3
596796.7 436036.7
582254.4 435494.1
580243.3 510795.7
ID 56035
180039.5 432877.4
204056.7 431959.8
208652.0 420948.7
210260.6 414608.3
210251.4 413734.6
209541.9 411008.6
209289.9 408622.9
209645.3 404232.1
211215.3 400051.8
219085.5 381437.3
237690.4 363926.2
252693.6 350062.4
257462.2 345075.9
259259.6 316160.5
258874.6 297281.8
221183.1 298126.1
200562.0 298921.8
175578.7 300234
154211.5 301482.9
135351.0 302385.7
132078.3 321527.9
133202.5 350596.2
133696 358264.7
135928.9 396800.1
136392.5 408901.1
136658.5 415168.1
155681.2 414402.4
156008.3 424041.6
179258.9 423225.1
180039.5 432877.4
ID 56023
98938.56 419420.6
108408.4 419032.6
117569.2 416817.3
117275.1 409665.5
136392.5 408901.1
135928.9 396800.1
133696 358264.7
133202.5 350596.2
132078.3 321527.9
135351.0 302385.7
154211.5 301482.9
175578.7 300234
175065.9 284038.2
175143.6 267649
173609.7 223209.3
90347.33 226578.4
92349.61 273427.8
94866.62 330268.5
97518.4 386569
98938.56 419420.6
ID 56027
665135.8 438765.3
665247 435958.7
667462.3 382943.3
669174.3 339728.6
653652.1 339198.4
633799.4 338217.7
619712.6 337749.8
600283.2 337103.0
599639 356425.2
598885.8 368843.1
597438.6 419921.5
596796.7 436036.7
665135.8 438765.3
ID 56037
175578.7 300234
200562.0 298921.8
221183.1 298126.1
258874.6 297281.8
384374.4 295668.0
384877.7 282797.6
385895.3 276360.9
385679.8 237774.3
385309 228548.3
350328.1 228943.3
350542.2 209610.6
351184.3 199939.2
350778 155912.1
322826.0 155939.1
255569.0 157014.1
242335.8 157375.1
202863.7 157988.1
199582.5 158054.2
187809.9 158320.8
175646.7 158650.8
175573.5 158655.4
171553.1 158751.7
173609.7 223209.3
175143.6 267649
175065.9 284038.2
175578.7 300234
ID 56007
384400.6 314839.3
431060.8 314789.3
455834.2 314682.6
503467.9 315461.6
503669.4 315466.6
504713.8 246587.6
505417.1 209789.4
505781.4 200161.4
494103 199860.3
484499.8 199894.5
484821.2 169685.6
485155.4 155917.2
440047.8 155972.3
401307.2 155849.6
350778 155912.1
351184.3 199939.2
350542.2 209610.6
350328.1 228943.3
385309 228548.3
385679.8 237774.3
385895.3 276360.9
384877.7 282797.6
384374.4 295668.0
384400.6 314839.3
ID 56015
669174.3 339728.6
671794.1 271976.5
673074.1 238234.7
673663.7 223386.4
623570.2 221738.1
623238.9 231511.1
619712.6 337749.8
633799.4 338217.7
653652.1 339198.4
669174.3 339728.6
ID 56001
503669.4 315466.6
546246.1 315933.4
546290.9 313230.6
544755.6 309983.1
541542.1 309930.7
541771.3 301825.6
542978.1 301080.9
551185 300410.9
561458.6 300659.8
562560 305507.5
562375.1 310258.9
563105.8 313451.3
564628.4 316400.6
568637.3 316529.1
570393.7 278496.4
570858.8 265452.9
571480.5 239980.8
571172.2 230485.7
572997.6 157355.1
496144.7 155934.3
485155.4 155917.2
484821.2 169685.6
484499.8 199894.5
494103 199860.3
505781.4 200161.4
505417.1 209789.4
504713.8 246587.6
503669.4 315466.6
ID 56041
90347.33 226578.4
173609.7 223209.3
171553.1 158751.7
133487.8 159772.7
87552.35 161941.8
88770 190128.8
90347.33 226578.4
ID 56021
571172.2 230485.7
623238.9 231511.1
623570.2 221738.1
673663.7 223386.4
674405.9 204396.4
675968.6 160862.8
601081.1 158072.2
572997.6 157355.1
571172.2 230485.7
