ID 22
978975 278819.3
1040269 278191.2
1097155 278364.5
1099456 278370.5
1115415 278427.2
1124663 278428.4
1121377 273630.6
1120278 270190.9
1120400 269281.1
1126577 235396.8
1127073 234097.1
1127199 233899.7
1127443 233514.7
1127558 233334
1127749 233155.5
1128613 232349.9
1128815 232161.4
1131747 231114.8
1132351 229568.7
1129989 222599.4
1130073 220837.9
1130079 220715.4
1130313 220302.2
1130672 219668.4
1130772 219493.3
1140734 208104
1140785 192136.4
1129828 191187.9
1138951 179842.5
1118446 152565.8
1107118 138809
1106092 137192.5
1104504 134693.3
1104457 134619.3
1093462 114725.2
1093230 114293.4
1092846 113582.6
1092798 113493.7
1088145 84785.66
1085414 72927.37
1082429 55702.93
1126431 56116.74
1137509 56234.78
1159873 56603.27
1184590 57055.97
1186451 57088.27
1205593 57521.35
1213964 57724.12
1254412 58795.04
1264699 59079.8
1264700 59069.36
1264765 55625.63
1263346 49798.98
1262274 47719.72
1261710 47659.91
1260902 47574.26
1260670 47375.54
1259225 42218.98
1257492 35174.3
1256067 29393.08
1254687 21533.53
1269805 -1027.276
1269952 -1184.121
1270557 -1829.35
1276015 -14132.48
1276022 -14147.87
1276082 -16190.93
1275099 -18402.68
1274846 -19320.54
1274875 -19920.69
1277665 -25830.46
1278527 -27654.10
1280540 -30173
1281209 -31009.96
1281444 -31177.48
1281769 -31408.28
1282005 -31576.45
1282209 -31571.63
1286643 -31466.09
1277234 -34884.71
1272911 -39609.2
1259680 -47352.6
1255142 -52357.27
1255620 -54802.96
1256463 -57223.55
1257040 -58299.82
1257973 -59007.73
1271407 -66490.33
1274462 -67055.63
1276638 -66870.13
1279016 -65908.93
1280441 -64844.72
1281064 -63096.1
1282442 -56131.74
1282424 -53438.16
1289919 -45792.79
1293321 -44294.44
1297268 -45703.15
1299734 -47843.91
1297601 -48941.13
1296957 -49512.2
1296018 -50367.94
1296011 -52233.99
1296110 -53612.83
1301528 -60022.45
1302576 -60890.57
1307072 -63440.21
1308136 -64041.09
1301225 -74541.5
1297297 -79898.11
1291661 -81790.81
1287416 -79929.58
1277347 -79176.46
1275694 -79608.6
1275934 -82887.47
1276452 -83862.99
1281155 -86705.61
1283404 -87775.48
1285020 -88155.65
1287301 -88093.44
1291863 -92383.85
1292128 -93047.61
1291997 -93459.3
1290230 -92306.79
1287227 -90496.39
1278881 -89774.55
1276959 -90839.63
1273776 -93289.73
1272899 -95949.63
1271549 -105092.9
1271596 -105626.3
1272260 -106431.2
1275036 -108416.2
1292653 -118669.4
1295567 -118609.9
1303079 -118547.5
1322894 -125152.3
1327822 -131808.5
1330260 -135509.2
1334081 -137938.8
1337761 -136453.9
1338476 -136741.1
1339148 -137452.3
1340667 -140883.7
1340673 -140896.7
1340643 -141023.7
1340299 -142497.7
1340278 -142590.4
1338383 -146517.2
1335058 -153272.2
1326041 -158156.4
1319979 -154068.4
1306554 -153881.9
1296340 -141025.5
1296334 -141019.1
1296074 -140737.2
1294827 -139387.9
1294685 -139233.9
1293665 -138452.4
1293637 -138430.4
1293217 -138255.8
1290417 -137091.4
1288342 -136228
1275039 -130721.7
1272932 -130060.5
1272540 -129937.5
1270498 -129402.0
1269709 -129194.9
1269572 -129178.6
1269112 -129124
1267118 -128886.9
1264247 -128544.7
1258979 -123358.6
1260305 -121279.1
1260666 -120504.6
1260715 -119489.9
1260626 -118900.9
1258813 -111344.6
1258731 -111008.8
1258132 -110685.8
1257233 -110201.1
1255982 -110400.5
1254670 -110910.2
1252183 -112319.1
1250592 -114105.6
1249312 -115796.8
1247097 -115933.5
1246194 -115279.0
1244969 -113844.1
1240114 -115253.8
1239709 -127852.3
1233695 -134720.2
1236380 -140512.4
1236459 -140572.8
1239148 -140171.8
1241349 -137886.8
1247119 -133782.9
1247934 -133936.1
1248063 -134262.7
1247988 -134525.6
1247452 -135321.4
1241170 -139648.6
1235713 -144887.6
1234754 -145786.3
1234720 -145818.2
1233653 -146816.7
1233338 -147111.5
1226951 -152009.0
1226618 -152264
1226343 -152399.9
1221861 -154609.8
1210258 -157956.2
1209723 -157883.1
1209709 -157810.8
1209600 -157234.7
1211951 -155916.2
1214030 -155630.8
1215118 -155450.1
1216079 -155034.8
1218479 -153953.2
1218961 -153705.2
1220765 -151836.8
1220705 -149778.6
1216944 -141442.8
1215400 -139137.8
1212445 -134860.7
1210793 -133542.3
1207457 -133922.4
1205484 -136329.3
1203515 -142654.0
1188755 -142026.8
1180513 -150569.5
1181379 -156739.6
1161593 -160379.2
1118823 -138218.1
1116477 -136226.9
1113304 -132620.3
1113504 -131836.9
1118929 -129113.3
1125629 -125609.6
1126573 -124579.9
1126292 -122401.2
1125093 -118933.9
1124549 -117651.4
1124183 -117226.1
1119187 -112876.5
1117029 -112818.0
1112998 -111864.5
1094000 -106986.4
1093343 -103182.3
1092876 -100028.7
1091718 -95777.8
1085039 -84446.16
1083937 -83662.28
1073824 -82984.74
1072373 -83117.53
1060416 -86156.5
1051224 -77026.24
1044926 -79566.58
1042925 -80611.93
1037993 -83723.78
1034427 -86843.03
1033958 -88992.64
1035574 -93045.92
1037625 -97330.64
1039406 -97665.32
1048629 -98283.88
1055932 -95984.22
1058239 -95546.06
1061429 -96129.88
1076417 -103446.3
1076691 -103857.9
1076459 -104607.5
1070799 -111892.9
1069652 -112574.1
1065854 -113592.2
1064208 -113053.4
1045887 -103394.9
1044503 -101763.5
1043988 -101455.5
1038208 -101259.2
1033150 -101794.7
1033100 -101800.0
1027873 -103938
1024070 -106512.6
1021537 -107119.6
1021304 -107175.3
1020680 -107186.6
1018959 -107217.6
1018494 -107225.9
994317.3 -103146.4
988726.2 -102166.3
988584.8 -102125.8
985103 -101126.2
976338.6 -97833.05
968425 -94071.79
964039.1 -91983.51
957347.6 -88519.33
954187.5 -87118.92
954076 -87069.44
943071.2 -83117.22
934496.4 -80697.73
929663 -79886.45
925742.7 -79793.53
905628.4 -80615.77
899505.7 -81218.08
890122.2 -82287.88
885437.5 -82864.8
879780.4 -84000.59
879494.6 -84089.95
878951.3 -84259.83
877438.8 -84732.55
874205.9 -86273.88
872279.1 -87491.22
870423.3 -88961.23
870439.5 -64163.88
882057.9 -49137.56
882901.9 -27681.16
880546.7 -10152.89
880686.2 -10044.42
884436.5 -7126.659
884866.4 -6165.535
884918.3 -5591.569
883815.1 1358.355
881228.3 4665.464
880982.9 4979.376
880995.6 5020.366
882198.2 8880.53
896787.7 34004.81
898747.5 41389.13
899664.7 76502.01
895181.1 75507.1
894421.9 81239.97
893864.7 84908.42
891480.5 97315.7
883178.1 110199.2
873307.5 121214.2
869561 149877.2
856768.9 165080.5
854559.5 189080.7
854842.9 210843
855294.6 244191
855615.8 265031.2
855826.9 280363.8
877168.4 280099.3
878067.2 280085.7
904599 279719.9
907444.1 279674.2
930982.5 279436.5
954333 279227.3
978975 278819.3
ID 22
1080391 55126.86
1080391 55126.86
1077205 57903.69
1080391 55126.86
