ID WA
1 89
7 89
7 91
18.5 91
18.5 77.5
14 77.5
5.5 75.5
5.5 77.5
3 77.5
NA NA
ID ID
18.5 91
21.5 91
21.5 87.5
29.5 72.5
33.5 72.5
33.5 61.5
18.5 61.5
NA NA
ID MT
21.5 91
47.5 91
47.5 75.5
33.5 75.5
33.5 72.5
29.5 72.5
21.5 87.5
NA NA
ID ND
47.5 91
63.5 91
64.5 78.5
47.5 78.5
NA NA
ID SD
47.5 78.5
64.5 78.5
64.5 65.5
60 66.5
47.5 66.5
NA NA
ID MI
82.5 91
93 90
98 84
90.5 84
88.5 80
81 84.5
74.5 84
82.5 91
NA NA
ID MI
94 84
99 79
98 75
101 79
101 71
98 63.5
90 63.5
90 79
94 84
NA NA
ID VT
135.5 89
141 89
138 74.5
135.5 74.5
NA NA
ID NH
141 89
142.5 89
145.5 74.5
138 74.5
NA NA
ID MA
135.5 74.5
145.5 74.5
149 72.5
150 73
152 73
152 66
147.5 65
147.5 69.5
135.5 69.5
NA NA
ID MD
112.5 55.5
126.5 55.5
126.5 48.5
132.5 48.5
127 43.5
118.5 50.5
112.5 50.5
NA NA
ID OH
95.5 63.5
103 63.5
109.5 69
109.5 58.5
103.5 48.5
101 48.5
95.5 51
NA NA
ID PA
109.5 69
112.5 71.5
112.5 69.5
130 69.5
132 67
128.5 64.5
130.5 60
129 58
126.5 55.5
109.5 55.5
NA NA
ID WV
109.5 58.5
109.5 55.5
112.5 55.5
112.5 50.5
118.5 50.5
111.5 44.5
105.5 44.5
103.5 48.5
NA NA
ID IN
86.5 63.5
95.5 63.5
95.5 51
88 46.5
86.5 46
86.5 63.5
NA NA
ID IL
78.5 66.5
84.5 66.5
84.5 63.5
86.5 63.5
86.5 46
83.5 43
77.5 55
77.5 57.5
78.5 59.5
79.5 64
NA NA
ID MO
68 57.5
77.5 57.5
77.5 55
83.5 43
82.5 38.5
79.5 38.5
79.5 40.5
69.5 40.5
69.5 52
NA NA
ID KS
53.5 55.5
68.5 55.5
69.5 52
69.5 43.5
53.5 43.5
NA NA
ID NV
13.5 61.5
26.5 61.5
26.5 39.5
24.5 39.5
13.5 51.5
NA NA
ID CA
1 61.5
13.5 61.5
13.5 51.5
24.5 39.5
24.5 27
20 27
20 29
12 33
1 55
NA NA
ID AZ
26.5 43.5
38.5 43.5
38.5 23
32 23
24.5 27
24.5 39.5
26.5 39.5
NA NA
ID OK
51.5 43.5
69.5 43.5
69.5 30.5
56.5 34.5
56.5 39.5
51.5 39.5
NA NA
ID TX
51.5 39.5
56.5 39.5
56.5 34.5
72.5 29.5
72.5 15
67 9
67 2
61 5
57 14
52 14
42.5 24.5
51.5 24.5
NA NA
ID AL
88.5 34.5
96.5 34.5
98.5 19.5
91.5 19.5
91.5 16
88.5 17
NA NA
ID NC
106 40.5
127.5 40.5
126.5 37
117 29.5
111.5 34.5
100 34.5
NA NA
ID AK
9 23
16 20
16 10
13 12
2 5
7 10
4 12
7 15
4 15
4 17
7 16
5 19
NA NA
ID HI
38 14.5
41 12.5
40 7.5
35 3.5
32 9.5
NA NA
ID HI
35 13.5
36.5 15
34 15.5
33.5 15
NA NA
ID OR
3 77.5
5.5 77.5
5.5 75.5
14 77.5
18.5 77.5
18.5 61.5
1 61.5
1 67
NA NA
ID NJ
132 67
135.5 63
137 62
137 54
132.5 51.5
129 58
130.5 60
128.5 64.5
NA NA
ID NY
130 89
135.5 89
135.5 63
132 67
130 69.5
112.5 69.5
112.5 71.5
115 73
115 77
125 77
125 84
NA NA
ID WY
33.5 75.5
47.5 75.5
47.5 66.5
47.5 58.5
38.5 58.5
33.5 58.5
33.5 61.5
33.5 72.5
NA NA
ID UT
26.5 61.5
33.5 61.5
33.5 58.5
38.5 58.5
38.5 43.5
26.5 43.5
NA NA
ID GA
96.5 34.5
102 34.5
109.5 23.5
108 18.5
98.75 18.5
98.5 19.5
NA NA
ID FL
91.5 19.5
98.5 19.5
98.75 18.5
108 18.5
112 6
109 1
103 5
102 13
100 16
91.5 16
NA NA
ID SC
102 34.5
111.5 34.5
117 29.5
118.5 28.5
109.5 23.5
NA NA
ID VA
118.5 50.5
127 43.5
127.5 43
125 40.5
101 40.5
105.5 44.5
111.5 44.5
NA NA
ID NE
47.5 66.5
60 66.5
64.5 65.5
65.5 64
68 57.5
68.5 55.5
53.5 55.5
53.5 58.5
47.5 58.5
NA NA
ID IA
64.5 70.5
76.75 70.5
78.5 66.5
79.5 64
78.5 59.5
77.5 57.5
68 57.5
65.5 64
64.5 65.5
NA NA
ID ME
147 97
152 93
153 83
145.5 74.5
142.5 89
NA NA
ID MN
63.5 91
82.5 91
74.5 84
74.5 76
76.75 70.5
64.5 70.5
64.5 78.5
NA NA
ID WI
74.5 84
81 84.5
88.5 80
85.5 76
85.5 66.5
84.5 66.5
78.5 66.5
76.75 70.5
74.5 76
NA NA
ID NM
38.5 43.5
51.5 43.5
51.5 39.5
51.5 24.5
42.5 24.5
42.5 23
38.5 23
NA NA
ID AR
69.5 40.5
79.5 40.5
79.5 38.5
82.5 38.5
82 34.5
80.5 27.5
72.5 27.5
72.5 29.5
69.5 30.5
NA NA
ID TN
83 40.5
101 40.5
106 40.5
100 34.5
96.5 34.5
88.5 34.5
82 34.5
82.5 38.5
NA NA
ID KY
95.5 51
101 48.5
103.5 48.5
105.5 44.5
101 40.5
83 40.5
83.5 43
86.5 46
88 46.5
NA NA
ID MS
82 34.5
88.5 34.5
88.5 17
84.5 17
83.5 21.5
79.5 22
80.5 27.5
NA NA
ID LA
72.5 27.5
80.5 27.5
79.5 22
83.5 21.5
84.5 17
85.5 12
72.5 15
NA NA
ID CT
135.5 69.5
142.5 69.5
142.5 64
137 62
135.5 63
NA NA
ID DE
129 58
132.5 51.5
132.5 48.5
126.5 48.5
126.5 55.5
NA NA
ID DC
135 47
140 42
135 36.5
135 40
130.5 43
NA NA
ID CO
38.5 58.5
47.5 58.5
53.5 58.5
53.5 55.5
53.5 43.5
53.5 43.5
38.5 43.5
NA NA
ID RI
142.5 69.5
147.5 69.5
147.5 65
142.5 64
NA NA
